0.000000 0.0000000 0.0000000 0.0000000 0.0000000 0.0000000 0.0000000 1.0000000
0.103760 0.0020766 -0.0009314 0.0525129 0.0012360 0.0219414 0.0002023 0.9997585
0.207590 0.0066325 -0.0021149 0.1046803 0.0037720 0.0445748 0.0023972 0.9989961
0.311605 0.0134314 -0.0031381 0.1562207 0.0059215 0.0675386 0.0024188 0.9976962
0.415086 0.0225466 -0.0043838 0.2076764 0.0071773 0.0907915 0.0014790 0.9958429
0.518869 0.0339633 -0.0058470 0.2585815 0.0073818 0.1141963 0.0028752 0.9934266
0.622688 0.0480086 -0.0075007 0.3094652 0.0081148 0.1374052 0.0033754 0.9904759
0.726432 0.0645602 -0.0089910 0.3590872 0.0099999 0.1600488 0.0053601 0.9870439
0.830171 0.0831954 -0.0106797 0.4078517 0.0112939 0.1822485 0.0065852 0.9831656
0.933953 0.1041530 -0.0122839 0.4564353 0.0118967 0.2047718 0.0069028 0.9787131
1.037695 0.1270709 -0.0137261 0.5037266 0.0116374 0.2275718 0.0072570 0.9736647
1.141483 0.1526063 -0.0154135 0.5498539 0.0115024 0.2505098 0.0074744 0.9680169
1.348871 0.2092526 -0.0191012 0.6377795 0.0117618 0.2960256 0.0083893 0.9550707
1.556375 0.2737963 -0.0226377 0.7184241 0.0128469 0.3400592 0.0098713 0.9402645
1.763837 0.3462015 -0.0259530 0.7938315 0.0134279 0.3833769 0.0119984 0.9234164
1.867714 0.3851627 -0.0276824 0.8290950 0.0143930 0.4049809 0.0122317 0.9141300
2.074937 0.4664360 -0.0309240 0.8932496 0.0160336 0.4473363 0.0136322 0.8941182
2.282428 0.5542673 -0.0340808 0.9502256 0.0200405 0.4883928 0.0151072 0.8722630
2.489649 0.6490346 -0.0368609 1.0000491 0.0215687 0.5265706 0.0176239 0.8496750
2.697006 0.7484109 -0.0393061 1.0419481 0.0238742 0.5598457 0.0192338 0.8280295
2.904387 0.8517376 -0.0420175 1.0770688 0.0229720 0.5889193 0.0213783 0.8075824
3.111717 0.9600579 -0.0446008 1.1058717 0.0224557 0.6159642 0.0204022 0.7871897
3.319074 1.0726526 -0.0464081 1.1285193 0.0231225 0.6404855 0.0208927 0.7673377
3.526551 1.1885134 -0.0485549 1.1441052 0.0220646 0.6638734 0.0219695 0.7471964
3.733924 1.3090987 -0.0495359 1.1532876 0.0225968 0.6849377 0.0234862 0.7278723
3.941290 1.4335138 -0.0501019 1.1558999 0.0254759 0.7021329 0.0266042 0.7110925
4.148625 1.5620126 -0.0505934 1.1533329 0.0283222 0.7154258 0.0310271 0.6974246
4.355974 1.6930883 -0.0504775 1.1461749 0.0297896 0.7257490 0.0336302 0.6864911
4.563217 1.8249809 -0.0507350 1.1362205 0.0290445 0.7344844 0.0344189 0.6771295
4.770559 1.9592551 -0.0503598 1.1233075 0.0310462 0.7417607 0.0327363 0.6691454
4.977967 2.0997388 -0.0495745 1.1065751 0.0324388 0.7474946 0.0319121 0.6627074
5.185269 2.2447581 -0.0490305 1.0881608 0.0333808 0.7511297 0.0313942 0.6585622
5.392622 2.3943312 -0.0488848 1.0678560 0.0339863 0.7540803 0.0303554 0.6551995
5.600026 2.5486705 -0.0488758 1.0462974 0.0331328 0.7558573 0.0316879 0.6531292
5.807340 2.7087131 -0.0488652 1.0218912 0.0338244 0.7571272 0.0329334 0.6515595
6.014715 2.8740890 -0.0479675 0.9974142 0.0347380 0.7577853 0.0331111 0.6507368
6.221927 3.0431349 -0.0480803 0.9715062 0.0350918 0.7576044 0.0323325 0.6509676
6.429280 3.2167408 -0.0478658 0.9461523 0.0346815 0.7567953 0.0326307 0.6519151
6.636673 3.3968618 -0.0473747 0.9198952 0.0356453 0.7561222 0.0322979 0.6526603
6.844097 3.5816073 -0.0474442 0.8926623 0.0360767 0.7554485 0.0322378 0.6534193
7.051471 3.7686129 -0.0477502 0.8658461 0.0360744 0.7548353 0.0351014 0.6539803
7.258923 3.9618912 -0.0477728 0.8376135 0.0381608 0.7543918 0.0351022 0.6543735
7.569925 4.2580519 -0.0478060 0.7957913 0.0375073 0.7540864 0.0352938 0.6547529
7.777286 4.4588351 -0.0482072 0.7682052 0.0381987 0.7541179 0.0361574 0.6546294
7.984696 4.6620255 -0.0474950 0.7397079 0.0387387 0.7543340 0.0350846 0.6544070
8.295863 4.9743285 -0.0475355 0.6961280 0.0379098 0.7557335 0.0337752 0.6529081
8.606978 5.2943296 -0.0487630 0.6496896 0.0369063 0.7567257 0.0332780 0.6518411
8.814436 5.5123081 -0.0500893 0.6156541 0.0371074 0.7589875 0.0324559 0.6492361
9.021867 5.7315879 -0.0495999 0.5791904 0.0351272 0.7619287 0.0314920 0.6459404
9.229148 5.9515424 -0.0518012 0.5433658 0.0354060 0.7652487 0.0306636 0.6420285
9.436507 6.1731462 -0.0536191 0.5044487 0.0352263 0.7684563 0.0295335 0.6382490
9.643856 6.3968453 -0.0539342 0.4623502 0.0335022 0.7720125 0.0283962 0.6340882
9.747566 6.5099974 -0.0541762 0.4413326 0.0330669 0.7740614 0.0284423 0.6316063
9.954854 6.7367816 -0.0543851 0.3944373 0.0336693 0.7777171 0.0281573 0.6270803
10.058450 6.8488350 -0.0549742 0.3711146 0.0336306 0.7797029 0.0275702 0.6246377
10.265950 7.0767460 -0.0551402 0.3186269 0.0333605 0.7832880 0.0273993 0.6201583
10.473330 7.3052263 -0.0568083 0.2664260 0.0332720 0.7868437 0.0264997 0.6156848
10.577010 7.4220304 -0.0565324 0.2373750 0.0333996 0.7883174 0.0270706 0.6137649
10.680800 7.5400939 -0.0572144 0.2071661 0.0343974 0.7896647 0.0283110 0.6119190
10.784490 7.6553078 -0.0575770 0.1765101 0.0347345 0.7905923 0.0284595 0.6106942
10.888380 7.7713900 -0.0586234 0.1458275 0.0349336 0.7915310 0.0286436 0.6094570
10.992100 7.8870578 -0.0587959 0.1154053 0.0344755 0.7925863 0.0283199 0.6081254
11.096280 8.0036716 -0.0595196 0.0838034 0.0343204 0.7938248 0.0276700 0.6065465
11.199650 8.1207438 -0.0602246 0.0521801 0.0341822 0.7951910 0.0271029 0.6047877
11.303360 8.2367620 -0.0614125 0.0197682 0.0332756 0.7965882 0.0269567 0.6030035
11.407080 8.3533201 -0.0622286 -0.0131009 0.0335097 0.7979535 0.0269739 0.6011819
11.510570 8.4723892 -0.0624550 -0.0466568 0.0333487 0.7994320 0.0265218 0.5992436
11.614180 8.5882168 -0.0638136 -0.0813589 0.0331388 0.8008140 0.0265385 0.5974064
11.821430 8.8247299 -0.0655110 -0.1518350 0.0330500 0.8033803 0.0272831 0.5939221
12.028650 9.0609922 -0.0664191 -0.2252443 0.0337701 0.8056954 0.0270721 0.5907468
12.235950 9.2980242 -0.0679654 -0.3009064 0.0345131 0.8078622 0.0262627 0.5877737
12.443230 9.5355434 -0.0703911 -0.3779221 0.0344545 0.8099202 0.0262691 0.5849377
12.650590 9.7775602 -0.0710715 -0.4591691 0.0352631 0.8123342 0.0267194 0.5815116
12.857820 10.0182972 -0.0722899 -0.5422783 0.0359965 0.8139802 0.0281982 0.5790902
13.065050 10.2610579 -0.0719278 -0.6269572 0.0354865 0.8157495 0.0274624 0.5766622
13.272410 10.5032406 -0.0730117 -0.7119632 0.0361120 0.8177509 0.0253609 0.5738782
13.583380 10.8683996 -0.0766150 -0.8455119 0.0360387 0.8209078 0.0240092 0.5694164
13.790730 11.1129141 -0.0790602 -0.9376979 0.0353366 0.8230458 0.0247172 0.5663355
13.998450 11.3561230 -0.0817078 -1.0310657 0.0349094 0.8253196 0.0246103 0.5630482
14.205920 11.5985241 -0.0841834 -1.1265707 0.0347943 0.8274202 0.0237605 0.5600005
14.412870 11.8421459 -0.0862268 -1.2250962 0.0352998 0.8290001 0.0244797 0.5575962
14.620330 12.0855875 -0.0878447 -1.3252299 0.0362017 0.8305239 0.0255997 0.5552154
14.931630 12.4467955 -0.0895694 -1.4741359 0.0362288 0.8329835 0.0241205 0.5515833
15.242180 12.8144035 -0.0933871 -1.6282213 0.0365971 0.8356918 0.0227108 0.5475072
15.449500 13.0557728 -0.0959332 -1.7330787 0.0365609 0.8372287 0.0241654 0.5450940
15.760420 13.4200802 -0.1024481 -1.8936305 0.0348047 0.8402292 0.0232198 0.5406149
16.071400 13.7810631 -0.1059971 -2.0583580 0.0339670 0.8433431 0.0229636 0.5358090
16.278760 14.0207205 -0.1079650 -2.1708269 0.0331855 0.8457199 0.0225754 0.5321155
16.486210 14.2593956 -0.1096782 -2.2909076 0.0337825 0.8476048 0.0223174 0.5290812
16.693380 14.4983931 -0.1135574 -2.4066823 0.0331923 0.8498303 0.0219825 0.5255507
16.900690 14.7368259 -0.1141943 -2.5152111 0.0342003 0.8523228 0.0222265 0.5214233
17.107930 14.9749479 -0.1147234 -2.6309757 0.0366064 0.8545763 0.0225329 0.5175437
17.315330 15.2146950 -0.1177800 -2.7540655 0.0382975 0.8562638 0.0229353 0.5146062
17.522740 15.4531326 -0.1209284 -2.8807783 0.0400856 0.8578726 0.0230759 0.5117766
17.730020 15.6917877 -0.1222501 -3.0092540 0.0399666 0.8597282 0.0223202 0.5086963
18.041020 16.0525188 -0.1246289 -3.2072730 0.0397676 0.8624949 0.0209216 0.5040668
18.248220 16.2952785 -0.1270045 -3.3434873 0.0409561 0.8637977 0.0223363 0.5016744
18.455670 16.5400352 -0.1293877 -3.4835315 0.0410834 0.8648857 0.0229539 0.4997579
18.663050 16.7863274 -0.1299209 -3.6246610 0.0409892 0.8662905 0.0233879 0.4973065
18.869920 17.0318031 -0.1321479 -3.7663522 0.0412480 0.8675164 0.0233042 0.4951473
19.077140 17.2811737 -0.1362358 -3.9117560 0.0414940 0.8692278 0.0222538 0.4921646
19.284530 17.5316391 -0.1389935 -4.0612731 0.0384567 0.8719739 0.0226885 0.4875119
19.491840 17.7843914 -0.1391448 -4.2164030 0.0383955 0.8745182 0.0228963 0.4829281
19.595460 17.9089546 -0.1397742 -4.2940536 0.0393177 0.8757024 0.0236255 0.4806675
19.802840 18.1608982 -0.1406527 -4.4504323 0.0398875 0.8780987 0.0241209 0.4762035
20.010030 18.4093018 -0.1395607 -4.6145334 0.0376213 0.8802488 0.0245773 0.4723798
20.113650 18.5363064 -0.1394221 -4.6975045 0.0373310 0.8814310 0.0241827 0.4702137
20.320880 18.7883301 -0.1401261 -4.8698621 0.0383761 0.8834064 0.0253514 0.4663450
20.528120 19.0503483 -0.1408114 -5.0497799 0.0371997 0.8854882 0.0258005 0.4624512
20.631730 19.1825752 -0.1414877 -5.1468654 0.0372177 0.8859670 0.0267106 0.4614802
20.735350 19.3127308 -0.1422825 -5.2367034 0.0373056 0.8867058 0.0276713 0.4599950
20.838960 19.4442520 -0.1408872 -5.3301735 0.0364799 0.8872059 0.0267120 0.4591528
20.942580 19.5781651 -0.1407513 -5.4268460 0.0354114 0.8877834 0.0253790 0.4581948
21.046320 19.7109375 -0.1408796 -5.5218563 0.0343941 0.8883817 0.0244113 0.4571643
21.149940 19.8431664 -0.1396459 -5.6174159 0.0332637 0.8889049 0.0246115 0.4562191
21.253550 19.9738083 -0.1389523 -5.7141824 0.0336715 0.8892031 0.0255639 0.4555553
21.357170 20.1033249 -0.1384693 -5.8070688 0.0337171 0.8898030 0.0252003 0.4543994
21.564620 20.3663216 -0.1347296 -5.9928718 0.0317465 0.8910769 0.0250395 0.4520476
21.771790 20.5690060 -0.1333324 -6.1448164 0.0300759 0.8932281 0.0263691 0.4478211
21.875360 20.6469288 -0.1317793 -6.2103958 0.0297714 0.8947248 0.0268594 0.4448144
22.082650 20.7450352 -0.1157188 -6.3483305 0.0273039 0.8963141 0.0278062 0.4417039
22.290250 20.8277302 -0.1006726 -6.4862838 0.0226912 0.8978344 0.0229363 0.4391497
22.497250 20.9408321 -0.0783312 -6.6467471 0.0255080 0.8999892 0.0147809 0.4349140
22.600850 21.0110226 -0.0735768 -6.7256064 0.0266243 0.9012624 0.0175631 0.4320980
22.704440 21.0661926 -0.0657784 -6.8205514 0.0224275 0.9017213 0.0220669 0.4311714
22.911770 21.1683388 -0.0734541 -6.9929962 0.0139861 0.9033709 0.0275550 0.4277455
23.119010 21.2597313 -0.0777948 -7.1029253 0.0158974 0.9056374 0.0295654 0.4227223
23.222650 21.3048058 -0.0798903 -7.1033258 0.0186603 0.9079459 0.0290891 0.4176600
23.326370 21.3557892 -0.0808261 -7.1031709 0.0198794 0.9107356 0.0282451 0.4115431
23.741080 21.5425072 -0.0835738 -7.1280084 0.0179770 0.9200078 0.0297126 0.3903584
24.155650 21.7167702 -0.0859383 -7.1627607 0.0154825 0.9279463 0.0321001 0.3710061
24.466620 21.8431931 -0.0974665 -7.1852584 0.0115631 0.9342298 0.0323079 0.3550172
24.777590 21.9777641 -0.0970532 -7.2023911 0.0063327 0.9408689 0.0295721 0.3374185
25.191950 22.1511650 -0.0927129 -7.2547202 0.0081566 0.9478382 0.0324193 0.3169938
25.399160 22.2383957 -0.0933630 -7.2851682 0.0101314 0.9503121 0.0390201 0.3086772
25.710010 22.2819061 -0.0922810 -7.3089266 0.0035595 0.9510782 0.0325695 0.3072079
25.813620 22.2806778 -0.0918455 -7.3101454 0.0033895 0.9505657 0.0316804 0.3088846
26.020850 22.2927914 -0.0912341 -7.3243322 0.0044477 0.9493757 0.0326474 0.3124101
26.228100 22.2986126 -0.0904670 -7.3338728 0.0000108 0.9485982 0.0296741 0.3150887
26.435440 22.2989006 -0.0888221 -7.3415117 -0.0064677 0.9480764 0.0266717 0.3168564
26.642670 22.3010254 -0.0898607 -7.3460169 -0.0075155 0.9475942 0.0273434 0.3182154
27.057260 22.3008709 -0.0883688 -7.3596783 -0.0078975 0.9460008 0.0270441 0.3229376
27.264530 22.3121033 -0.0893580 -7.3697143 -0.0079454 0.9457869 0.0274587 0.3235275
27.575480 22.3166542 -0.0880982 -7.3827691 -0.0073693 0.9446692 0.0285057 0.3267005
27.886560 22.3272667 -0.0868310 -7.3970008 -0.0075083 0.9441738 0.0285723 0.3281204
28.093790 22.3492241 -0.0862281 -7.4114356 -0.0072333 0.9445241 0.0283934 0.3271326
28.301020 22.3566017 -0.0863506 -7.4191771 -0.0090535 0.9444428 0.0291634 0.3272543
28.611870 22.3600483 -0.0857762 -7.4295774 -0.0086812 0.9443564 0.0288532 0.3275411
29.026460 22.3795357 -0.0841768 -7.4495292 -0.0103955 0.9446335 0.0296744 0.3266173
29.441040 22.3930893 -0.0831681 -7.4664497 -0.0098294 0.9446701 0.0294214 0.3265519
29.752010 22.4031544 -0.0823740 -7.4790978 -0.0105279 0.9445971 0.0297165 0.3267145
30.062730 22.4132957 -0.0815229 -7.4921136 -0.0098823 0.9444215 0.0301853 0.3271991
30.269960 22.4199295 -0.0809718 -7.5004849 -0.0100821 0.9443350 0.0307566 0.3273894
30.580810 22.4301147 -0.0801555 -7.5134344 -0.0108372 0.9444075 0.0308109 0.3271508
30.891780 22.4401131 -0.0792300 -7.5260444 -0.0119152 0.9445256 0.0306914 0.3267835
31.202760 22.4496689 -0.0785073 -7.5389485 -0.0115173 0.9445564 0.0305234 0.3267244
31.617470 22.4559708 -0.0771314 -7.5549731 -0.0101801 0.9440733 0.0310668 0.3281109
32.343330 22.4697590 -0.0748888 -7.5841727 -0.0103260 0.9430398 0.0332528 0.3308527
32.654370 22.4713020 -0.0733234 -7.5968270 -0.0102038 0.9420328 0.0323728 0.3337995
33.070500 22.5063820 -0.0737168 -7.6162705 -0.0103955 0.9430054 0.0337475 0.3308985
34.209730 22.5327873 -0.0695952 -7.6616082 -0.0120960 0.9415507 0.0327268 0.3350594
34.624450 22.5415802 -0.0682729 -7.6780205 -0.0101779 0.9411172 0.0325685 0.3363540
35.142780 22.5498276 -0.0662864 -7.6963930 -0.0102756 0.9405559 0.0325783 0.3379166
35.557430 22.5622635 -0.0648040 -7.7129793 -0.0109722 0.9401761 0.0322211 0.3389843
39.289260 22.5836143 -0.0628462 -7.7405329 -0.0111020 0.9392257 0.0325184 0.3415764
39.807600 22.5839539 -0.0627494 -7.7415428 -0.0101947 0.9388085 0.0304814 0.3429367
40.222330 22.5844345 -0.0627605 -7.7426248 -0.0126962 0.9379486 0.0297182 0.3452650
42.399350 22.5930004 -0.0624411 -7.7493329 -0.0112769 0.9368513 0.0288351 0.3483548
43.435640 22.5967827 -0.0622532 -7.7525630 -0.0110479 0.9375455 0.0294493 0.3464378
44.368290 22.5996552 -0.0621961 -7.7538652 -0.0110717 0.9378657 0.0283025 0.3456649
45.197350 22.6024094 -0.0621263 -7.7551889 -0.0112061 0.9363899 0.0297733 0.3495167
45.819420 22.6046143 -0.0621262 -7.7560525 -0.0120134 0.9364929 0.0315543 0.3490573
46.337490 22.6066704 -0.0620884 -7.7568002 -0.0132796 0.9369550 0.0303366 0.3478774
46.855700 22.6086273 -0.0620282 -7.7582932 -0.0121484 0.9366930 0.0334082 0.3483427
48.410450 22.6152477 -0.0618398 -7.7623363 -0.0102286 0.9340291 0.0372305 0.3551041
48.928780 22.6178341 -0.0618258 -7.7631469 -0.0113881 0.9341387 0.0376720 0.3547339
52.141830 22.6343613 -0.0612911 -7.7736702 -0.0096739 0.9330481 0.0458086 0.3566921
52.660280 22.6373940 -0.0611578 -7.7751603 -0.0098639 0.9337273 0.0457900 0.3549075
53.178480 22.6405029 -0.0610920 -7.7768288 -0.0073743 0.9340032 0.0472335 0.3540518
55.355300 22.6547012 -0.0609417 -7.7835789 -0.0098382 0.9345853 0.0492232 0.3521798
55.666250 22.6571198 -0.0608327 -7.7845383 -0.0084862 0.9344891 0.0522588 0.3520330
56.080860 22.6608124 -0.0610459 -7.7855201 -0.0099425 0.9353365 0.0542627 0.3494316
56.495310 22.6641197 -0.0608714 -7.7877398 -0.0150506 0.9352209 0.0558868 0.3493021
56.909640 22.6673126 -0.0608125 -7.7894659 -0.0138533 0.9353708 0.0558040 0.3489634
57.220620 22.6687126 -0.0605879 -7.7925034 -0.0115670 0.9331224 0.0587830 0.3545325
57.531360 22.6708298 -0.0605021 -7.7944574 -0.0091900 0.9320866 0.0581749 0.3574154
57.738590 22.6725636 -0.0604334 -7.7955017 -0.0078578 0.9316804 0.0598293 0.3582323
58.049530 22.6745377 -0.0603096 -7.7975278 -0.0122266 0.9297317 0.0642403 0.3623848
58.256810 22.6758823 -0.0602188 -7.7987428 -0.0112508 0.9285774 0.0653189 0.3651724
58.464000 22.6775265 -0.0600848 -7.7999072 -0.0109643 0.9278880 0.0644904 0.3670757
58.671360 22.6790009 -0.0601530 -7.8011236 -0.0133753 0.9265733 0.0674304 0.3697787
58.878710 22.6812515 -0.0600867 -7.8020377 -0.0143446 0.9265978 0.0697776 0.3692450
59.086070 22.6828423 -0.0601010 -7.8031230 -0.0162730 0.9253962 0.0710035 0.3719349
59.500910 22.6871147 -0.0601723 -7.8049903 -0.0215726 0.9244109 0.0753659 0.3732546
59.708260 22.6894035 -0.0601165 -7.8058829 -0.0235266 0.9240392 0.0766678 0.3737915
59.915740 22.6916122 -0.0600371 -7.8067455 -0.0243989 0.9234148 0.0782084 0.3749577
60.123100 22.6934319 -0.0598750 -7.8075166 -0.0222065 0.9219264 0.0805279 0.3782509
60.434070 22.6964512 -0.0596819 -7.8085856 -0.0223306 0.9199516 0.0837037 0.3823403
60.952400 22.6972866 -0.0595260 -7.8097086 -0.0147494 0.9082788 0.0909910 0.4080841
61.366980 22.6973534 -0.0595229 -7.8097277 -0.0161355 0.9096658 0.0899634 0.4051596
61.470630 22.6973648 -0.0595233 -7.8097329 -0.0154955 0.9097114 0.0906255 0.4049347
61.574220 22.6974182 -0.0595100 -7.8097954 -0.0159158 0.9093148 0.0893753 0.4060855
61.677850 22.6974316 -0.0595067 -7.8098068 -0.0147262 0.9090304 0.0880054 0.4070650
61.885240 22.6974640 -0.0595040 -7.8098211 -0.0137622 0.9090992 0.0912878 0.4062214
62.092420 22.6974964 -0.0594990 -7.8098383 -0.0148915 0.9091609 0.0936304 0.4055096
62.196570 22.6975136 -0.0594962 -7.8098536 -0.0150312 0.9091337 0.0937709 0.4055330
62.300010 22.6975327 -0.0594921 -7.8098679 -0.0147330 0.9091697 0.0931993 0.4055951
62.403410 22.6975536 -0.0594904 -7.8098869 -0.0140820 0.9089426 0.0939534 0.4059529
62.507020 22.6975708 -0.0594838 -7.8099022 -0.0142278 0.9089642 0.0930917 0.4060981
62.714120 22.6976128 -0.0594749 -7.8099375 -0.0138579 0.9087151 0.0921327 0.4068862
62.921550 22.6976509 -0.0594661 -7.8099699 -0.0130941 0.9084151 0.0919899 0.4076131
63.128570 22.6976891 -0.0594573 -7.8100061 -0.0129603 0.9080384 0.0925990 0.4083182
63.335690 22.6977291 -0.0594482 -7.8100405 -0.0135829 0.9075887 0.0928424 0.4092413
63.542910 22.6977692 -0.0594394 -7.8100762 -0.0134168 0.9071819 0.0933016 0.4100436
63.750030 22.6978073 -0.0594304 -7.8101091 -0.0127736 0.9065787 0.0920778 0.4116718
63.957240 22.6978455 -0.0594208 -7.8101444 -0.0117040 0.9059590 0.0905263 0.4134082
64.164350 22.6978855 -0.0594122 -7.8101797 -0.0117767 0.9053249 0.0907133 0.4147519
64.475200 22.6979446 -0.0593989 -7.8102326 -0.0125122 0.9048787 0.0887398 0.4161289
64.682580 22.6979866 -0.0593905 -7.8102655 -0.0119219 0.9048424 0.0878424 0.4164155
64.993150 22.6980438 -0.0593781 -7.8103151 -0.0115213 0.9043535 0.0888438 0.4172755
65.304130 22.6981030 -0.0593672 -7.8103600 -0.0128395 0.9040369 0.0900029 0.4176745
65.614970 22.6981602 -0.0593560 -7.8104019 -0.0118871 0.9037396 0.0898099 0.4183870
65.926080 22.6982212 -0.0593441 -7.8104534 -0.0085160 0.9038493 0.0844496 0.4193473
66.237180 22.6982803 -0.0593331 -7.8104978 -0.0100860 0.9034147 0.0874442 0.4196350
66.548250 22.6983395 -0.0593221 -7.8105426 -0.0101226 0.9029919 0.0892042 0.4201735
66.859100 22.6984024 -0.0593090 -7.8105907 -0.0096815 0.9030345 0.0870288 0.4205483
67.169960 22.6984634 -0.0592971 -7.8106394 -0.0090679 0.9027277 0.0877624 0.4210680
67.480800 22.6985245 -0.0592847 -7.8106909 -0.0088374 0.9023474 0.0872147 0.4220009
67.791520 22.6985893 -0.0592723 -7.8107409 -0.0072887 0.9022990 0.0862222 0.4223377
68.102260 22.6986542 -0.0592599 -7.8107924 -0.0068983 0.9017330 0.0875549 0.4232779
68.412960 22.6987171 -0.0592484 -7.8108435 -0.0066698 0.9014560 0.0872976 0.4239243
68.723700 22.6987724 -0.0592375 -7.8108892 -0.0066703 0.9016098 0.0838144 0.4242999
69.034420 22.6988316 -0.0592263 -7.8109345 -0.0065395 0.9012291 0.0857669 0.4247203
69.345250 22.6988888 -0.0592163 -7.8109794 -0.0060551 0.9012838 0.0841148 0.4249418
69.656100 22.6989422 -0.0592048 -7.8110189 -0.0054715 0.9013289 0.0834790 0.4249795
69.966820 22.6990051 -0.0591950 -7.8110719 -0.0062021 0.9008666 0.0840771 0.4258309
70.174050 22.6990395 -0.0591869 -7.8111014 -0.0067386 0.9009302 0.0825756 0.4259819
70.485050 22.6990814 -0.0591800 -7.8111329 -0.0064343 0.9009767 0.0824557 0.4259115
70.795990 22.6991158 -0.0591784 -7.8111410 -0.0056371 0.9017188 0.0813707 0.4245589
71.107200 22.6991615 -0.0591760 -7.8111515 -0.0058695 0.9026836 0.0798885 0.4227833
71.418080 22.6991997 -0.0591755 -7.8111649 -0.0068245 0.9030733 0.0806263 0.4217956
71.832900 22.6992607 -0.0591736 -7.8111753 -0.0062446 0.9040394 0.0817623 0.4195099
72.766060 22.6993141 -0.0591693 -7.8112016 -0.0057160 0.9052011 0.0803641 0.4172768
73.077160 22.6993351 -0.0591624 -7.8112273 -0.0059866 0.9046968 0.0777510 0.4188586
73.491740 22.6993408 -0.0591595 -7.8112535 -0.0054987 0.9024661 0.0781276 0.4235810
73.802720 22.6993523 -0.0591571 -7.8112669 -0.0056493 0.9010288 0.0780521 0.4266416
74.632010 22.6993942 -0.0591488 -7.8113108 -0.0053397 0.8986121 0.0789285 0.4315532
74.942980 22.6994171 -0.0591440 -7.8113327 -0.0060767 0.8979834 0.0785522 0.4329184
75.253960 22.6994286 -0.0591435 -7.8113451 -0.0059320 0.8971507 0.0797812 0.4344196
75.565050 22.6994591 -0.0591373 -7.8113704 -0.0073209 0.8974022 0.0802378 0.4337945
76.186870 22.6994934 -0.0591288 -7.8114018 -0.0049930 0.8966023 0.0791714 0.4356733
77.948260 22.6995697 -0.0591197 -7.8114839 -0.0063673 0.8892382 0.0840829 0.4496053
78.362800 22.6995888 -0.0591164 -7.8115010 -0.0058598 0.8880346 0.0842475 0.4519542
78.777380 22.6996098 -0.0591135 -7.8115215 -0.0082476 0.8875453 0.0860909 0.4525303
79.606430 22.6996517 -0.0591035 -7.8115582 -0.0070794 0.8875488 0.0846013 0.4528240
80.021040 22.6996708 -0.0590982 -7.8115792 -0.0078296 0.8880098 0.0849488 0.4518416
80.435600 22.6996880 -0.0590916 -7.8115988 -0.0082272 0.8891349 0.0845013 0.4497009
82.508540 22.6997833 -0.0590765 -7.8116941 -0.0090190 0.8912787 0.0868874 0.4449623
83.441640 22.6998234 -0.0590675 -7.8117361 -0.0076142 0.8855847 0.0868770 0.4562172
83.752550 22.6998405 -0.0590646 -7.8117456 -0.0057836 0.8835831 0.0895720 0.4595914
84.063650 22.6998520 -0.0590613 -7.8117609 -0.0065103 0.8804737 0.0907851 0.4652760
84.375100 22.6998692 -0.0590587 -7.8117728 -0.0066771 0.8786926 0.0919813 0.4683954
85.307680 22.6999149 -0.0590498 -7.8118057 -0.0086915 0.8768266 0.0901891 0.4721922
85.618780 22.6999283 -0.0590470 -7.8118172 -0.0078084 0.8756107 0.0923101 0.4740503
86.033690 22.6999474 -0.0590420 -7.8118334 -0.0078457 0.8733331 0.0924481 0.4782062
86.966920 22.6999912 -0.0590320 -7.8118663 -0.0080068 0.8682571 0.0934037 0.4871768
87.588960 22.7000217 -0.0590253 -7.8118858 -0.0055446 0.8657230 0.0932810 0.4917232
88.314960 22.7000542 -0.0590186 -7.8119087 -0.0056276 0.8646993 0.0933766 0.4935020
89.662760 22.7001152 -0.0590072 -7.8119488 -0.0002718 0.8655073 0.1015247 0.4904995
90.077600 22.7001324 -0.0590029 -7.8119602 0.0048790 0.8666436 0.1032397 0.4881051
90.285080 22.7001400 -0.0590019 -7.8119640 0.0077002 0.8677952 0.1054686 0.4855394
91.114650 22.7001724 -0.0589938 -7.8119855 0.0085714 0.8790016 0.1057706 0.4648606
91.633230 22.7001896 -0.0589900 -7.8119984 0.0094456 0.8956870 0.1067887 0.4315690
91.840690 22.7001953 -0.0589881 -7.8120050 0.0093964 0.9030316 0.1070237 0.4159225
93.604020 22.7002335 -0.0589740 -7.8120546 -0.0000859 0.9672763 0.1074200 0.2298639
94.226290 22.7002449 -0.0589674 -7.8120875 -0.0044442 0.9836891 0.1057619 0.1454322
95.366730 22.7002506 -0.0589582 -7.8121390 -0.0146442 0.9946975 0.1017610 -0.0026733
96.299770 22.7002468 -0.0589500 -7.8121877 -0.0226301 0.9880568 0.0936230 -0.1202757
97.233060 22.7002296 -0.0589425 -7.8122358 -0.0312123 0.9649914 0.0880573 -0.2450783
97.440420 22.7002220 -0.0589410 -7.8122482 -0.0340339 0.9572636 0.0862663 -0.2739456
98.062740 22.7002029 -0.0589359 -7.8122773 -0.0393533 0.9291003 0.0801771 -0.3588808
99.513970 22.7001266 -0.0589297 -7.8123312 0.0505173 -0.8381073 -0.0628383 0.5395141
99.617730 22.7001209 -0.0589291 -7.8123341 0.0508670 -0.8311677 -0.0613631 0.5502794
99.721330 22.7001152 -0.0589288 -7.8123350 0.0510644 -0.8241147 -0.0599488 0.5609220
100.861600 22.7000408 -0.0589278 -7.8123560 0.0538294 -0.7555685 -0.0461717 0.6512195
101.276200 22.7000141 -0.0589282 -7.8123584 0.0537962 -0.7390673 -0.0421841 0.6701537
101.483400 22.6999989 -0.0589287 -7.8123608 0.0550195 -0.7316763 -0.0424165 0.6781028
101.587000 22.6999893 -0.0589288 -7.8123617 0.0545619 -0.7288515 -0.0425611 0.6811660
102.001600 22.6999607 -0.0589296 -7.8123627 0.0539580 -0.7209951 -0.0418375 0.6895682
102.208900 22.6999474 -0.0589299 -7.8123627 0.0541842 -0.7178559 -0.0418336 0.6928182
102.416200 22.6999321 -0.0589300 -7.8123636 0.0542073 -0.7156947 -0.0417886 0.6950514
102.727300 22.6999092 -0.0589308 -7.8123651 0.0543191 -0.7134853 -0.0405625 0.6973829
103.349400 22.6998634 -0.0589323 -7.8123660 0.0534504 -0.7108245 -0.0411595 0.7001267
103.867700 22.6998272 -0.0589336 -7.8123670 0.0537429 -0.7085978 -0.0419653 0.7023103
104.282300 22.6997967 -0.0589345 -7.8123670 0.0567374 -0.7065457 -0.0405323 0.7042238
104.593400 22.6997776 -0.0589355 -7.8123670 0.0564307 -0.7038406 -0.0399496 0.7069852
105.215900 22.6997337 -0.0589373 -7.8123665 0.0585080 -0.6852778 -0.0397078 0.7248411
105.423200 22.6997204 -0.0589381 -7.8123655 0.0596678 -0.6746314 -0.0395701 0.7346744
105.734400 22.6996994 -0.0589393 -7.8123636 0.0618861 -0.6543275 -0.0356875 0.7528294
105.941900 22.6996861 -0.0589404 -7.8123617 0.0633147 -0.6381640 -0.0333365 0.7665681
106.564500 22.6996479 -0.0589436 -7.8123527 0.0652998 -0.5751531 -0.0219056 0.8151411
107.186900 22.6996098 -0.0589483 -7.8123355 0.0660367 -0.4934486 -0.0122175 0.8671784
107.394300 22.6996002 -0.0589499 -7.8123293 0.0684153 -0.4623643 -0.0073361 0.8840163
107.601600 22.6995888 -0.0589519 -7.8123207 0.0685881 -0.4308555 -0.0032624 0.8998047
108.223900 22.6995602 -0.0589581 -7.8122921 0.0718424 -0.3317535 0.0081580 0.9405912
108.431200 22.6995544 -0.0589597 -7.8122835 0.0730152 -0.2976559 0.0133936 0.9517828
108.638800 22.6995468 -0.0589616 -7.8122706 0.0744583 -0.2639667 0.0177456 0.9614898
109.053200 22.6995335 -0.0589669 -7.8122454 0.0763734 -0.2006657 0.0273125 0.9762963
109.260500 22.6995277 -0.0589681 -7.8122373 0.0765754 -0.1704780 0.0313160 0.9818823
109.882700 22.6995182 -0.0589758 -7.8121967 0.0788160 -0.0748046 0.0392239 0.9933045
110.816200 22.6995258 -0.0589888 -7.8121367 0.0818160 0.0720038 0.0547418 0.9925346
110.920000 22.6995258 -0.0589901 -7.8121319 0.0815431 0.0883371 0.0550038 0.9912224
111.438400 22.6995449 -0.0589959 -7.8120995 0.0774668 0.1609966 0.0569435 0.9822609
111.542000 22.6995487 -0.0589976 -7.8120909 0.0764069 0.1731431 0.0584046 0.9801900
111.853000 22.6995544 -0.0590000 -7.8120751 0.0731074 0.2096175 0.0607776 0.9731505
113.717900 22.6995811 -0.0590063 -7.8120389 0.0586553 0.2895449 0.0633637 0.9532620
113.925200 22.6995831 -0.0590069 -7.8120379 0.0573288 0.2898454 0.0612849 0.9533872
114.028800 22.6995831 -0.0590071 -7.8120360 0.0548134 0.2898320 0.0610793 0.9535524
