0.000000 0.0000000 0.0000000 0.0000000 0.0000000 0.0000000 0.0000000 1.0000000
0.207355 0.0008436 -0.0004192 0.0305492 -0.0005262 0.0093368 0.0024069 0.9999534
0.310908 0.0013968 -0.0004040 0.0462924 0.0002243 0.0103588 0.0038442 0.9999389
0.518120 0.0019346 -0.0007994 0.0784678 0.0015994 0.0059734 0.0058258 0.9999639
0.621714 0.0016562 -0.0008164 0.0948948 0.0026536 -0.0002201 0.0066072 0.9999746
1.243510 -0.0098962 -0.0026790 0.2051541 0.0024934 -0.0589192 0.0037599 0.9982526
1.451124 -0.0175820 -0.0033758 0.2464141 0.0018573 -0.0756052 0.0026354 0.9971326
1.555101 -0.0218429 -0.0037409 0.2681807 0.0019723 -0.0824110 0.0022222 0.9965940
1.659233 -0.0262637 -0.0041342 0.2902181 0.0022933 -0.0885206 0.0029988 0.9960672
1.762893 -0.0307360 -0.0045543 0.3128873 0.0031942 -0.0935274 0.0049063 0.9955995
1.867090 -0.0355190 -0.0048828 0.3368377 0.0042586 -0.0975363 0.0041254 0.9952143
2.076388 -0.0465963 -0.0058239 0.3861340 0.0063883 -0.1054321 0.0044045 0.9943962
2.179116 -0.0520691 -0.0063722 0.4120862 0.0069591 -0.1095742 0.0064089 0.9939336
2.283102 -0.0578271 -0.0068296 0.4388091 0.0073559 -0.1136644 0.0095450 0.9934461
2.699213 -0.0881233 -0.0101376 0.5496286 0.0133603 -0.1312447 0.0069103 0.9912359
2.907234 -0.1049243 -0.0123276 0.6090690 0.0156769 -0.1399272 0.0076531 0.9900081
3.115221 -0.1242572 -0.0152174 0.6703802 0.0200492 -0.1479924 0.0069862 0.9887606
3.219570 -0.1344047 -0.0169791 0.7017663 0.0237735 -0.1508780 0.0071744 0.9882404
3.427467 -0.1560737 -0.0212515 0.7665488 0.0324212 -0.1550314 0.0056795 0.9873611
3.635476 -0.1794515 -0.0260675 0.8340870 0.0409235 -0.1593585 0.0037120 0.9863652
3.843522 -0.2041906 -0.0325733 0.9031332 0.0478114 -0.1643823 0.0007589 0.9852370
4.051384 -0.2304556 -0.0403618 0.9732538 0.0524933 -0.1693794 -0.0022598 0.9841494
4.259272 -0.2583017 -0.0487376 1.0459390 0.0530628 -0.1750081 -0.0034301 0.9831301
4.467802 -0.2871098 -0.0574039 1.1198410 0.0512396 -0.1818434 -0.0032799 0.9819861
4.676366 -0.3181420 -0.0657408 1.1950083 0.0471161 -0.1904379 -0.0045736 0.9805573
4.882642 -0.3526317 -0.0739265 1.2731459 0.0433965 -0.1994466 -0.0081927 0.9789130
5.090371 -0.3884957 -0.0812224 1.3513470 0.0424443 -0.2090333 -0.0086707 0.9769485
5.401997 -0.4472995 -0.0920739 1.4707195 0.0398549 -0.2222801 -0.0085124 0.9741307
5.609757 -0.4888386 -0.0991471 1.5522468 0.0350696 -0.2305505 -0.0092115 0.9723846
5.817477 -0.5318360 -0.1053552 1.6348412 0.0321037 -0.2387222 -0.0083589 0.9705211
6.025285 -0.5776715 -0.1114379 1.7193378 0.0305111 -0.2454558 -0.0080707 0.9688939
6.233134 -0.6245605 -0.1181224 1.8044453 0.0291400 -0.2514059 -0.0060069 0.9674243
6.545512 -0.7004828 -0.1263974 1.9363676 0.0294493 -0.2552854 -0.0061059 0.9663979
6.752638 -0.7521858 -0.1329200 2.0258565 0.0279243 -0.2557893 -0.0050724 0.9663159
6.960403 -0.8063961 -0.1392024 2.1193290 0.0280224 -0.2576252 -0.0030734 0.9658336
7.168161 -0.8612775 -0.1452753 2.2141163 0.0249458 -0.2613718 -0.0021964 0.9649132
7.479481 -0.9451584 -0.1546359 2.3516319 0.0223627 -0.2726445 0.0001299 0.9618549
7.687027 -1.0054643 -0.1608975 2.4438405 0.0234996 -0.2833439 0.0012117 0.9587296
7.894618 -1.0676205 -0.1665203 2.5352840 0.0195971 -0.2929284 -0.0019874 0.9559315
8.102397 -1.1294879 -0.1723852 2.6241598 0.0224180 -0.2994916 -0.0014822 0.9538344
8.310112 -1.1924757 -0.1783698 2.7111630 0.0268412 -0.3047489 -0.0011980 0.9520537
8.517862 -1.2579626 -0.1845837 2.7986829 0.0223308 -0.3097949 -0.0021802 0.9505386
8.725744 -1.3248808 -0.1904372 2.8887665 0.0213000 -0.3148156 -0.0028863 0.9489094
8.933548 -1.3918090 -0.1961371 2.9755733 0.0232673 -0.3208472 -0.0015837 0.9468438
9.141108 -1.4601741 -0.2018096 3.0617151 0.0228794 -0.3276462 -0.0010461 0.9445229
9.348782 -1.5308592 -0.2080240 3.1481848 0.0228116 -0.3353733 -0.0002721 0.9418091
9.556318 -1.6020443 -0.2140835 3.2328255 0.0231118 -0.3438239 0.0013031 0.9387488
9.764859 -1.6747019 -0.2196161 3.3160276 0.0239855 -0.3521880 0.0028375 0.9356176
9.971133 -1.7502306 -0.2261332 3.3996129 0.0224408 -0.3610183 0.0042865 0.9322788
10.178630 -1.8271313 -0.2323689 3.4817104 0.0225328 -0.3698548 0.0049439 0.9288031
10.386180 -1.9068680 -0.2388093 3.5639985 0.0231189 -0.3785696 0.0054541 0.9252680
10.593630 -1.9889104 -0.2457733 3.6443210 0.0228045 -0.3853624 0.0048234 0.9224709
10.801110 -2.0727401 -0.2521236 3.7245531 0.0247379 -0.3919127 0.0056010 0.9196527
11.008770 -2.1588812 -0.2592492 3.8044586 0.0264936 -0.3981901 0.0059771 0.9169008
11.216240 -2.2463193 -0.2668340 3.8841424 0.0249344 -0.4045779 0.0064006 0.9141412
11.423780 -2.3351016 -0.2741577 3.9628568 0.0249334 -0.4106777 0.0072692 0.9114106
11.631420 -2.4262681 -0.2812766 4.0408306 0.0242637 -0.4155539 0.0085176 0.9092050
11.839050 -2.5166306 -0.2887961 4.1180739 0.0250889 -0.4205053 0.0119308 0.9068646
12.046270 -2.6086850 -0.2965526 4.1938267 0.0238775 -0.4269771 0.0166940 0.9037930
12.253600 -2.7030692 -0.3050499 4.2688708 0.0216493 -0.4369085 0.0200795 0.8990211
12.460990 -2.7995949 -0.3132622 4.3410640 0.0202883 -0.4469143 0.0194524 0.8941351
12.668390 -2.8988748 -0.3207996 4.4114776 0.0219874 -0.4575202 0.0205359 0.8886901
12.875730 -2.9998894 -0.3294140 4.4805112 0.0209726 -0.4682122 0.0221005 0.8830907
13.083110 -3.1037064 -0.3374504 4.5475430 0.0202519 -0.4790983 0.0229387 0.8772277
13.290730 -3.2094908 -0.3461191 4.6129861 0.0214046 -0.4897114 0.0229631 0.8713193
13.498010 -3.3164735 -0.3553112 4.6752286 0.0222623 -0.4995917 0.0228632 0.8656730
13.705510 -3.4254222 -0.3640517 4.7359247 0.0201985 -0.5081360 0.0217976 0.8607640
13.912900 -3.5348382 -0.3727241 4.7935991 0.0207097 -0.5152808 0.0232748 0.8564549
14.120270 -3.6475286 -0.3816602 4.8509259 0.0219341 -0.5212507 0.0260199 0.8527249
14.327630 -3.7593806 -0.3922650 4.9068379 0.0213546 -0.5259608 0.0287149 0.8497556
14.538380 -3.8719153 -0.4014569 4.9632082 0.0171711 -0.5301803 0.0288081 0.8472214
14.742390 -3.9825902 -0.4110031 5.0163822 0.0147802 -0.5331298 0.0298092 0.8453790
14.950000 -4.0934591 -0.4187193 5.0694909 0.0122827 -0.5357680 0.0309794 0.8437073
15.157490 -4.2028570 -0.4269648 5.1204185 0.0106910 -0.5378267 0.0330254 0.8423405
15.365030 -4.3108215 -0.4349565 5.1696033 0.0077873 -0.5396738 0.0338861 0.8411559
15.572680 -4.4174719 -0.4428507 5.2186890 0.0071720 -0.5410656 0.0358430 0.8401856
15.780370 -4.5202885 -0.4514254 5.2647343 0.0081211 -0.5408800 0.0361116 0.8402849
15.988000 -4.6216679 -0.4588105 5.3109312 0.0102122 -0.5380069 0.0351719 0.8421444
16.195700 -4.7211981 -0.4670514 5.3578186 0.0112086 -0.5332096 0.0344818 0.8452058
16.403370 -4.8186502 -0.4746267 5.4053712 0.0110922 -0.5262499 0.0331797 0.8496100
16.507260 -4.8666544 -0.4783521 5.4290853 0.0113347 -0.5217382 0.0325978 0.8524073
16.714990 -4.9611511 -0.4859509 5.4796820 0.0125177 -0.5129286 0.0315816 0.8577588
16.922750 -5.0557375 -0.4934168 5.5316048 0.0157661 -0.5020977 0.0308758 0.8641158
17.130540 -5.1478238 -0.5008826 5.5849133 0.0159102 -0.4891036 0.0283014 0.8716213
17.234250 -5.1920114 -0.5050427 5.6126089 0.0150898 -0.4827202 0.0270616 0.8752264
17.442380 -5.2800283 -0.5120441 5.6694431 0.0155451 -0.4700809 0.0266866 0.8820828
17.545790 -5.3223529 -0.5157450 5.6985626 0.0160393 -0.4642527 0.0269012 0.8851488
17.649360 -5.3642616 -0.5193381 5.7278299 0.0159847 -0.4581017 0.0281231 0.8883110
17.753120 -5.4058089 -0.5230850 5.7576890 0.0158676 -0.4519703 0.0277753 0.8914593
17.857050 -5.4460564 -0.5264584 5.7873459 0.0152635 -0.4460662 0.0269339 0.8944644
17.960530 -5.4858661 -0.5298846 5.8176637 0.0137032 -0.4403528 0.0260192 0.8973431
18.064140 -5.5245285 -0.5329255 5.8482876 0.0135802 -0.4348502 0.0254022 0.9000420
18.167890 -5.5629139 -0.5363128 5.8786345 0.0145731 -0.4288636 0.0244190 0.9029216
18.271640 -5.5999122 -0.5396136 5.9095488 0.0154052 -0.4233980 0.0236476 0.9055041
18.375420 -5.6366186 -0.5427033 5.9403219 0.0154248 -0.4178379 0.0233904 0.9080895
18.479100 -5.6723204 -0.5456730 5.9714322 0.0147645 -0.4122908 0.0225306 0.9106540
18.582900 -5.7072453 -0.5484825 6.0029888 0.0136527 -0.4071026 0.0223108 0.9130079
18.790260 -5.7746706 -0.5539739 6.0657291 0.0136388 -0.3974293 0.0216447 0.9172761
18.894080 -5.8079023 -0.5568278 6.0971546 0.0135434 -0.3926447 0.0211139 0.9193481
18.997780 -5.8408232 -0.5593836 6.1288924 0.0125036 -0.3879937 0.0199756 0.9213607
19.205270 -5.9038048 -0.5643499 6.1915379 0.0113028 -0.3783874 0.0181402 0.9254006
19.412890 -5.9645371 -0.5689907 6.2549491 0.0113278 -0.3681764 0.0159218 0.9295506
19.620500 -6.0223598 -0.5733579 6.3184390 0.0088292 -0.3554845 0.0134218 0.9345441
19.828250 -6.0775480 -0.5774093 6.3818765 0.0094797 -0.3409762 0.0115095 0.9399537
20.139770 -6.1540685 -0.5823284 6.4796743 0.0097856 -0.3183713 0.0108309 0.9478537
20.347360 -6.2017403 -0.5853581 6.5455151 0.0073966 -0.3024293 0.0096217 0.9530945
20.555010 -6.2484355 -0.5881028 6.6140709 0.0048613 -0.2876934 0.0092492 0.9576656
20.762700 -6.2914667 -0.5902146 6.6829419 0.0038321 -0.2755055 0.0097438 0.9612424
20.970000 -6.3348031 -0.5923524 6.7536330 0.0037878 -0.2628286 0.0082873 0.9647995
21.177620 -6.3757896 -0.5944811 6.8258696 0.0036048 -0.2509091 0.0081640 0.9679695
21.385010 -6.4155788 -0.5962990 6.9002614 0.0042404 -0.2413753 0.0089464 0.9703813
21.592490 -6.4549980 -0.5980546 6.9760156 0.0024074 -0.2343713 0.0079345 0.9721118
21.903660 -6.5147190 -0.6004507 7.0952053 -0.0015180 -0.2238626 0.0038448 0.9746119
22.111130 -6.5541000 -0.6010861 7.1781569 -0.0037943 -0.2164046 0.0026968 0.9762927
22.422590 -6.6127329 -0.6017149 7.3085461 -0.0056447 -0.2036704 0.0033055 0.9790177
22.735920 -6.6683278 -0.6013032 7.4450636 -0.0039413 -0.1881180 0.0060118 0.9821201
22.941740 -6.7040424 -0.6019940 7.5390892 -0.0037162 -0.1725790 0.0026368 0.9849851
23.253620 -6.7521448 -0.6023293 7.6870999 -0.0060528 -0.1416256 -0.0013824 0.9899008
23.565520 -6.7916994 -0.6013162 7.8434343 -0.0097896 -0.1082408 -0.0034202 0.9940706
23.773430 -6.8138528 -0.5993713 7.9543672 -0.0133955 -0.0853835 -0.0052504 0.9962443
24.085120 -6.8369765 -0.5959413 8.1236191 -0.0119203 -0.0524396 -0.0062771 0.9985332
24.396610 -6.8498268 -0.5943905 8.2995625 -0.0146562 -0.0219688 -0.0067769 0.9996282
24.708120 -6.8527546 -0.5905133 8.4868441 -0.0152997 0.0089155 -0.0095688 0.9997974
25.019370 -6.8439794 -0.5870212 8.6787519 -0.0124412 0.0383341 -0.0115994 0.9991202
25.226870 -6.8312826 -0.5859616 8.8066063 -0.0103452 0.0574195 -0.0118902 0.9982257
25.537870 -6.8034377 -0.5853792 9.0032282 -0.0022636 0.0846643 -0.0140061 0.9963085
25.848990 -6.7639265 -0.5874148 9.2068100 0.0005872 0.1113836 -0.0157419 0.9936526
26.160240 -6.7127728 -0.5907528 9.4120560 0.0055294 0.1374055 -0.0154121 0.9903795
26.471490 -6.6487455 -0.5966043 9.6211548 0.0063772 0.1641918 -0.0193811 0.9862174
26.679010 -6.5991602 -0.6020888 9.7596931 0.0090838 0.1824483 -0.0201137 0.9829677
26.990510 -6.5130363 -0.6110748 9.9719439 0.0158657 0.2134195 -0.0222649 0.9765781
27.302140 -6.4123878 -0.6235384 10.1756878 0.0176476 0.2537688 -0.0274214 0.9667151
27.509940 -6.3326416 -0.6336268 10.3106956 0.0193301 0.2807764 -0.0293966 0.9591281
27.821250 -6.2019019 -0.6501787 10.5022306 0.0248010 0.3202466 -0.0304431 0.9465201
28.132630 -6.0523982 -0.6685271 10.6873226 0.0287872 0.3555913 -0.0309315 0.9336859
28.443750 -5.8881464 -0.6900839 10.8620920 0.0327239 0.3858116 -0.0303945 0.9214959
28.754980 -5.7147369 -0.7140311 11.0240898 0.0366378 0.4137920 -0.0307252 0.9091148
28.962310 -5.5913639 -0.7308846 11.1272230 0.0350474 0.4332405 -0.0321373 0.9000231
29.169630 -5.4686656 -0.7485853 11.2225266 0.0319686 0.4529808 -0.0348753 0.8902640
29.376900 -5.3420200 -0.7652029 11.3126431 0.0325906 0.4720857 -0.0380522 0.8801278
29.584410 -5.2139091 -0.7821103 11.3946075 0.0301359 0.4927162 -0.0388094 0.8688017
29.688050 -5.1479712 -0.7906878 11.4335918 0.0284886 0.5033047 -0.0386279 0.8627750
29.895500 -5.0180478 -0.8063982 11.5042973 0.0266123 0.5240479 -0.0385003 0.8504019
30.102880 -4.8839049 -0.8218130 11.5684290 0.0263712 0.5437177 -0.0383095 0.8379785
30.310460 -4.7493286 -0.8379959 11.6257000 0.0281462 0.5626636 -0.0369158 0.8253815
30.517900 -4.6160798 -0.8529337 11.6746473 0.0275608 0.5807099 -0.0359591 0.8128489
30.725440 -4.4829917 -0.8688290 11.7177725 0.0321283 0.5968494 -0.0412548 0.8006477
30.932900 -4.3520913 -0.8854350 11.7543764 0.0344857 0.6123804 -0.0469495 0.7884141
31.140380 -4.2209463 -0.9032667 11.7864532 0.0316000 0.6281866 -0.0502515 0.7757950
31.347870 -4.0905614 -0.9209086 11.8128519 0.0296871 0.6433285 -0.0511398 0.7633032
31.555400 -3.9609475 -0.9376765 11.8332758 0.0295849 0.6574931 -0.0520048 0.7510813
31.762890 -3.8339508 -0.9547997 11.8490868 0.0297428 0.6714515 -0.0556401 0.7383579
31.970400 -3.7079487 -0.9714466 11.8598843 0.0273431 0.6836593 -0.0532073 0.7273454
32.177810 -3.5837653 -0.9873542 11.8664036 0.0255606 0.6934577 -0.0502915 0.7182854
32.385170 -3.4619513 -1.0028042 11.8694420 0.0265517 0.7000200 -0.0513084 0.7117826
32.592540 -3.3453195 -1.0180433 11.8715439 0.0277222 0.7042709 -0.0544870 0.7072942
32.799930 -3.2299111 -1.0341446 11.8727837 0.0310491 0.7076859 -0.0591144 0.7033648
33.007250 -3.1148767 -1.0494888 11.8722000 0.0254842 0.7102696 -0.0521483 0.7015327
33.214750 -3.0030763 -1.0635529 11.8716335 0.0247809 0.7108051 -0.0517188 0.7010473
33.422000 -2.8926094 -1.0775458 11.8711405 0.0261104 0.7097651 -0.0544088 0.7018486
33.629370 -2.7842031 -1.0916582 11.8714094 0.0258642 0.7077087 -0.0561855 0.7037916
33.836860 -2.6767471 -1.1058472 11.8732910 0.0252618 0.7047052 -0.0582240 0.7066558
34.044850 -2.5699539 -1.1196399 11.8755579 0.0245843 0.7000750 -0.0573481 0.7113381
34.251630 -2.4645684 -1.1340708 11.8790646 0.0256747 0.6949747 -0.0559422 0.7163948
34.459140 -2.3584669 -1.1473676 11.8843222 0.0246382 0.6900682 -0.0561240 0.7211442
34.666810 -2.2533107 -1.1603584 11.8910894 0.0230021 0.6852406 -0.0553086 0.7258493
34.874180 -2.1491079 -1.1737100 11.8993092 0.0239957 0.6802211 -0.0558597 0.7304814
35.081760 -2.0459249 -1.1867135 11.9085407 0.0246888 0.6752514 -0.0573782 0.7349379
35.289260 -1.9432908 -1.1998814 11.9191742 0.0238724 0.6700831 -0.0580295 0.7396291
35.600660 -1.7886999 -1.2197936 11.9385452 0.0218942 0.6631259 -0.0560982 0.7460815
35.808130 -1.6874996 -1.2313031 11.9520302 0.0234785 0.6576619 -0.0561433 0.7508512
36.015630 -1.5873415 -1.2444665 11.9678354 0.0258205 0.6507440 -0.0561359 0.7567789
36.223240 -1.4875804 -1.2568642 11.9851227 0.0253992 0.6440755 -0.0566095 0.7624415
36.430690 -1.3864945 -1.2697375 12.0043278 0.0235577 0.6405105 -0.0571561 0.7654571
36.638140 -1.2850021 -1.2823119 12.0242920 0.0247172 0.6383445 -0.0580551 0.7671603
36.845830 -1.1815118 -1.2952002 12.0449324 0.0254980 0.6360799 -0.0570220 0.7690908
37.053350 -1.0780860 -1.3084660 12.0659952 0.0264496 0.6332869 -0.0565738 0.7713932
37.260770 -0.9746753 -1.3210468 12.0882931 0.0255529 0.6308151 -0.0536859 0.7736518
37.468260 -0.8710560 -1.3337255 12.1112757 0.0263206 0.6270183 -0.0533981 0.7767264
37.675750 -0.7679448 -1.3464319 12.1348944 0.0272783 0.6218337 -0.0531730 0.7808658
37.884310 -0.6663098 -1.3586779 12.1610470 0.0271948 0.6158314 -0.0518155 0.7857018
38.194630 -0.5135682 -1.3778422 12.2027931 0.0305496 0.6029072 -0.0489519 0.7957219
38.402010 -0.4119413 -1.3903625 12.2342691 0.0291833 0.5939767 -0.0476982 0.8025365
38.609730 -0.3132765 -1.4028219 12.2679014 0.0293754 0.5851465 -0.0499516 0.8088545
38.817070 -0.2142820 -1.4150808 12.3034391 0.0276240 0.5762930 -0.0512360 0.8151675
39.024680 -0.1166682 -1.4272226 12.3408012 0.0260033 0.5690699 -0.0506967 0.8203128
39.232130 -0.0184436 -1.4390414 12.3799114 0.0246400 0.5621783 -0.0501902 0.8251238
39.439710 0.0772557 -1.4506078 12.4202347 0.0249351 0.5551789 -0.0508008 0.8298035
39.647300 0.1715446 -1.4618794 12.4621868 0.0246875 0.5479158 -0.0516911 0.8345699
39.854900 0.2649856 -1.4730465 12.5058546 0.0234258 0.5403221 -0.0504889 0.8396155
40.063320 0.3571157 -1.4840878 12.5504065 0.0205675 0.5326113 -0.0484610 0.8447211
40.270040 0.4471731 -1.4939981 12.5964556 0.0191938 0.5246045 -0.0493177 0.8496996
40.477820 0.5361061 -1.5036016 12.6452293 0.0174705 0.5171100 -0.0492906 0.8543199
40.685040 0.6259108 -1.5131676 12.6944542 0.0176045 0.5087537 -0.0491712 0.8593265
40.892540 0.7128015 -1.5224893 12.7455549 0.0173592 0.5007731 -0.0487454 0.8640306
41.100140 0.8005514 -1.5321692 12.7978363 0.0149813 0.4936925 -0.0473814 0.8682156
41.307630 0.8872380 -1.5403378 12.8523273 0.0125305 0.4895832 -0.0465028 0.8706255
41.515430 0.9747667 -1.5482199 12.9072161 0.0096075 0.4866979 -0.0447445 0.8723708
41.723100 1.0618367 -1.5557288 12.9625683 0.0093450 0.4849293 -0.0444586 0.8733726
41.930550 1.1485987 -1.5630624 13.0179710 0.0110451 0.4832014 -0.0447705 0.8742940
42.138180 1.2361617 -1.5707211 13.0737705 0.0104072 0.4815139 -0.0422361 0.8753583
42.345760 1.3237925 -1.5777428 13.1302738 0.0083977 0.4803936 -0.0399127 0.8761041
42.553870 1.4113569 -1.5842123 13.1869545 0.0063729 0.4794433 -0.0391061 0.8766779
42.864650 1.5424242 -1.5936501 13.2730675 0.0039597 0.4785742 -0.0394140 0.8771532
43.176100 1.6748567 -1.6024063 13.3591881 0.0011532 0.4775340 -0.0373148 0.8778198
43.383520 1.7625790 -1.6076422 13.4170189 -0.0001805 0.4764023 -0.0361907 0.8784822
43.694790 1.8920450 -1.6148908 13.5039730 -0.0023522 0.4733868 -0.0350164 0.8801553
43.902170 1.9780364 -1.6192892 13.5627327 -0.0043164 0.4705956 -0.0332346 0.8817123
44.109610 2.0636563 -1.6233891 13.6219769 -0.0057423 0.4650829 -0.0307785 0.8847133
44.316920 2.1478024 -1.6268933 13.6826725 -0.0054597 0.4586605 -0.0302604 0.8880794
44.628020 2.2714138 -1.6313987 13.7748661 -0.0084555 0.4482589 -0.0284693 0.8934103
44.835670 2.3521428 -1.6338989 13.8384619 -0.0083247 0.4395775 -0.0273502 0.8977495
45.043060 2.4333167 -1.6362263 13.9039497 -0.0076356 0.4288706 -0.0254286 0.9029757
45.250540 2.5137091 -1.6383002 13.9736900 -0.0091513 0.4184041 -0.0240001 0.9078977
45.561770 2.6300340 -1.6406434 14.0797329 -0.0123859 0.4019560 -0.0227677 0.9152921
45.769260 2.7070513 -1.6415371 14.1541882 -0.0166202 0.3913202 -0.0192061 0.9199041
45.976640 2.7831974 -1.6408596 14.2305908 -0.0161377 0.3796414 -0.0151001 0.9248697
46.287790 2.8949618 -1.6394577 14.3505840 -0.0181266 0.3600601 -0.0109340 0.9326889
46.495210 2.9674444 -1.6379211 14.4352846 -0.0195971 0.3471719 -0.0095130 0.9375485
46.702650 3.0388069 -1.6352131 14.5220203 -0.0205290 0.3336462 -0.0077842 0.9424427
46.910140 3.1081719 -1.6329837 14.6127930 -0.0218044 0.3225383 -0.0088608 0.9462638
47.117660 3.1754570 -1.6308328 14.7052526 -0.0227058 0.3134489 -0.0111837 0.9492677
47.325510 3.2424536 -1.6281124 14.7996645 -0.0240968 0.3043632 -0.0133163 0.9521581
47.532920 3.3074532 -1.6248815 14.8962631 -0.0281482 0.2961742 -0.0163462 0.9545791
47.740580 3.3713837 -1.6214666 14.9952793 -0.0312074 0.2895831 -0.0201672 0.9564314
47.948270 3.4346714 -1.6179247 15.0945044 -0.0305876 0.2855219 -0.0236105 0.9575929
48.156010 3.4982424 -1.6143421 15.1947079 -0.0263410 0.2834977 -0.0276654 0.9582118
48.364330 3.5622683 -1.6120818 15.2950659 -0.0270407 0.2825321 -0.0277448 0.9584752
48.571420 3.6270809 -1.6100407 15.3966198 -0.0271475 0.2817116 -0.0270417 0.9587337
48.778960 3.6916933 -1.6079197 15.4981756 -0.0262071 0.2804598 -0.0268797 0.9591314
48.986440 3.7562075 -1.6054699 15.6012125 -0.0255134 0.2782329 -0.0251893 0.9598443
49.193760 3.8202686 -1.6032820 15.7051001 -0.0258628 0.2728142 -0.0237674 0.9614253
49.401170 3.8829274 -1.6006417 15.8102779 -0.0257126 0.2630820 -0.0218018 0.9641843
49.608640 3.9424469 -1.5974035 15.9166861 -0.0256931 0.2507368 -0.0218834 0.9674668
49.816010 3.9981282 -1.5949137 16.0243492 -0.0274503 0.2382149 -0.0225377 0.9705628
50.023270 4.0519772 -1.5917606 16.1330662 -0.0283905 0.2251953 -0.0213404 0.9736661
50.230760 4.1016784 -1.5886543 16.2427940 -0.0292706 0.2120386 -0.0214655 0.9765869
50.438290 4.1481047 -1.5847473 16.3534794 -0.0290770 0.1988964 -0.0248312 0.9792743
50.645900 4.1915741 -1.5811284 16.4655380 -0.0301581 0.1885677 -0.0293531 0.9811581
50.853640 4.2337332 -1.5771286 16.5772305 -0.0301409 0.1821011 -0.0302317 0.9823527
51.061270 4.2757273 -1.5733767 16.6895809 -0.0295271 0.1772581 -0.0286249 0.9833048
51.268910 4.3158531 -1.5700698 16.8023148 -0.0283810 0.1723706 -0.0271306 0.9842494
51.476390 4.3546596 -1.5669079 16.9142895 -0.0267481 0.1668224 -0.0273980 0.9852432
51.683890 4.3920927 -1.5636384 17.0267849 -0.0272278 0.1600188 -0.0275308 0.9863542
51.891290 4.4271951 -1.5598946 17.1403103 -0.0303040 0.1533710 -0.0279593 0.9873081
52.098770 4.4610510 -1.5562012 17.2526569 -0.0276599 0.1483637 -0.0268716 0.9881807
52.306140 4.4945259 -1.5527309 17.3632545 -0.0265399 0.1451737 -0.0245633 0.9887451
52.513900 4.5268955 -1.5501075 17.4733162 -0.0286601 0.1481343 -0.0276939 0.9881639
52.721640 4.5605574 -1.5468378 17.5812454 -0.0295908 0.1592024 -0.0319119 0.9862863
52.929520 4.5965037 -1.5439510 17.6858006 -0.0302544 0.1697861 -0.0311706 0.9845231
53.240640 4.6507406 -1.5394611 17.8335724 -0.0282264 0.1782588 -0.0288129 0.9831566
53.448020 4.6852880 -1.5371250 17.9308739 -0.0267282 0.1770259 -0.0274506 0.9834602
53.655390 4.7194018 -1.5350108 18.0262699 -0.0256924 0.1688198 -0.0239854 0.9850200
53.862640 4.7510071 -1.5324092 18.1232014 -0.0250414 0.1557129 -0.0207507 0.9872668
54.069890 4.7791877 -1.5301821 18.2201118 -0.0248385 0.1372594 -0.0165455 0.9900854
54.277140 4.8033042 -1.5273831 18.3180790 -0.0235560 0.1146717 -0.0144766 0.9930186
54.484400 4.8212514 -1.5251215 18.4160843 -0.0224912 0.0888183 -0.0137411 0.9956990
54.691640 4.8331542 -1.5225649 18.5150681 -0.0205994 0.0604356 -0.0146532 0.9978520
54.899020 4.8395233 -1.5198569 18.6154480 -0.0208933 0.0299435 -0.0142161 0.9992321
55.106520 4.8397326 -1.5176716 18.7158165 -0.0196473 -0.0009305 -0.0141440 0.9997065
55.314140 4.8335371 -1.5157385 18.8164806 -0.0178702 -0.0282135 -0.0156563 0.9993196
55.522020 4.8233848 -1.5123916 18.9189835 -0.0192334 -0.0476101 -0.0188829 0.9985023
55.626020 4.8167124 -1.5113527 18.9703121 -0.0222081 -0.0528310 -0.0222116 0.9981094
55.834140 4.8037128 -1.5082014 19.0735054 -0.0183961 -0.0571925 -0.0255240 0.9978673
55.938270 4.7974410 -1.5069437 19.1260777 -0.0160174 -0.0576175 -0.0262982 0.9978638
56.146400 4.7843747 -1.5043981 19.2335339 -0.0152701 -0.0550265 -0.0275067 0.9979891
56.354520 4.7727060 -1.5026108 19.3424416 -0.0147884 -0.0522160 -0.0258534 0.9981915
56.562530 4.7610655 -1.5003996 19.4538803 -0.0098413 -0.0499602 -0.0240743 0.9984125
56.770390 4.7492256 -1.4987440 19.5683784 -0.0093218 -0.0481984 -0.0236021 0.9985154
56.978150 4.7369995 -1.4969695 19.6851215 -0.0108855 -0.0476209 -0.0254457 0.9984820
57.185780 4.7242222 -1.4951978 19.8039570 -0.0106512 -0.0476426 -0.0278013 0.9984207
57.393270 4.7113576 -1.4933069 19.9238033 -0.0092941 -0.0483592 -0.0283530 0.9983842
57.600640 4.6974134 -1.4924821 20.0456848 -0.0068504 -0.0501111 -0.0272400 0.9983486
57.911640 4.6766567 -1.4923928 20.2301369 -0.0082993 -0.0607563 -0.0202316 0.9979131
58.222770 4.6502781 -1.4923718 20.4140568 -0.0065059 -0.0755560 -0.0163212 0.9969867
58.534020 4.6178341 -1.4927095 20.5977993 -0.0073011 -0.0897488 -0.0145850 0.9958309
58.741650 4.5931787 -1.4930174 20.7181892 -0.0056475 -0.0984323 -0.0152109 0.9950114
58.949150 4.5671811 -1.4932425 20.8374176 -0.0047564 -0.1065227 -0.0148229 0.9941884
59.156650 4.5394793 -1.4938335 20.9565697 -0.0043471 -0.1131060 -0.0130801 0.9934873
59.364270 4.5105615 -1.4949503 21.0751171 -0.0016630 -0.1187658 -0.0097585 0.9928730
59.571770 4.4809947 -1.4958304 21.1926727 0.0008995 -0.1246415 -0.0052439 0.9921876
59.779400 4.4494233 -1.4970700 21.3115101 -0.0007737 -0.1296660 -0.0046076 0.9915468
59.987020 4.4160852 -1.4981935 21.4296856 -0.0008260 -0.1326825 -0.0055482 0.9911427
60.194660 4.3830109 -1.4993682 21.5481491 -0.0041070 -0.1350201 -0.0039540 0.9908264
60.402270 4.3496761 -1.4995103 21.6665955 -0.0056564 -0.1359368 0.0001963 0.9907014
60.609930 4.3161740 -1.4998286 21.7852173 -0.0064036 -0.1367686 0.0043796 0.9905726
60.817540 4.2825360 -1.4997336 21.9038429 -0.0065291 -0.1379519 0.0065723 0.9903956
61.025270 4.2478404 -1.5001743 22.0228577 -0.0082005 -0.1391936 0.0066384 0.9902090
61.232720 4.2124677 -1.5000997 22.1423168 -0.0104536 -0.1402540 0.0045546 0.9900499
61.336500 4.1947150 -1.4997030 22.2018490 -0.0113234 -0.1405103 0.0028872 0.9900103
61.440150 4.1772285 -1.4993566 22.2609215 -0.0121186 -0.1404042 0.0021065 0.9900178
61.543930 4.1598392 -1.4988967 22.3198853 -0.0125619 -0.1396950 0.0014218 0.9901139
61.647800 4.1424809 -1.4982462 22.3791676 -0.0135146 -0.1387741 0.0010378 0.9902313
61.751640 4.1258650 -1.4973710 22.4379311 -0.0146570 -0.1381248 0.0013286 0.9903055
61.855290 4.1084428 -1.4963466 22.4967041 -0.0155100 -0.1372542 0.0004131 0.9904143
62.062800 4.0750127 -1.4950665 22.6127262 -0.0174765 -0.1356860 -0.0019413 0.9905959
62.270350 4.0420756 -1.4926813 22.7290077 -0.0169774 -0.1342434 -0.0016968 0.9908015
62.477810 4.0100546 -1.4905245 22.8441448 -0.0195782 -0.1331069 -0.0004760 0.9909082
62.685330 3.9787130 -1.4881026 22.9589558 -0.0222728 -0.1320838 0.0012398 0.9909875
62.892780 3.9481492 -1.4850248 23.0736427 -0.0226118 -0.1312346 0.0039822 0.9910854
63.100390 3.9175858 -1.4821823 23.1867981 -0.0234518 -0.1308601 0.0073794 0.9910960
63.307710 3.8870344 -1.4790454 23.2984467 -0.0232801 -0.1307931 0.0084370 0.9911004
63.515270 3.8567495 -1.4764112 23.4093437 -0.0260707 -0.1312072 0.0087580 0.9909734
63.722540 3.8267655 -1.4731170 23.5184269 -0.0262169 -0.1315964 0.0087339 0.9909182
63.929910 3.7971649 -1.4699032 23.6262436 -0.0262635 -0.1318391 0.0094285 0.9908783
64.241030 3.7534475 -1.4649221 23.7868156 -0.0279822 -0.1329838 0.0106134 0.9906663
64.448610 3.7239366 -1.4609684 23.8919296 -0.0280220 -0.1331360 0.0086550 0.9906638
64.656230 3.6945558 -1.4571455 23.9955063 -0.0296207 -0.1328573 0.0073246 0.9906654
64.863720 3.6658721 -1.4530017 24.0984516 -0.0318623 -0.1329166 0.0066183 0.9905928
65.071210 3.6374550 -1.4483875 24.2007389 -0.0360036 -0.1339893 0.0071496 0.9903027
65.278910 3.6088943 -1.4430555 24.3023605 -0.0388663 -0.1359598 0.0077135 0.9899216
65.486120 3.5805864 -1.4373094 24.4017525 -0.0405486 -0.1377317 0.0095629 0.9895930
65.693560 3.5520577 -1.4315022 24.5000153 -0.0411218 -0.1392224 0.0099212 0.9893572
65.901040 3.5241413 -1.4252350 24.5971813 -0.0416012 -0.1391377 0.0098228 0.9893501
66.108530 3.4965072 -1.4189922 24.6934967 -0.0418247 -0.1383083 0.0132527 0.9894170
66.315950 3.4694715 -1.4130419 24.7868900 -0.0428641 -0.1375083 0.0139588 0.9894742
66.523350 3.4437666 -1.4077696 24.8771496 -0.0414034 -0.1370408 0.0145734 0.9895924
66.730790 3.4189754 -1.4028035 24.9641457 -0.0401508 -0.1361764 0.0143401 0.9897668
66.938300 3.3943634 -1.3975039 25.0504589 -0.0393907 -0.1353645 0.0149788 0.9898992
67.145890 3.3712907 -1.3926156 25.1344070 -0.0386485 -0.1338449 0.0166327 0.9901087
67.353460 3.3484111 -1.3875903 25.2189503 -0.0376267 -0.1295353 0.0171613 0.9907120
67.561050 3.3265028 -1.3829701 25.3043900 -0.0376463 -0.1209096 0.0153096 0.9918312
67.769210 3.3069134 -1.3776858 25.3903217 -0.0424354 -0.1078863 0.0122640 0.9931815
67.976670 3.2905564 -1.3721025 25.4764481 -0.0449009 -0.0901611 0.0113590 0.9948497
68.184680 3.2775526 -1.3656583 25.5621204 -0.0467145 -0.0677554 0.0085523 0.9965710
68.392670 3.2696943 -1.3592620 25.6488400 -0.0482774 -0.0420154 0.0078581 0.9979190
68.600540 3.2666805 -1.3527670 25.7346497 -0.0460639 -0.0149287 0.0079855 0.9987950
68.808420 3.2677150 -1.3459539 25.8221149 -0.0456886 0.0122038 0.0085106 0.9988449
69.016040 3.2740159 -1.3394277 25.9087944 -0.0467532 0.0385071 0.0104917 0.9981089
69.223670 3.2845767 -1.3326857 25.9959354 -0.0472856 0.0639297 0.0112799 0.9967697
69.431290 3.2998965 -1.3262043 26.0832596 -0.0470984 0.0892281 0.0124835 0.9948187
69.742460 3.3311121 -1.3159888 26.2140522 -0.0448436 0.1237959 0.0135594 0.9912012
69.950110 3.3565269 -1.3095644 26.3020096 -0.0443786 0.1435739 0.0137080 0.9885491
70.157430 3.3857570 -1.3023915 26.3909664 -0.0434820 0.1618128 0.0132041 0.9857746
70.364970 3.4184084 -1.2954109 26.4790821 -0.0428103 0.1803286 0.0134595 0.9825822
70.572360 3.4550514 -1.2880406 26.5673141 -0.0431646 0.1988621 0.0149809 0.9789618
70.779670 3.4951496 -1.2811780 26.6551361 -0.0437978 0.2166548 0.0143947 0.9751591
70.987040 3.5385652 -1.2745180 26.7413387 -0.0414375 0.2339464 0.0141003 0.9712637
71.194400 3.5853233 -1.2677288 26.8259602 -0.0399573 0.2519310 0.0105079 0.9668629
71.401990 3.6360121 -1.2611842 26.9100037 -0.0413632 0.2726291 0.0096866 0.9611809
71.609450 3.6910439 -1.2547686 26.9925232 -0.0432937 0.2953825 0.0093208 0.9543521
71.817050 3.7506580 -1.2478509 27.0712471 -0.0433010 0.3210327 0.0095274 0.9460297
72.024670 3.8145199 -1.2410117 27.1472225 -0.0425688 0.3468390 0.0106347 0.9368978
72.232060 3.8816166 -1.2346400 27.2182732 -0.0425810 0.3716421 0.0129845 0.9273081
72.439440 3.9517422 -1.2282983 27.2859783 -0.0417636 0.3937216 0.0135028 0.9181812
72.646700 4.0253792 -1.2210869 27.3513336 -0.0412669 0.4122177 0.0152569 0.9100224
72.854050 4.1017895 -1.2142382 27.4150734 -0.0426676 0.4298122 0.0154810 0.9017767
73.061450 4.1816149 -1.2071491 27.4754028 -0.0409656 0.4469413 0.0149718 0.8934994
73.268930 4.2656279 -1.1990627 27.5345135 -0.0453367 0.4646995 0.0165022 0.8841530
73.476410 4.3522568 -1.1914023 27.5899639 -0.0467596 0.4843937 0.0163684 0.8734463
73.683940 4.4418964 -1.1837400 27.6404114 -0.0450439 0.5049824 0.0172718 0.8617805
73.891550 4.5353651 -1.1757197 27.6875076 -0.0435237 0.5261555 0.0199166 0.8490403
74.099040 4.6325827 -1.1673595 27.7302551 -0.0424390 0.5476099 0.0220339 0.8353663
74.306540 4.7327127 -1.1597579 27.7687454 -0.0419634 0.5689191 0.0217585 0.8210339
74.514170 4.8364925 -1.1516380 27.8032646 -0.0415041 0.5902505 0.0194096 0.8059188
74.721470 4.9436450 -1.1437473 27.8332882 -0.0423393 0.6117992 0.0182872 0.7896674
74.928950 5.0538464 -1.1359906 27.8570232 -0.0414125 0.6331341 0.0189694 0.7727007
75.136310 5.1667690 -1.1282212 27.8741131 -0.0400544 0.6535219 0.0207478 0.7555622
75.447460 5.3402371 -1.1163602 27.8907471 -0.0381559 0.6821725 0.0209267 0.7298951
75.654690 5.4589839 -1.1085128 27.8946266 -0.0388735 0.7003195 0.0213607 0.7124501
75.862200 5.5797815 -1.1007562 27.8919621 -0.0403341 0.7171564 0.0228415 0.6953691
76.069540 5.7022676 -1.0921438 27.8838100 -0.0403901 0.7342924 0.0207678 0.6773124
76.276990 5.8234434 -1.0838029 27.8696461 -0.0390677 0.7511590 0.0198444 0.6586654
76.484350 5.9474316 -1.0769789 27.8494282 -0.0388057 0.7668493 0.0214605 0.6402935
76.691750 6.0720043 -1.0688137 27.8230686 -0.0349371 0.7807813 0.0217011 0.6234493
76.899070 6.1971412 -1.0605404 27.7922611 -0.0349219 0.7937970 0.0208519 0.6068212
77.106420 6.3204503 -1.0531770 27.7554932 -0.0336265 0.8068201 0.0177800 0.5895714
77.313830 6.4430590 -1.0467143 27.7123241 -0.0344553 0.8188820 0.0153738 0.5727205
77.521170 6.5656643 -1.0409226 27.6641502 -0.0356373 0.8304982 0.0154356 0.5556658
77.624880 6.6264415 -1.0377514 27.6379929 -0.0360943 0.8354374 0.0155735 0.5481780
77.728490 6.6877027 -1.0344174 27.6107864 -0.0355234 0.8397195 0.0168265 0.5415958
77.832140 6.7482338 -1.0314525 27.5827484 -0.0342311 0.8430158 0.0171135 0.5365255
77.935700 6.8092713 -1.0284928 27.5542431 -0.0320538 0.8457648 0.0173700 0.5323090
78.039350 6.8695045 -1.0256163 27.5240574 -0.0298397 0.8474237 0.0188194 0.5297439
78.142930 6.9296036 -1.0224705 27.4936714 -0.0278582 0.8486350 0.0207593 0.5278369
78.246670 6.9907732 -1.0196984 27.4631882 -0.0267196 0.8495532 0.0229391 0.5263261
78.454020 7.1140313 -1.0127128 27.4018841 -0.0263628 0.8504560 0.0248904 0.5247952
78.557850 7.1760402 -1.0094664 27.3710842 -0.0270692 0.8507209 0.0258383 0.5242839
78.661450 7.2383523 -1.0057445 27.3396492 -0.0290309 0.8508401 0.0266962 0.5239424
78.868800 7.3641310 -0.9975194 27.2772827 -0.0299073 0.8516442 0.0282063 0.5225056
78.972430 7.4261851 -0.9932768 27.2458191 -0.0291400 0.8518341 0.0272248 0.5222914
79.081780 7.4889417 -0.9891183 27.2143345 -0.0281135 0.8521397 0.0266158 0.5218804
79.179920 7.5516605 -0.9849373 27.1823006 -0.0268227 0.8524413 0.0267077 0.5214510
79.283570 7.6146317 -0.9814011 27.1505566 -0.0266729 0.8527805 0.0271776 0.5208794
79.387330 7.6770654 -0.9776159 27.1190529 -0.0272303 0.8531736 0.0278741 0.5201696
79.491080 7.7401037 -0.9731458 27.0874138 -0.0281593 0.8534635 0.0286850 0.5196000
79.594920 7.8040876 -0.9681439 27.0543385 -0.0290917 0.8537940 0.0290135 0.5189871
79.698570 7.8678622 -0.9638382 27.0220108 -0.0294658 0.8541946 0.0296689 0.5182694
79.802330 7.9318032 -0.9593952 26.9887123 -0.0294501 0.8543887 0.0300943 0.5179257
79.906130 7.9957318 -0.9547560 26.9552593 -0.0292850 0.8545505 0.0301170 0.5176667
80.009790 8.0600967 -0.9504250 26.9222679 -0.0278184 0.8548898 0.0302210 0.5171811
80.217170 8.1905317 -0.9411920 26.8545074 -0.0267836 0.8549414 0.0301520 0.5171545
80.321020 8.2556820 -0.9368546 26.8208885 -0.0271773 0.8548971 0.0310284 0.5171552
80.424740 8.3214989 -0.9321349 26.7871780 -0.0284379 0.8548921 0.0305095 0.5171265
80.528440 8.3873653 -0.9274940 26.7532215 -0.0272071 0.8549396 0.0285297 0.5172273
80.735850 8.5190506 -0.9195592 26.6850853 -0.0250204 0.8547228 0.0263234 0.5178127
80.943530 8.6542282 -0.9112376 26.6152534 -0.0263544 0.8548499 0.0293444 0.5173742
81.047130 8.7219877 -0.9065128 26.5798759 -0.0261902 0.8548561 0.0294471 0.5173664
81.254550 8.8585339 -0.8969277 26.5100422 -0.0273611 0.8551500 0.0278197 0.5169100
81.358350 8.9268942 -0.8926266 26.4747391 -0.0280509 0.8552028 0.0281323 0.5167686
81.565860 9.0659180 -0.8833965 26.4024849 -0.0270049 0.8554013 0.0279719 0.5165044
81.773370 9.2053013 -0.8746389 26.3297272 -0.0263108 0.8555793 0.0280665 0.5162403
81.980680 9.3483248 -0.8646472 26.2555618 -0.0275883 0.8558082 0.0287109 0.5157586
82.188180 9.4916134 -0.8551797 26.1814651 -0.0295365 0.8559458 0.0254104 0.5155955
82.395640 9.6356487 -0.8461025 26.1076851 -0.0335083 0.8563253 0.0237867 0.5147993
82.603060 9.7787790 -0.8367455 26.0315857 -0.0312293 0.8561643 0.0239069 0.5152047
82.706910 9.8503675 -0.8325211 25.9941273 -0.0291487 0.8561716 0.0253542 0.5152453
82.810450 9.9221220 -0.8280917 25.9559441 -0.0278738 0.8560303 0.0267122 0.5154818
82.914210 9.9939127 -0.8240905 25.9186153 -0.0277831 0.8560420 0.0277815 0.5154108
83.018010 10.0661087 -0.8193101 25.8810387 -0.0285378 0.8560596 0.0279081 0.5153336
83.121720 10.1380529 -0.8147323 25.8434048 -0.0288603 0.8559960 0.0280248 0.5154149
83.225460 10.2097855 -0.8100832 25.8063068 -0.0297468 0.8560024 0.0272101 0.5153974
83.329210 10.2812347 -0.8057589 25.7686577 -0.0276650 0.8561429 0.0273914 0.5152705
83.536780 10.4245968 -0.7973942 25.6933403 -0.0249031 0.8558744 0.0280153 0.5158237
83.640430 10.4961472 -0.7927299 25.6558056 -0.0237617 0.8555574 0.0276083 0.5164249
83.744180 10.5681667 -0.7885221 25.6185474 -0.0275223 0.8551130 0.0285078 0.5169252
83.847930 10.6407032 -0.7837440 25.5820942 -0.0297001 0.8549120 0.0302008 0.5170409
84.055580 10.7849464 -0.7729205 25.5088558 -0.0302313 0.8539980 0.0272681 0.5186810
84.262850 10.9277105 -0.7645018 25.4357548 -0.0295508 0.8528025 0.0254399 0.5207757
84.470300 11.0711622 -0.7559521 25.3635235 -0.0305786 0.8523257 0.0251076 0.5215126
84.677950 11.2134075 -0.7473561 25.2922211 -0.0307928 0.8521409 0.0261332 0.5217516
84.885450 11.3550777 -0.7384852 25.2214565 -0.0300358 0.8528216 0.0246166 0.5207562
85.093050 11.4951229 -0.7301657 25.1498165 -0.0274416 0.8538466 0.0244445 0.5192258
85.300390 11.6347418 -0.7223913 25.0773449 -0.0272309 0.8553481 0.0262866 0.5166693
85.507850 11.7729425 -0.7131613 25.0046787 -0.0273916 0.8570555 0.0276740 0.5137506
85.715200 11.9088926 -0.7050536 24.9316940 -0.0251165 0.8585665 0.0269027 0.5113795
85.922700 12.0437946 -0.6969583 24.8585930 -0.0249160 0.8602796 0.0257536 0.5085616
86.130110 12.1781197 -0.6892903 24.7858219 -0.0275109 0.8618053 0.0259750 0.5058262
86.337580 12.3085785 -0.6813708 24.7129993 -0.0295926 0.8631444 0.0253687 0.5034505
86.545010 12.4357462 -0.6740482 24.6422195 -0.0311133 0.8642430 0.0264139 0.5014163
86.752310 12.5573139 -0.6672536 24.5733795 -0.0327226 0.8651379 0.0251222 0.4998345
86.959810 12.6753101 -0.6602997 24.5066566 -0.0350827 0.8655942 0.0231435 0.4989792
87.167190 12.7888575 -0.6536291 24.4417210 -0.0367996 0.8649776 0.0225059 0.4999531
87.374560 12.8986053 -0.6474383 24.3809719 -0.0373352 0.8629063 0.0215000 0.5035242
87.478210 12.9529266 -0.6438600 24.3519764 -0.0378411 0.8610837 0.0211178 0.5066132
87.581810 13.0060577 -0.6407582 24.3236523 -0.0378466 0.8583570 0.0211213 0.5112188
87.685550 13.0595112 -0.6376228 24.2961006 -0.0379395 0.8548889 0.0209498 0.5169977
87.892930 13.1652794 -0.6313773 24.2440605 -0.0373441 0.8462816 0.0195500 0.5310656
88.100300 13.2717972 -0.6250788 24.1981678 -0.0402832 0.8366348 0.0154082 0.5460606
88.307800 13.3784370 -0.6193863 24.1568394 -0.0408774 0.8262345 0.0125129 0.5617020
88.515060 13.4876099 -0.6134056 24.1184044 -0.0410347 0.8145909 0.0125165 0.5784472
88.722430 13.5988312 -0.6065742 24.0852528 -0.0444897 0.8025947 0.0133109 0.5947145
88.929940 13.7107744 -0.5990670 24.0567703 -0.0487183 0.7901068 0.0126192 0.6108997
89.137430 13.8241730 -0.5912116 24.0325489 -0.0517163 0.7773730 0.0097670 0.6268343
89.344810 13.9382582 -0.5843011 24.0134449 -0.0524313 0.7637755 0.0096920 0.6432760
89.552220 14.0534763 -0.5764086 23.9978714 -0.0488377 0.7476127 0.0090838 0.6622745
89.655800 14.1108551 -0.5728719 23.9927292 -0.0460120 0.7388152 0.0088459 0.6722773
89.863200 14.2282667 -0.5658667 23.9870625 -0.0440089 0.7199493 0.0093801 0.6925665
90.070690 14.3467426 -0.5591085 23.9883881 -0.0447529 0.6997633 0.0095282 0.7129079
90.278050 14.4657898 -0.5516804 23.9975548 -0.0483894 0.6779076 0.0084562 0.7335041
90.485550 14.5854740 -0.5433676 24.0144424 -0.0518278 0.6556148 0.0042765 0.7533026
90.693070 14.7061911 -0.5346181 24.0378113 -0.0525009 0.6334878 0.0006531 0.7719692
90.900550 14.8271160 -0.5261258 24.0682678 -0.0530766 0.6110231 -0.0025703 0.7898272
91.108060 14.9483604 -0.5176470 24.1059914 -0.0557803 0.5879133 -0.0016880 0.8069966
91.315450 15.0681238 -0.5089426 24.1510410 -0.0560289 0.5640879 -0.0023844 0.8238082
91.522930 15.1860237 -0.4995465 24.2033806 -0.0545828 0.5412314 -0.0027929 0.8390957
91.730300 15.3028727 -0.4894545 24.2630539 -0.0589112 0.5192821 -0.0016386 0.8525684
91.937810 15.4183464 -0.4783173 24.3291759 -0.0610269 0.4979875 0.0009466 0.8650337
92.145310 15.5321350 -0.4660738 24.4011898 -0.0617283 0.4777854 0.0006636 0.8763049
92.352950 15.6449261 -0.4539516 24.4798126 -0.0639890 0.4605876 -0.0024158 0.8853015
92.560560 15.7567024 -0.4407449 24.5636978 -0.0655071 0.4464186 -0.0051418 0.8924084
92.768320 15.8675251 -0.4272678 24.6508408 -0.0662689 0.4345408 -0.0060744 0.8981903
92.975930 15.9769859 -0.4138851 24.7408447 -0.0639780 0.4235891 -0.0063937 0.9035697
93.079680 16.0306206 -0.4072177 24.7867508 -0.0626562 0.4187819 -0.0067705 0.9058974
93.287430 16.1364288 -0.3947992 24.8800354 -0.0634713 0.4125060 -0.0068993 0.9087148
93.495180 16.2404537 -0.3827136 24.9720726 -0.0653796 0.4086433 -0.0064779 0.9103264
93.702820 16.3442612 -0.3693144 25.0649662 -0.0658711 0.4058091 -0.0061417 0.9115604
93.910430 16.4472065 -0.3555613 25.1599312 -0.0652375 0.4034246 -0.0077855 0.9126511
94.221930 16.6004505 -0.3359544 25.3012371 -0.0618934 0.4020138 -0.0066987 0.9135148
94.429560 16.7018166 -0.3236735 25.3944321 -0.0632097 0.4035013 -0.0062495 0.9127717
94.741060 16.8484573 -0.3064079 25.5267906 -0.0662295 0.4113338 -0.0079360 0.9090408
94.948810 16.9438477 -0.2952061 25.6099930 -0.0648482 0.4192744 -0.0106016 0.9054785
95.156550 17.0386009 -0.2851341 25.6886806 -0.0625153 0.4306137 -0.0108336 0.9003035
95.364430 17.1328659 -0.2763834 25.7615852 -0.0592179 0.4430822 -0.0096158 0.8944713
95.572310 17.2259693 -0.2682960 25.8284073 -0.0564296 0.4561030 -0.0075967 0.8881036
95.780180 17.3166790 -0.2616165 25.8890362 -0.0475420 0.4700773 -0.0056305 0.8813259
95.988060 17.4030876 -0.2574897 25.9438858 -0.0369075 0.4849203 -0.0129941 0.8736826
96.196060 17.4892788 -0.2543161 25.9938107 -0.0315683 0.5028535 -0.0162542 0.8636420
96.404190 17.5743980 -0.2531207 26.0390606 -0.0341548 0.5255857 -0.0175361 0.8498738
96.612440 17.6608067 -0.2515647 26.0755272 -0.0351455 0.5521940 -0.0140549 0.8328559
96.820810 17.7472343 -0.2506012 26.1047173 -0.0276112 0.5841948 -0.0125041 0.8110473
97.029060 17.8344154 -0.2507521 26.1259117 -0.0183221 0.6167653 -0.0156486 0.7867783
97.237310 17.9245262 -0.2521266 26.1414280 -0.0146756 0.6494405 -0.0165566 0.7600905
97.445440 18.0170326 -0.2538006 26.1495457 -0.0180421 0.6808215 -0.0134508 0.7321035
97.653560 18.1080399 -0.2548381 26.1486797 -0.0162881 0.7123752 -0.0094327 0.7015464
97.861590 18.1982117 -0.2561152 26.1400414 -0.0141925 0.7420914 -0.0100310 0.6700733
97.965440 18.2429810 -0.2566774 26.1330719 -0.0108948 0.7556829 -0.0100278 0.6547702
98.173060 18.3314743 -0.2584716 26.1136932 -0.0045604 0.7779694 -0.0080388 0.6282341
98.276830 18.3755760 -0.2597804 26.1026344 -0.0051887 0.7872947 -0.0078040 0.6165056
98.484190 18.4632454 -0.2619170 26.0765724 -0.0048602 0.8016744 -0.0054054 0.5977167
98.691560 18.5503769 -0.2639700 26.0472469 -0.0032582 0.8125450 -0.0038292 0.5828768
98.899080 18.6381893 -0.2655887 26.0140400 -0.0018773 0.8229582 -0.0019925 0.5680954
99.106560 18.7253456 -0.2676012 25.9772034 -0.0002327 0.8337366 -0.0006214 0.5521619
99.314190 18.8119221 -0.2690229 25.9371624 -0.0015609 0.8471237 -0.0017173 0.5313907
99.522160 18.8947830 -0.2710220 25.8920422 0.0007965 0.8620926 -0.0035000 0.5067382
99.626160 18.9353294 -0.2718872 25.8671074 0.0007270 0.8705174 -0.0041729 0.4921193
99.834080 19.0125046 -0.2745195 25.8131180 0.0003494 0.8885660 -0.0012441 0.4587469
100.042100 19.0840302 -0.2767505 25.7517433 0.0041365 0.9066140 0.0011473 0.4219390
100.250100 19.1512947 -0.2782433 25.6854744 0.0055239 0.9236798 0.0008065 0.3831246
100.458100 19.2108593 -0.2800748 25.6149883 0.0080490 0.9391189 0.0030469 0.3434846
100.666000 19.2637711 -0.2820004 25.5407238 0.0106349 0.9525419 0.0057085 0.3041679
100.873800 19.3104401 -0.2832842 25.4639168 0.0135289 0.9630374 0.0049465 0.2689825
101.081300 19.3514214 -0.2848715 25.3845139 0.0175473 0.9709643 0.0031031 0.2385598
101.288700 19.3884125 -0.2866341 25.3023663 0.0189383 0.9774286 0.0040012 0.2103774
101.496100 19.4209995 -0.2874842 25.2170601 0.0218050 0.9829928 0.0059340 0.1822484
101.703400 19.4484005 -0.2879019 25.1295128 0.0236097 0.9879530 0.0083505 0.1527146
101.910900 19.4713402 -0.2896436 25.0398693 0.0255104 0.9922438 0.0071937 0.1214484
102.118500 19.4876957 -0.2900310 24.9492569 0.0275122 0.9957227 0.0055495 0.0880267
102.326100 19.4974918 -0.2904607 24.8560467 0.0298990 0.9980093 0.0112402 0.0543794
102.533600 19.5020714 -0.2900453 24.7620583 0.0292683 0.9992985 0.0116496 0.0202542
102.741200 19.5002136 -0.2895165 24.6659813 0.0293880 0.9994323 0.0098108 -0.0132371
102.948700 19.4912033 -0.2887947 24.5678349 0.0314972 0.9984832 0.0093840 -0.0441710
103.156200 19.4765930 -0.2879636 24.4673500 0.0331641 0.9968253 0.0086920 -0.0718601
103.363600 19.4572868 -0.2873789 24.3654251 0.0344254 0.9949512 0.0077778 -0.0939488
103.571100 19.4343739 -0.2864563 24.2617626 0.0332231 0.9932222 0.0053529 -0.1112534
103.778400 19.4075317 -0.2857345 24.1548901 0.0317166 0.9915295 0.0057292 -0.1258190
103.985900 19.3776207 -0.2854307 24.0461369 0.0313723 0.9899589 0.0074220 -0.1376301
104.193200 19.3447266 -0.2842707 23.9351616 0.0338791 0.9889801 0.0079433 -0.1439012
104.400600 19.3109245 -0.2831998 23.8221130 0.0340845 0.9885841 0.0045414 -0.1466941
104.711700 19.2576542 -0.2819893 23.6470757 0.0363310 0.9881055 0.0063485 -0.1492893
104.919200 19.2206593 -0.2808337 23.5271988 0.0373856 0.9878547 0.0074333 -0.1506327
105.126600 19.1824150 -0.2799737 23.4048653 0.0376763 0.9875988 0.0062806 -0.1522815
105.437900 19.1231422 -0.2781876 23.2166462 0.0378585 0.9872190 0.0059342 -0.1546935
105.645400 19.0823784 -0.2770534 23.0879498 0.0385903 0.9868852 0.0057182 -0.1566384
105.956700 19.0189552 -0.2760773 22.8915157 0.0395333 0.9864389 0.0065195 -0.1591633
106.267900 18.9532089 -0.2742759 22.6931305 0.0375108 0.9861019 0.0089416 -0.1616047
106.579200 18.8863125 -0.2722439 22.4927788 0.0374704 0.9857091 0.0071687 -0.1640799
106.890600 18.8186436 -0.2701237 22.2917404 0.0376999 0.9859141 0.0084117 -0.1627312
107.201800 18.7542210 -0.2687126 22.0901833 0.0330107 0.9869094 0.0058654 -0.1577523
107.512900 18.6921349 -0.2688282 21.8880749 0.0272029 0.9883693 0.0008370 -0.1496178
107.824300 18.6362190 -0.2708400 21.6854477 0.0203809 0.9900929 0.0028952 -0.1388966
108.031600 18.6015701 -0.2717166 21.5510311 0.0203250 0.9916219 0.0062876 -0.1274105
108.342700 18.5557175 -0.2724966 21.3465233 0.0213068 0.9942696 0.0037164 -0.1046905
108.550200 18.5318069 -0.2733981 21.2103481 0.0188305 0.9957036 0.0010968 -0.0906564
108.757800 18.5100288 -0.2748630 21.0729618 0.0193338 0.9968330 0.0028125 -0.0770858
108.965300 18.4924603 -0.2766119 20.9356709 0.0203058 0.9977941 0.0031506 -0.0631248
109.173100 18.4788475 -0.2780195 20.7969761 0.0170627 0.9985999 0.0051246 -0.0498085
109.380500 18.4692326 -0.2792718 20.6587601 0.0147146 0.9991794 0.0068578 -0.0371089
109.588000 18.4626484 -0.2795124 20.5204926 0.0126577 0.9996067 0.0063911 -0.0241944
109.795400 18.4589691 -0.2797965 20.3806458 0.0128479 0.9998240 0.0078980 -0.0111525
110.003000 18.4602966 -0.2806560 20.2418900 0.0120269 0.9998787 0.0098106 0.0013081
110.210600 18.4637737 -0.2805761 20.1033020 0.0136272 0.9997789 0.0085184 0.0135605
110.418100 18.4708385 -0.2806472 19.9639893 0.0142804 0.9995539 0.0062719 0.0254719
110.729500 18.4875298 -0.2829587 19.7558861 0.0128892 0.9990271 0.0052383 0.0418485
110.937100 18.5022774 -0.2842445 19.6160660 0.0122236 0.9986055 0.0034116 0.0512431
111.144800 18.5186272 -0.2866139 19.4790382 0.0113924 0.9981041 0.0035770 0.0603795
111.352300 18.5392036 -0.2875296 19.3410091 0.0094329 0.9975932 0.0056819 0.0684592
111.663700 18.5735092 -0.2901171 19.1405487 0.0080506 0.9967059 0.0055409 0.0805093
111.871200 18.5982704 -0.2910273 19.0055714 0.0063111 0.9961131 0.0064521 0.0876205
112.078600 18.6246948 -0.2916860 18.8720531 0.0053177 0.9954671 0.0082798 0.0945956
112.288100 18.6529026 -0.2920327 18.7409554 0.0047091 0.9948143 0.0073754 0.1013306
112.493600 18.6814613 -0.2936528 18.6132622 0.0041944 0.9940857 0.0041976 0.1084359
112.701100 18.7109013 -0.2957122 18.4888248 0.0049934 0.9932886 0.0020762 0.1155360
112.908600 18.7415562 -0.2984927 18.3692551 0.0063207 0.9923869 -0.0006985 0.1229948
113.116300 18.7724895 -0.3021701 18.2555866 0.0063383 0.9914069 -0.0084142 0.1303897
113.323800 18.8030262 -0.3077702 18.1493168 0.0047116 0.9904752 -0.0182387 0.1363961
113.531400 18.8334770 -0.3142348 18.0490761 0.0044014 0.9897717 -0.0248463 0.1404110
113.739100 18.8628445 -0.3214927 17.9543381 0.0051742 0.9892865 -0.0324633 0.1422376
114.050700 18.9021606 -0.3341984 17.8153954 0.0101745 0.9895645 -0.0297495 0.1406181
114.258700 18.9270763 -0.3419945 17.7234459 0.0123973 0.9907412 -0.0298974 0.1318495
114.571200 18.9559917 -0.3518992 17.5872803 0.0168094 0.9943359 -0.0249061 0.1019472
114.883900 18.9725246 -0.3600464 17.4508724 0.0203258 0.9983782 -0.0145065 0.0511602
115.092200 18.9741535 -0.3637139 17.3611069 0.0222727 0.9996579 -0.0094395 0.0099450
115.300700 18.9675102 -0.3671386 17.2729301 0.0249936 0.9991114 -0.0057027 -0.0334567
115.509500 18.9538326 -0.3688735 17.1850300 0.0225171 0.9966103 -0.0028950 -0.0790729
115.717200 18.9311142 -0.3696786 17.0970058 0.0247949 0.9919215 0.0026007 -0.1243792
115.925200 18.9003983 -0.3700072 17.0092125 0.0229776 0.9851200 0.0066717 -0.1701943
116.133100 18.8615303 -0.3694863 16.9250546 0.0221915 0.9763326 0.0074407 -0.2150044
116.341000 18.8135223 -0.3684058 16.8425026 0.0260139 0.9658619 0.0081056 -0.2576206
116.548600 18.7573414 -0.3665546 16.7621460 0.0295424 0.9548768 0.0085852 -0.2954044
116.756100 18.6948872 -0.3650748 16.6840515 0.0325509 0.9443059 0.0069228 -0.3273819
116.963400 18.6257915 -0.3620991 16.6070080 0.0367039 0.9351261 0.0033261 -0.3523933
117.170600 18.5511494 -0.3598935 16.5289860 0.0394490 0.9279660 0.0016836 -0.3705672
117.377900 18.4708843 -0.3574071 16.4496861 0.0402952 0.9219958 0.0006887 -0.3850969
117.585200 18.3854904 -0.3546886 16.3688984 0.0408457 0.9165970 -0.0002631 -0.3977203
117.792500 18.2941322 -0.3518194 16.2862549 0.0428902 0.9135984 -0.0010760 -0.4043481
117.999600 18.1992912 -0.3486583 16.1992264 0.0454347 0.9143618 -0.0010429 -0.4023395
118.207000 18.1029148 -0.3453640 16.1073761 0.0426411 0.9161109 0.0006026 -0.3986504
118.414300 18.0040989 -0.3421634 16.0131607 0.0401229 0.9168254 0.0008698 -0.3972664
118.621700 17.9022560 -0.3395340 15.9156170 0.0393539 0.9173985 0.0013678 -0.3960169
118.829100 17.7981472 -0.3373141 15.8155069 0.0390969 0.9180725 0.0007043 -0.3944793
119.140500 17.6370106 -0.3332082 15.6598091 0.0380680 0.9191872 -0.0014115 -0.3919740
119.347800 17.5279732 -0.3312262 15.5529213 0.0361093 0.9200865 -0.0037309 -0.3900295
119.555300 17.4193535 -0.3310095 15.4454489 0.0342701 0.9210072 -0.0045176 -0.3880088
119.866500 17.2538090 -0.3300262 15.2797518 0.0355474 0.9226558 -0.0022811 -0.3839760
120.177500 17.0878086 -0.3281374 15.1084290 0.0357362 0.9258034 0.0008663 -0.3763115
120.488500 16.9256001 -0.3263054 14.9348402 0.0360671 0.9299630 -0.0007199 -0.3658791
120.799500 16.7673588 -0.3257560 14.7563095 0.0389346 0.9368908 -0.0038242 -0.3474262
121.110500 16.6156044 -0.3254668 14.5670443 0.0382144 0.9451301 -0.0051784 -0.3244101
121.421600 16.4752350 -0.3258409 14.3702507 0.0346810 0.9518866 -0.0028354 -0.3044686
121.732800 16.3395996 -0.3263854 14.1674891 0.0346823 0.9577055 -0.0028108 -0.2856387
121.940300 16.2541809 -0.3274488 14.0286388 0.0335076 0.9612328 -0.0037079 -0.2736695
122.147800 16.1702518 -0.3288059 13.8864994 0.0338243 0.9646018 -0.0060720 -0.2614623
122.355300 16.0890770 -0.3308823 13.7407160 0.0354934 0.9672812 -0.0058653 -0.2511429
122.563000 16.0089359 -0.3320393 13.5921593 0.0370624 0.9691098 -0.0053905 -0.2437694
122.770700 15.9305954 -0.3324846 13.4411612 0.0361174 0.9700948 -0.0047140 -0.2399779
122.978500 15.8532867 -0.3346309 13.2899618 0.0348224 0.9704174 -0.0047889 -0.2388609
123.186200 15.7736950 -0.3366621 13.1364546 0.0346530 0.9709200 -0.0056716 -0.2368152
123.393800 15.6945009 -0.3374804 12.9806347 0.0363363 0.9716736 -0.0051217 -0.2334606
123.601500 15.6156139 -0.3390744 12.8238211 0.0404623 0.9721919 -0.0062641 -0.2305785
123.809100 15.5366135 -0.3406404 12.6652508 0.0405088 0.9725865 -0.0095118 -0.2287883
123.913000 15.4966221 -0.3415134 12.5845966 0.0407977 0.9726862 -0.0082383 -0.2283622
124.016700 15.4566574 -0.3423762 12.5032835 0.0408130 0.9727739 -0.0057369 -0.2280621
124.224400 15.3751707 -0.3429282 12.3402519 0.0456120 0.9726122 -0.0041440 -0.2278769
124.431900 15.2942371 -0.3433494 12.1765480 0.0489664 0.9722410 -0.0074050 -0.2286810
124.535600 15.2523022 -0.3438329 12.0934200 0.0494500 0.9721366 -0.0076274 -0.2290131
124.743100 15.1712227 -0.3451828 11.9268341 0.0462203 0.9717383 -0.0056209 -0.2314232
124.950600 15.0874815 -0.3458434 11.7588768 0.0406745 0.9709060 -0.0030681 -0.2359611
125.054300 15.0447521 -0.3458730 11.6743231 0.0369546 0.9703056 -0.0015623 -0.2390374
125.262000 14.9560070 -0.3463067 11.5053520 0.0331875 0.9686824 -0.0029728 -0.2460573
125.365700 14.9103889 -0.3457179 11.4219952 0.0323355 0.9677148 -0.0033956 -0.2499419
125.573100 14.8157616 -0.3468304 11.2530651 0.0356900 0.9654624 -0.0009271 -0.2580845
125.780600 14.7161398 -0.3462392 11.0867653 0.0411665 0.9630601 -0.0031660 -0.2661023
125.988000 14.6139164 -0.3461916 10.9208183 0.0425189 0.9609659 -0.0067655 -0.2732963
126.195500 14.5078487 -0.3456215 10.7537012 0.0441413 0.9588432 -0.0027807 -0.2804703
126.403000 14.3992777 -0.3442733 10.5872231 0.0497740 0.9570003 -0.0012245 -0.2857823
126.506600 14.3445196 -0.3435994 10.5046139 0.0502341 0.9565938 -0.0032222 -0.2870444
126.610300 14.2895737 -0.3427916 10.4218473 0.0510906 0.9561558 -0.0056783 -0.2883114
126.714100 14.2349892 -0.3427328 10.3385315 0.0481972 0.9560298 -0.0044371 -0.2892480
126.817800 14.1802816 -0.3422799 10.2549057 0.0471830 0.9557384 -0.0040604 -0.2903815
126.921600 14.1261597 -0.3420210 10.1715546 0.0441950 0.9556613 -0.0027039 -0.2911203
127.025200 14.0703793 -0.3414906 10.0879612 0.0447157 0.9554274 -0.0025338 -0.2918092
127.232700 13.9577618 -0.3398686 9.9202709 0.0452409 0.9553755 -0.0006013 -0.2919085
127.440100 13.8456068 -0.3388294 9.7515774 0.0441755 0.9553725 -0.0006312 -0.2920815
127.647600 13.7313633 -0.3369648 9.5815601 0.0415760 0.9554762 0.0003228 -0.2921243
127.855000 13.6182384 -0.3358324 9.4106407 0.0421871 0.9547786 0.0022644 -0.2943009
128.062200 13.5025063 -0.3330137 9.2390528 0.0425367 0.9542241 0.0011738 -0.2960499
128.269700 13.3866520 -0.3298616 9.0646353 0.0406183 0.9538114 0.0015032 -0.2976436
128.580700 13.2048759 -0.3269525 8.8024158 0.0421975 0.9540151 0.0020967 -0.2967661
128.684500 13.1445541 -0.3252705 8.7137375 0.0424872 0.9540876 0.0010027 -0.2964973
128.891800 13.0248241 -0.3230407 8.5370665 0.0416168 0.9542245 0.0010159 -0.2961801
128.995500 12.9657097 -0.3232872 8.4486256 0.0414903 0.9541917 0.0020384 -0.2962983
129.099100 12.9060411 -0.3219255 8.3607416 0.0413357 0.9542727 0.0021056 -0.2960581
129.202800 12.8470020 -0.3206472 8.2718334 0.0410849 0.9542353 0.0019045 -0.2962153
129.306600 12.7869740 -0.3199847 8.1829634 0.0416689 0.9541824 0.0014936 -0.2963063
129.410300 12.7269115 -0.3189164 8.0931635 0.0411630 0.9541556 0.0010343 -0.2964651
129.514100 12.6652803 -0.3183577 8.0031500 0.0416878 0.9541766 0.0012118 -0.2963236
129.617800 12.6039705 -0.3173294 7.9127603 0.0423753 0.9541627 0.0013507 -0.2962701
129.721600 12.5431805 -0.3157727 7.8223996 0.0432125 0.9540339 0.0014611 -0.2965634
129.825300 12.4798613 -0.3149633 7.7307353 0.0440280 0.9540149 0.0015642 -0.2965040
129.929100 12.4173584 -0.3138430 7.6394949 0.0452086 0.9539210 0.0013232 -0.2966298
130.032700 12.3539524 -0.3124659 7.5480466 0.0463678 0.9538406 -0.0001131 -0.2967124
130.136500 12.2908840 -0.3116687 7.4562988 0.0469541 0.9537083 -0.0013371 -0.2970422
130.240200 12.2273350 -0.3106600 7.3645649 0.0475147 0.9535521 -0.0012892 -0.2974542
130.343800 12.1643438 -0.3095345 7.2725906 0.0463407 0.9533231 -0.0006300 -0.2983743
130.447600 12.1013184 -0.3082231 7.1798720 0.0448083 0.9529064 0.0000837 -0.2999362
130.551300 12.0375376 -0.3074413 7.0874491 0.0436317 0.9525655 0.0017071 -0.3011850
130.655000 11.9733715 -0.3062821 6.9960308 0.0442713 0.9520759 0.0028086 -0.3026280
130.758700 11.9091187 -0.3047967 6.9044185 0.0443107 0.9518127 0.0023128 -0.3034531
130.966100 11.7790413 -0.3019262 6.7219687 0.0433336 0.9512766 0.0007927 -0.3052776
131.070000 11.7144957 -0.3010938 6.6302891 0.0429468 0.9510382 0.0006235 -0.3060742
131.173700 11.6485310 -0.2992420 6.5386505 0.0430709 0.9508876 0.0009653 -0.3065235
131.277500 11.5836601 -0.2975199 6.4482436 0.0449246 0.9506851 0.0019740 -0.3068806
131.381100 11.5174656 -0.2957951 6.3570824 0.0460779 0.9505777 0.0023827 -0.3070394
131.484800 11.4512358 -0.2933228 6.2651196 0.0470898 0.9504219 0.0015669 -0.3073734
131.588500 11.3868237 -0.2916853 6.1749640 0.0478020 0.9502389 0.0015658 -0.3078287
131.692200 11.3204060 -0.2897909 6.0834942 0.0492041 0.9501216 0.0021136 -0.3079667
131.899600 11.1890678 -0.2855404 5.9020276 0.0508330 0.9500846 0.0015077 -0.3078196
132.003300 11.1230431 -0.2841309 5.8110504 0.0506933 0.9501843 0.0009381 -0.3075370
132.210600 10.9929695 -0.2809126 5.6292191 0.0490024 0.9506104 0.0014536 -0.3064907
132.418000 10.8634481 -0.2779555 5.4465103 0.0480612 0.9510824 0.0026067 -0.3051648
132.625500 10.7354326 -0.2745964 5.2636976 0.0472508 0.9516705 0.0030500 -0.3034489
132.832800 10.6081018 -0.2722817 5.0803556 0.0429420 0.9524375 0.0004166 -0.3016930
133.040100 10.4823847 -0.2708955 4.8963480 0.0402923 0.9532207 0.0029027 -0.2995636
133.247500 10.3555260 -0.2680134 4.7115040 0.0400923 0.9540184 0.0045888 -0.2970192
133.454800 10.2294064 -0.2646481 4.5262918 0.0425082 0.9548861 0.0043687 -0.2938819
133.662200 10.1049137 -0.2615986 4.3406057 0.0442414 0.9559193 0.0036384 -0.2902547
133.869700 9.9819117 -0.2586131 4.1535449 0.0452566 0.9576774 0.0035576 -0.2842414
134.077100 9.8620033 -0.2566460 3.9641855 0.0424506 0.9597896 0.0014435 -0.2774884
134.284500 9.7457161 -0.2546096 3.7722833 0.0402309 0.9617643 0.0026429 -0.2708947
134.491900 9.6305885 -0.2530327 3.5787437 0.0406408 0.9636084 0.0046128 -0.2641703
134.595600 9.5754910 -0.2519012 3.4825711 0.0390049 0.9645182 0.0032576 -0.2610990
134.803100 9.4667778 -0.2501935 3.2903662 0.0393294 0.9659524 0.0012782 -0.2557098
135.010600 9.3587074 -0.2479812 3.0959244 0.0408355 0.9669024 0.0022950 -0.2518472
135.218100 9.2509623 -0.2471981 2.9014626 0.0429281 0.9674355 0.0015400 -0.2494462
135.425700 9.1443024 -0.2460539 2.7052777 0.0419502 0.9680961 -0.0000624 -0.2470427
135.529500 9.0904932 -0.2457771 2.6059594 0.0409881 0.9685106 0.0007074 -0.2455744
135.633100 9.0381269 -0.2456144 2.5074012 0.0408872 0.9688153 0.0014179 -0.2443831
135.840600 8.9335499 -0.2447834 2.3095012 0.0404385 0.9694928 0.0019580 -0.2417531
135.944200 8.8815327 -0.2442598 2.2101192 0.0406271 0.9698067 0.0013964 -0.2404630
136.151600 8.7772999 -0.2432269 2.0107629 0.0431238 0.9703795 0.0008881 -0.2377042
136.255200 8.7251053 -0.2431496 1.9107783 0.0439869 0.9706611 0.0003714 -0.2363938
136.462700 8.6237106 -0.2424763 1.7108595 0.0406392 0.9712064 0.0000911 -0.2347481
136.670200 8.5228901 -0.2415900 1.5087035 0.0376731 0.9715713 0.0036060 -0.2337027
136.877700 8.4218369 -0.2404488 1.3069782 0.0370315 0.9718026 0.0038936 -0.2328373
137.085100 8.3217621 -0.2394295 1.1067131 0.0377466 0.9719549 0.0036324 -0.2320899
137.292500 8.2214985 -0.2391033 0.9050226 0.0369486 0.9721587 0.0017413 -0.2313853
137.500000 8.1219091 -0.2391966 0.7029996 0.0359714 0.9723855 0.0020827 -0.2305821
137.707400 8.0214062 -0.2381224 0.4995999 0.0358703 0.9727810 0.0017405 -0.2289266
137.914700 7.9216776 -0.2377898 0.2968051 0.0367368 0.9731551 0.0017840 -0.2271921
138.122100 7.8226771 -0.2379386 0.0935941 0.0378256 0.9734064 -0.0000446 -0.2259408
138.225900 7.7734408 -0.2381367 -0.0077860 0.0383021 0.9734323 -0.0004571 -0.2257482
138.433400 7.6744308 -0.2385561 -0.2099161 0.0379682 0.9731211 -0.0005008 -0.2271419
138.537100 7.6264067 -0.2388916 -0.3113043 0.0369468 0.9726248 0.0001340 -0.2294250
138.744700 7.5248227 -0.2384858 -0.5126634 0.0347980 0.9715708 0.0025670 -0.2341636
138.848500 7.4739690 -0.2387934 -0.6127431 0.0342857 0.9707533 0.0041704 -0.2375819
139.056000 7.3684144 -0.2369192 -0.8116536 0.0331090 0.9688456 0.0060935 -0.2453667
139.263600 7.2602081 -0.2351438 -1.0081630 0.0302975 0.9665120 0.0047982 -0.2547817
139.367400 7.2056856 -0.2349733 -1.1055930 0.0291726 0.9651427 0.0052354 -0.2600405
139.574900 7.0919552 -0.2340921 -1.2999275 0.0283620 0.9623137 0.0057451 -0.2703978
139.782200 6.9729838 -0.2317671 -1.4912834 0.0292505 0.9593306 0.0057453 -0.2807067
139.989700 6.8498211 -0.2307304 -1.6784091 0.0308346 0.9561386 0.0056792 -0.2912320
140.197100 6.7228756 -0.2279420 -1.8623301 0.0337408 0.9523558 0.0046453 -0.3030816
140.300900 6.6578865 -0.2265425 -1.9528030 0.0351369 0.9504582 0.0055021 -0.3088110
140.508200 6.5253401 -0.2236191 -2.1309223 0.0382189 0.9465228 0.0057104 -0.3203145
140.612000 6.4575682 -0.2218694 -2.2190809 0.0384529 0.9447656 0.0042759 -0.3254551
140.715600 6.3888035 -0.2203551 -2.3060668 0.0392087 0.9432333 0.0028742 -0.3297960
140.819400 6.3193793 -0.2188733 -2.3930371 0.0392195 0.9419363 0.0023447 -0.3334851
140.923100 6.2492065 -0.2179072 -2.4792747 0.0410238 0.9406226 0.0010524 -0.3369643
141.026700 6.1782789 -0.2159362 -2.5643158 0.0440109 0.9394359 0.0003555 -0.3398870
141.130500 6.1080060 -0.2146459 -2.6495833 0.0444975 0.9383171 0.0006546 -0.3429003
141.234200 6.0356750 -0.2130395 -2.7346311 0.0457787 0.9370757 -0.0008132 -0.3461109
141.338000 5.9635291 -0.2115422 -2.8195672 0.0450943 0.9360051 -0.0006537 -0.3490854
141.441700 5.8904409 -0.2103379 -2.9044247 0.0428750 0.9352204 -0.0000767 -0.3514607
141.545500 5.8164554 -0.2086778 -2.9883828 0.0440515 0.9342303 -0.0003622 -0.3539392
141.649100 5.7425961 -0.2068573 -3.0729208 0.0441077 0.9333017 0.0012185 -0.3563720
141.752900 5.6673465 -0.2052754 -3.1572456 0.0444997 0.9324780 0.0024305 -0.3584672
141.856600 5.5916662 -0.2033048 -3.2410095 0.0437083 0.9319770 0.0021878 -0.3598661
141.960200 5.5159154 -0.2013776 -3.3245752 0.0422789 0.9313421 0.0017114 -0.3616787
142.064000 5.4398022 -0.1994116 -3.4081078 0.0420270 0.9305745 0.0032261 -0.3636681
142.167700 5.3633394 -0.1969939 -3.4911771 0.0422463 0.9295192 0.0047410 -0.3663152
142.271500 5.2855105 -0.1942143 -3.5737414 0.0429866 0.9281368 0.0039835 -0.3697273
142.375400 5.2074623 -0.1916509 -3.6559467 0.0422912 0.9266192 0.0033957 -0.3735999
142.479100 5.1278539 -0.1894527 -3.7380819 0.0422247 0.9249675 0.0025932 -0.3776843
142.582700 5.0471954 -0.1872543 -3.8197572 0.0429593 0.9235036 0.0016300 -0.3811730
142.686500 4.9664106 -0.1850464 -3.9006479 0.0431408 0.9225610 0.0016570 -0.3834285
142.893700 4.8058820 -0.1806425 -4.0616350 0.0431164 0.9212615 0.0032755 -0.3865325
143.101100 4.6441059 -0.1759859 -4.2215948 0.0428521 0.9209061 0.0043671 -0.3873972
143.308500 4.4836836 -0.1703621 -4.3818951 0.0424322 0.9215624 0.0054872 -0.3858655
143.515900 4.3209500 -0.1661810 -4.5440764 0.0401736 0.9224727 0.0042808 -0.3839425
143.723300 4.1620350 -0.1616410 -4.7046041 0.0389630 0.9228066 0.0002963 -0.3832883
143.930600 4.0019636 -0.1581347 -4.8652558 0.0429835 0.9230195 0.0008379 -0.3823436
144.138000 3.8436410 -0.1539703 -5.0256562 0.0441758 0.9229195 0.0013303 -0.3824479
144.345400 3.6818209 -0.1506937 -5.1890998 0.0422714 0.9227136 0.0002760 -0.3831613
144.449100 3.5991266 -0.1487374 -5.2717094 0.0414376 0.9226190 0.0008958 -0.3834791
144.656500 3.4367790 -0.1447730 -5.4343567 0.0414453 0.9221394 0.0025964 -0.3846225
144.864000 3.2735410 -0.1410346 -5.5970540 0.0408361 0.9214451 0.0032392 -0.3863429
145.071600 3.1089463 -0.1371726 -5.7589874 0.0405431 0.9202953 0.0025188 -0.3891099
145.175400 3.0249236 -0.1345911 -5.8400683 0.0409507 0.9198252 0.0033742 -0.3901708
145.279100 2.9419117 -0.1325018 -5.9206676 0.0407450 0.9193228 0.0039654 -0.3913691
145.382900 2.8587589 -0.1300869 -6.0006776 0.0403193 0.9188709 0.0041943 -0.3924704
145.486600 2.7753358 -0.1270144 -6.0815830 0.0398734 0.9184324 0.0053020 -0.3935277
145.590400 2.6907840 -0.1247461 -6.1620889 0.0405710 0.9179968 0.0062583 -0.3944574
145.694000 2.6068251 -0.1220149 -6.2425375 0.0410400 0.9176211 0.0054462 -0.3952943
145.797700 2.5214753 -0.1191141 -6.3230295 0.0409999 0.9173839 0.0040864 -0.3958649
145.901400 2.4376590 -0.1163499 -6.4030313 0.0416274 0.9170442 0.0036037 -0.3965907
146.108800 2.2669616 -0.1114344 -6.5640068 0.0416734 0.9168426 0.0053414 -0.3970320
146.316100 2.0968397 -0.1057034 -6.7261271 0.0386745 0.9166833 0.0070025 -0.3976769
146.523500 1.9278934 -0.1001163 -6.8855257 0.0409002 0.9164018 0.0078805 -0.3980864
146.730900 1.7574234 -0.0947658 -7.0453744 0.0399858 0.9167996 0.0008876 -0.3973396
146.938400 1.5865486 -0.0910328 -7.2077379 0.0388103 0.9169478 0.0041878 -0.3970930
147.042000 1.5000939 -0.0879815 -7.2893753 0.0390463 0.9171077 0.0048575 -0.3966930
147.249400 1.3306084 -0.0833085 -7.4501810 0.0410800 0.9170798 0.0035006 -0.3965663
147.353100 1.2442169 -0.0808219 -7.5314169 0.0423351 0.9170621 0.0030034 -0.3964792
147.456900 1.1586025 -0.0784839 -7.6119800 0.0431474 0.9170269 0.0026920 -0.3964753
147.664300 0.9886010 -0.0740397 -7.7726197 0.0435666 0.9172457 0.0015201 -0.3959292
147.871800 0.8180532 -0.0698291 -7.9347267 0.0429851 0.9175943 0.0031356 -0.3951750
148.079200 0.6487203 -0.0638990 -8.0971460 0.0397939 0.9178962 0.0042963 -0.3947968
148.286700 0.4806037 -0.0592290 -8.2590437 0.0398809 0.9181249 0.0049492 -0.3942482
148.494100 0.3126540 -0.0550828 -8.4196033 0.0389484 0.9185615 0.0034879 -0.3933390
148.701600 0.1466408 -0.0520008 -8.5802975 0.0376092 0.9188488 0.0030098 -0.3928019
148.909000 -0.0202775 -0.0482597 -8.7418480 0.0369848 0.9191064 0.0043396 -0.3922458
149.012800 -0.1034012 -0.0463683 -8.8230877 0.0366221 0.9192632 0.0048182 -0.3919066
149.220100 -0.2717085 -0.0411847 -8.9854145 0.0348611 0.9195656 0.0054655 -0.3913489
149.323900 -0.3547077 -0.0393023 -9.0659084 0.0339340 0.9195449 0.0045546 -0.3914907
149.427500 -0.4373178 -0.0376036 -9.1472893 0.0306705 0.9197367 0.0051465 -0.3913020
149.531200 -0.5202236 -0.0355823 -9.2284546 0.0305356 0.9197681 0.0069428 -0.3912110
149.634900 -0.6032362 -0.0335822 -9.3088436 0.0316823 0.9197621 0.0079724 -0.3911143
149.842400 -0.7692838 -0.0292309 -9.4698925 0.0319262 0.9200710 0.0055526 -0.3904091
149.946100 -0.8519950 -0.0271833 -9.5509109 0.0307863 0.9201316 0.0068935 -0.3903363
150.049700 -0.9340234 -0.0253495 -9.6312428 0.0304761 0.9201631 0.0074738 -0.3902759
150.153500 -1.0166001 -0.0232041 -9.7116375 0.0299594 0.9202881 0.0067998 -0.3900332
150.257200 -1.0993347 -0.0210658 -9.7923698 0.0302121 0.9203548 0.0057250 -0.3898737
150.361000 -1.1812406 -0.0196488 -9.8728495 0.0307003 0.9204636 0.0049127 -0.3895896
150.568400 -1.3458953 -0.0168488 -10.0341034 0.0312687 0.9207510 0.0061152 -0.3888475
150.672100 -1.4289217 -0.0144537 -10.1156349 0.0314914 0.9208654 0.0056979 -0.3885651
150.775700 -1.5104718 -0.0131695 -10.1968727 0.0298741 0.9211030 0.0062179 -0.3881213
150.983100 -1.6748142 -0.0097913 -10.3602352 0.0263266 0.9212604 0.0057763 -0.3880115
151.190500 -1.8395433 -0.0068810 -10.5225334 0.0240130 0.9214658 0.0056487 -0.3876755
151.398000 -2.0043325 -0.0046534 -10.6846905 0.0237796 0.9217041 0.0048414 -0.3871340
151.605500 -2.1655173 -0.0026802 -10.8461971 0.0228668 0.9217839 0.0027645 -0.3870193
151.813000 -2.3286109 -0.0019452 -11.0080957 0.0223313 0.9218711 0.0019665 -0.3868477
152.020400 -2.4916162 -0.0018859 -11.1710148 0.0174480 0.9218872 -0.0001456 -0.3870653
152.227900 -2.6506257 -0.0029839 -11.3316822 0.0132778 0.9217881 0.0006659 -0.3874661
152.435200 -2.8102112 -0.0046004 -11.4899635 0.0126271 0.9220736 0.0028476 -0.3867981
152.642600 -2.9669256 -0.0060459 -11.6458378 0.0125827 0.9230087 -0.0001038 -0.3845732
152.849900 -3.1215215 -0.0088873 -11.8008976 0.0164499 0.9239090 -0.0048808 -0.3822273
153.057200 -3.2733703 -0.0118757 -11.9538803 0.0226650 0.9252041 -0.0042642 -0.3787684
153.264500 -3.4203439 -0.0133033 -12.1069202 0.0215792 0.9266306 -0.0022206 -0.3753468
153.472000 -3.5622215 -0.0158916 -12.2595835 0.0200395 0.9277850 -0.0048346 -0.3725454
153.679400 -3.6985970 -0.0197021 -12.4047432 0.0214667 0.9287685 -0.0089266 -0.3699306
154.094200 -3.9584379 -0.0276611 -12.6922054 0.0086108 0.9300088 -0.0043041 -0.3674112
154.405500 -4.1348381 -0.0351323 -12.8911200 -0.0016755 0.9307531 -0.0008480 -0.3656435
154.716900 -4.2982183 -0.0409504 -13.0756407 -0.0165377 0.9286959 0.0068750 -0.3704095
155.028600 -4.4500189 -0.0467551 -13.2390862 -0.0301390 0.9221202 0.0106929 -0.3855796
155.340600 -4.5939884 -0.0526361 -13.3765430 -0.0407168 0.9107369 0.0122026 -0.4107939
155.548900 -4.6844606 -0.0565007 -13.4527493 -0.0481531 0.8980721 0.0156582 -0.4369240
155.861400 -4.8201103 -0.0635241 -13.5452480 -0.0481353 0.8724915 0.0156319 -0.4860013
156.173700 -4.9511824 -0.0713686 -13.6093102 0.0445628 -0.8404418 -0.0123757 0.5399247
156.382000 -5.0389490 -0.0758425 -13.6410751 0.0372167 -0.8150182 -0.0122427 0.5781093
156.590200 -5.1275072 -0.0796398 -13.6627235 0.0312424 -0.7831562 -0.0175189 0.6207926
156.798600 -5.2147980 -0.0828749 -13.6720438 0.0231198 -0.7447256 -0.0209160 0.6666422
157.006900 -5.3008804 -0.0858933 -13.6696749 0.0174853 -0.7040942 -0.0221287 0.7095463
157.214900 -5.3835478 -0.0873844 -13.6587811 0.0172818 -0.6615965 -0.0238051 0.7492828
157.422700 -5.4635139 -0.0892141 -13.6371365 0.0166989 -0.6176031 -0.0230112 0.7859759
157.630500 -5.5413890 -0.0912486 -13.6076660 0.0181793 -0.5716365 -0.0227713 0.8199894
157.838200 -5.6162391 -0.0936481 -13.5692720 0.0213001 -0.5240200 -0.0229145 0.8511311
158.045900 -5.6865315 -0.0954191 -13.5208702 0.0201455 -0.4752981 -0.0237654 0.8792730
158.253500 -5.7539091 -0.0984050 -13.4631643 0.0164926 -0.4252844 -0.0250826 0.9045618
158.357400 -5.7870250 -0.0994275 -13.4311085 0.0152548 -0.4000989 -0.0254980 0.9159902
158.564900 -5.8486223 -0.1019258 -13.3603344 0.0164447 -0.3501670 -0.0265819 0.9361656
158.668600 -5.8769331 -0.1033757 -13.3215494 0.0170570 -0.3258471 -0.0258874 0.9449140
158.876100 -5.9287343 -0.1063514 -13.2363491 0.0170978 -0.2781959 -0.0233009 0.9600894
159.083500 -5.9742613 -0.1093827 -13.1432753 0.0164656 -0.2315750 -0.0198165 0.9724758
159.290900 -6.0126467 -0.1135129 -13.0436811 0.0151440 -0.1884527 -0.0170770 0.9818170
159.498100 -6.0440893 -0.1173324 -12.9392242 0.0162205 -0.1514587 -0.0154063 0.9882104
159.705200 -6.0714731 -0.1227213 -12.8274784 0.0181344 -0.1213674 -0.0112232 0.9923785
159.912500 -6.0945296 -0.1282540 -12.7102604 0.0206088 -0.0976435 -0.0100591 0.9949572
160.119800 -6.1139555 -0.1341857 -12.5875034 0.0202937 -0.0803317 -0.0066935 0.9965391
160.327000 -6.1317301 -0.1405102 -12.4608316 0.0183506 -0.0698778 -0.0040151 0.9973786
160.534100 -6.1479731 -0.1452312 -12.3309383 0.0153141 -0.0645656 0.0002691 0.9977959
160.741500 -6.1650605 -0.1507134 -12.1964607 0.0140509 -0.0625931 -0.0007534 0.9979399
160.948900 -6.1812997 -0.1559660 -12.0578537 0.0140128 -0.0617924 0.0010211 0.9979901
161.156400 -6.1999621 -0.1605726 -11.9163609 0.0126023 -0.0600527 0.0009742 0.9981152
161.363700 -6.2172537 -0.1651608 -11.7711000 0.0119558 -0.0589473 0.0025481 0.9981862
161.571300 -6.2337737 -0.1692510 -11.6208830 0.0104724 -0.0576808 0.0051581 0.9982668
161.778800 -6.2506862 -0.1734179 -11.4703064 0.0078187 -0.0562694 0.0074051 0.9983575
161.986200 -6.2658896 -0.1780863 -11.3203220 0.0073273 -0.0552568 0.0102076 0.9983931
162.193600 -6.2815061 -0.1826983 -11.1730623 0.0046303 -0.0539862 0.0126966 0.9984502
162.401000 -6.2975588 -0.1867738 -11.0276337 0.0004991 -0.0532534 0.0139965 0.9984828
162.608400 -6.3115945 -0.1899526 -10.8853006 0.0005119 -0.0544604 0.0150435 0.9984025
162.815900 -6.3281183 -0.1941505 -10.7469187 0.0031939 -0.0563722 0.0140451 0.9983059
163.023300 -6.3466501 -0.1962657 -10.6099834 0.0030639 -0.0586706 0.0110498 0.9982116
163.334500 -6.3716841 -0.2004975 -10.4126034 -0.0029143 -0.0635803 0.0103115 0.9979192
163.542000 -6.3896360 -0.2020789 -10.2852621 -0.0018065 -0.0683417 0.0065979 0.9976385
163.749500 -6.4091101 -0.2031743 -10.1600246 -0.0070770 -0.0741446 0.0076596 0.9971930
163.956900 -6.4297771 -0.2040043 -10.0368509 -0.0052719 -0.0821965 0.0081423 0.9965689
164.164400 -6.4518690 -0.2044206 -9.9154215 -0.0008965 -0.0930394 0.0099928 0.9956118
164.371900 -6.4788647 -0.2064350 -9.7943134 -0.0029927 -0.1044431 0.0105235 0.9944707
164.579300 -6.5075912 -0.2071379 -9.6704645 -0.0047003 -0.1159660 0.0112301 0.9931786
164.786700 -6.5404577 -0.2086906 -9.5488434 -0.0012681 -0.1269431 0.0101036 0.9918577
164.994400 -6.5770292 -0.2102980 -9.4258633 0.0027213 -0.1365561 0.0118184 0.9905581
