0.000000 0.0000000 0.0000000 0.0000000 0.0000000 0.0000000 0.0000000 1.0000000
0.500000 0.2419706 0.0350461 0.1488750 0.0148273 -0.0534287 0.0195468 0.9982702
0.600000 0.2875947 0.0425240 0.1787954 0.0143339 -0.0633222 0.0221035 0.9976454
0.800000 0.3755829 0.0591784 0.2376653 0.0145618 -0.0817321 0.0260112 0.9962084
1.100000 0.5028309 0.0835322 0.3220577 0.0150801 -0.1069295 0.0305121 0.9936839
1.600000 0.7070894 0.1213045 0.4453728 0.0172606 -0.1430145 0.0359056 0.9889184
1.800000 0.7865732 0.1348616 0.4889668 0.0183938 -0.1562211 0.0380256 0.9868185
2.200000 0.9438024 0.1569221 0.5663149 0.0200508 -0.1807155 0.0411206 0.9824709
2.400000 1.0274153 0.1686739 0.6028640 0.0184331 -0.1931024 0.0430310 0.9800612
2.600000 1.1137424 0.1781995 0.6379035 0.0176900 -0.2048443 0.0440228 0.9776440
2.899999 1.2496266 0.1935313 0.6859658 0.0188727 -0.2196987 0.0462927 0.9742860
3.299999 1.4431797 0.2113936 0.7386320 0.0221919 -0.2323831 0.0479017 0.9711905
3.499999 1.5395724 0.2174327 0.7610357 0.0234826 -0.2349302 0.0471396 0.9705845
3.699999 1.6343656 0.2247689 0.7839525 0.0248877 -0.2342535 0.0453405 0.9707987
4.299998 1.8988857 0.2626525 0.8714775 0.0258153 -0.2064146 0.0327083 0.9775770
4.499998 1.9815725 0.2747644 0.9026850 0.0241192 -0.1880343 0.0253228 0.9815397
4.699998 2.0613124 0.2867239 0.9310390 0.0216967 -0.1660882 0.0167426 0.9857300
5.299997 2.2935610 0.3209500 1.0165439 0.0133450 -0.0983374 -0.0107553 0.9950055
5.999997 2.5120256 0.4283225 1.1405990 0.0115474 -0.0567895 -0.0339804 0.9977409
6.299996 2.5768683 0.4874907 1.2003565 0.0160225 -0.0665728 -0.0368114 0.9969736
6.599996 2.5722904 0.5726607 1.2608279 0.0213199 -0.0952985 -0.0343476 0.9946275
7.699995 2.4757750 0.8830387 1.4486885 0.0427188 -0.2577910 0.0083429 0.9652199
8.099995 2.4337087 0.9931217 1.5145717 0.0440461 -0.2896841 0.0333641 0.9555260
8.499996 2.3902724 1.1048582 1.5896075 0.0263068 -0.2882496 0.0580289 0.9554333
8.899998 2.3366570 1.2118800 1.6722312 -0.0070335 -0.2538966 0.0811666 0.9637941
9.299999 2.2775712 1.3048408 1.7713284 -0.0485581 -0.1974228 0.1031861 0.9736627
10.100002 2.1986008 1.4186828 1.9323329 -0.1351243 -0.0647100 0.1407604 0.9786422
10.600004 2.1762280 1.4496219 1.9814976 -0.1773980 -0.0012554 0.1587735 0.9712463
11.400007 2.1656208 1.4656781 2.0055199 -0.2107865 0.0399461 0.1515952 0.9648794
12.000010 2.1496966 1.4902418 2.0399873 -0.1990071 0.0312394 0.1537483 0.9673581
13.400015 2.0723534 1.6047950 2.1934636 -0.0477641 -0.1189818 0.0207999 0.9915287
13.900017 2.0325131 1.6634002 2.2756619 0.0168699 -0.1777193 -0.0395654 0.9831408
14.400019 1.9861612 1.7282244 2.3740358 0.0509467 -0.2225238 -0.0607181 0.9717000
14.900021 1.9323971 1.7981182 2.4879310 0.0543140 -0.2442956 -0.0473916 0.9670179
15.400023 1.8871223 1.8555616 2.5818949 0.0523361 -0.2301278 -0.0561389 0.9701291
15.800024 1.8664911 1.8821481 2.6270318 0.0382155 -0.1938746 -0.0812113 0.9769120
16.200026 1.8595934 1.8914464 2.6430526 -0.0045649 -0.1393577 -0.1111528 0.9839734
16.600027 1.8499515 1.8987001 2.6641440 -0.0799181 -0.0659966 -0.0739547 0.9918610
17.000029 1.8299148 1.9203134 2.7099278 -0.1646646 0.0147404 -0.0244129 0.9859372
17.300030 1.8077142 1.9458741 2.7601156 -0.2259799 0.0703107 0.0165223 0.9714507
17.700031 1.7733567 1.9867146 2.8369880 -0.2934598 0.1241318 0.0703795 0.9452615
17.900032 1.7536542 2.0091369 2.8785150 -0.3183642 0.1385244 0.0952038 0.9329478
18.200033 1.7227187 2.0449789 2.9444730 -0.3411466 0.1376998 0.1285213 0.9209452
18.500034 1.6866558 2.0844605 3.0136931 -0.3454839 0.1038863 0.1407146 0.9219804
18.800035 1.6483229 2.1273715 3.0875564 -0.3308173 0.0469810 0.1491705 0.9306454
19.100037 1.6081500 2.1733739 3.1672931 -0.3008391 -0.0218788 0.1636592 0.9392725
19.300037 1.5798528 2.2057850 3.2220860 -0.2751721 -0.0707978 0.1769231 0.9423196
19.500038 1.5504955 2.2391648 3.2787621 -0.2481066 -0.1199459 0.1933230 0.9416381
19.700039 1.5194451 2.2749648 3.3380790 -0.2196349 -0.1704014 0.2014338 0.9392275
20.100040 1.4622023 2.3479600 3.4588013 -0.1638942 -0.2618731 0.2038196 0.9289880
20.600042 1.3722330 2.4535377 3.6391811 -0.1139787 -0.3354914 0.2057777 0.9122006
21.200045 1.2550229 2.5992045 3.8774929 -0.0823049 -0.3707396 0.2092472 0.9011069
21.700047 1.1526916 2.7342980 4.0933352 -0.0671279 -0.3718356 0.2084516 0.9020976
22.000048 1.0822335 2.8129826 4.2279687 -0.0590101 -0.3649571 0.2042320 0.9064289
22.200048 1.0382107 2.8740938 4.3223743 -0.0514846 -0.3594230 0.1996570 0.9101107
22.400049 0.9901209 2.9346173 4.4188662 -0.0424676 -0.3534397 0.1930264 0.9143400
23.200052 0.8192682 3.1581638 4.7841921 0.0027537 -0.3421023 0.1527296 0.9271635
23.900055 0.6732553 3.3231857 5.0760822 0.0363821 -0.3750176 0.1131145 0.9193711
24.400057 0.5639970 3.4656634 5.3095174 0.0456996 -0.4407950 0.0930384 0.8916026
24.900059 0.4380933 3.6098640 5.5891247 0.0350390 -0.5349441 0.0856344 0.8398058
25.300060 0.3357048 3.7310724 5.8193622 0.0132671 -0.6079642 0.0934261 0.7883369
25.800062 0.2088992 3.8865848 6.1000428 -0.0032646 -0.6730697 0.0948961 0.7334584
26.300064 0.0828288 4.0407553 6.3811336 -0.0073701 -0.6921093 0.1020254 0.7145076
26.700066 -0.0248090 4.1624050 6.6022816 -0.0132687 -0.6675402 0.1249864 0.7338886
27.700069 -0.2853932 4.4597592 7.1580706 -0.0139974 -0.5284029 0.1845123 0.8285829
28.100071 -0.3915374 4.5796118 7.3790784 -0.0119258 -0.4807101 0.1961530 0.8545757
28.500072 -0.4977050 4.7040911 7.6092095 -0.0105067 -0.4644555 0.1967128 0.8634088
28.900074 -0.5973310 4.8285542 7.8308525 -0.0093695 -0.4753278 0.1887771 0.8592665
29.300076 -0.6867330 4.9385438 8.0311975 -0.0102096 -0.4980285 0.1769337 0.8488567
29.600077 -0.7447517 5.0130472 8.1656981 -0.0113238 -0.5135223 0.1685424 0.8412848
29.900078 -0.7974620 5.0795627 8.2874746 -0.0130400 -0.5210248 0.1623017 0.8378671
30.200079 -0.8433619 5.1393366 8.3964310 -0.0153618 -0.5141443 0.1613523 0.8422500
30.500080 -0.8838999 5.1903691 8.4932804 -0.0186099 -0.4888740 0.1665590 0.8561040
30.800081 -0.9198885 5.2347879 8.5773315 -0.0225865 -0.4464844 0.1777701 0.8766637
31.000082 -0.9403706 5.2598038 8.6252851 -0.0255604 -0.4107055 0.1863168 0.8921624
31.200083 -0.9577959 5.2816176 8.6668396 -0.0289095 -0.3706453 0.1964218 0.9073063
31.600084 -0.9834280 5.3160162 8.7333679 -0.0373691 -0.2840562 0.2160441 0.9334027
31.800085 -0.9921463 5.3291683 8.7567263 -0.0416813 -0.2399520 0.2246487 0.9435140
32.000084 -1.0001178 5.3378043 8.7763519 -0.0468898 -0.1978840 0.2318512 0.9512562
35.200035 -1.0480704 5.4221115 8.8991241 -0.0173211 -0.1836587 0.0981151 0.9779279
35.400032 -1.0557358 5.4333048 8.9128628 -0.0016891 -0.2171857 0.0843607 0.9724766
35.800026 -1.0677621 5.4541349 8.9421463 0.0296228 -0.2928559 0.0651134 0.9534769
37.200005 -1.0832678 5.5018530 9.0041924 0.1023802 -0.5877687 0.1886612 0.7800341
37.300003 -1.0878258 5.5103960 9.0163946 0.1057176 -0.6046708 0.2021070 0.7631184
37.500000 -1.0981213 5.5298886 9.0462313 0.1111810 -0.6360466 0.2276620 0.7288714
37.699997 -1.1099150 5.5524006 9.0792465 0.1157676 -0.6616500 0.2503355 0.6972440
38.199989 -1.1494243 5.6221371 9.1816015 0.1240740 -0.7038527 0.2927225 0.6352248
38.399986 -1.1681716 5.6544843 9.2305870 0.1216646 -0.7131293 0.3043008 0.6197139
38.699982 -1.2013116 5.7075930 9.3132563 0.1166107 -0.7197083 0.3146238 0.6078106
38.799980 -1.2136643 5.7265496 9.3432226 0.1146571 -0.7201841 0.3162653 0.6067659
39.099976 -1.2546797 5.7839293 9.4415054 0.1065373 -0.7179874 0.3172466 0.6103266
39.399971 -1.3032041 5.8439569 9.5528755 0.0992110 -0.7111531 0.3134322 0.6214327
39.599968 -1.3367348 5.8834467 9.6287127 0.0904126 -0.7014636 0.3098356 0.6354339
39.699966 -1.3559960 5.9051490 9.6709967 0.0879540 -0.6974038 0.3082094 0.6410140
39.899963 -1.3947440 5.9470925 9.7567921 0.0813368 -0.6865162 0.3030269 0.6559379
40.099960 -1.4379729 5.9949355 9.8492651 0.0782422 -0.6748768 0.3010391 0.6691748
40.199959 -1.4606724 6.0188317 9.8977365 0.0765387 -0.6688803 0.3008446 0.6754506
40.299957 -1.4829054 6.0433421 9.9466429 0.0737968 -0.6632784 0.2995790 0.6818125
40.399956 -1.5045812 6.0692000 9.9977684 0.0711105 -0.6580626 0.2987142 0.6875076
40.499954 -1.5256377 6.0982399 10.0501566 0.0692267 -0.6526353 0.2988616 0.6927890
40.799950 -1.5855114 6.2058215 10.2071924 0.0634568 -0.6396687 0.2989442 0.7052869
40.899948 -1.6081218 6.2451072 10.2580986 0.0596707 -0.6370469 0.2975537 0.7085707
40.999947 -1.6329629 6.2625780 10.2472525 0.0566169 -0.6346661 0.2949129 0.7120532
41.099945 -1.6343893 6.2364721 10.1815052 0.0550320 -0.6317262 0.2953677 0.7145988
41.299942 -1.6274678 6.1786308 10.0520420 0.0516885 -0.6285892 0.2934843 0.7183807
41.399940 -1.6272926 6.1503730 9.9880838 0.0508808 -0.6277028 0.2952997 0.7184696
41.499939 -1.6249689 6.1226411 9.9254065 0.0501209 -0.6291027 0.2951701 0.7173509
41.599937 -1.6226864 6.0919003 9.8632116 0.0494096 -0.6290845 0.2942964 0.7177750
41.699936 -1.6151431 6.0617976 9.8041306 0.0502025 -0.6317411 0.2932093 0.7158291
41.799934 -1.6058710 6.0320053 9.7466259 0.0528594 -0.6354352 0.2970060 0.7107852
41.899933 -1.5929979 5.9994831 9.6889744 0.0548162 -0.6382147 0.2968064 0.7082253
