0.600000 0.0000000 0.0000000 0.0000000 0.0000000 0.0000000 0.0000000 1.0000000
0.700000 -0.0391710 0.0076602 -0.0839982 -0.0005444 -0.0035830 -0.0082374 0.9999595
0.800000 -0.0634982 0.0195652 -0.1685027 -0.0000627 -0.0065026 -0.0158586 0.9998531
0.900000 -0.0770331 0.0282642 -0.2574896 -0.0005199 -0.0097040 -0.0213349 0.9997252
1.000000 -0.0806978 0.0360513 -0.3447807 -0.0001952 -0.0119630 -0.0257816 0.9995960
1.200000 -0.0667477 0.0288354 -0.5172933 0.0014807 -0.0158022 -0.0275546 0.9994943
1.400000 -0.0393967 -0.0278780 -0.6739004 0.0037367 -0.0175145 -0.0213985 0.9996106
1.600000 0.0209181 -0.0737993 -0.8203834 0.0067938 -0.0173826 -0.0081918 0.9997923
1.700000 0.0624236 -0.0724967 -0.8913283 0.0083275 -0.0169547 0.0005254 0.9998214
1.800000 0.1045240 -0.0627475 -0.9590319 0.0101353 -0.0157721 0.0103755 0.9997704
1.900000 0.1443547 -0.0499126 -1.0286870 0.0121971 -0.0145615 0.0215122 0.9995881
2.000000 0.1634274 -0.0338664 -1.0909171 0.0145090 -0.0130889 0.0327262 0.9992733
2.300000 0.0154852 -0.0405221 -0.8963710 0.0212551 -0.0075601 0.0701152 0.9972838
2.400000 -0.0305400 -0.0443523 -0.8289185 0.0234536 -0.0054297 0.0832283 0.9962397
2.600000 -0.1218600 -0.0526583 -0.6951557 0.0275759 -0.0012768 0.1084600 0.9937174
2.700000 -0.1667093 -0.0563536 -0.6268046 0.0294124 0.0009662 0.1204918 0.9922780
2.899999 -0.2585973 -0.0645278 -0.4916814 0.0326623 0.0056509 0.1422761 0.9892718
2.999999 -0.3007805 -0.0685692 -0.4220286 0.0338465 0.0074574 0.1522798 0.9877295
3.299999 -0.4329937 -0.0793971 -0.2177900 0.0359922 0.0128483 0.1610332 0.9862088
3.499999 -0.5228657 -0.0865729 -0.0827909 0.0358982 0.0154461 0.1611471 0.9861563
3.799999 -0.6550660 -0.0984481 0.1191739 0.0328756 0.0173623 0.1614116 0.9861866
3.999998 -0.7453544 -0.1065203 0.2542670 0.0284251 0.0171629 0.1613913 0.9863318
4.199998 -0.8329635 -0.1119326 0.3911996 0.0218655 0.0155918 0.1611888 0.9865581
4.399998 -0.9204934 -0.1190765 0.5286131 0.0125139 0.0128219 0.1538852 0.9879263
4.599998 -1.0113684 -0.1235273 0.6646069 0.0005079 0.0095116 0.1340979 0.9909223
4.799998 -1.0952603 -0.1258354 0.8026086 -0.0147805 0.0040090 0.1097292 0.9938436
4.999998 -1.1875023 -0.1349927 0.9340953 -0.0340848 -0.0018619 0.0808883 0.9961385
5.199997 -1.2717227 -0.1357654 1.0710851 -0.0562742 -0.0102456 0.0469762 0.9972570
5.399997 -1.3577278 -0.1448111 1.2058803 -0.0830433 -0.0194633 0.0103369 0.9963022
5.699997 -1.4864872 -0.1521673 1.4053332 -0.1248805 -0.0347281 -0.0481697 0.9903931
5.899997 -1.5708677 -0.1577732 1.5397884 -0.1533163 -0.0453343 -0.0862411 0.9833623
6.199996 -1.6999223 -0.1668317 1.7407308 -0.1931571 -0.0606688 -0.1374887 0.9695909
6.499996 -1.8291624 -0.1755520 1.9420569 -0.2261441 -0.0738880 -0.1760088 0.9552069
6.899996 -2.0028014 -0.1873483 2.2190881 -0.2544380 -0.0869154 -0.1969590 0.9428225
7.099996 -2.0940452 -0.1952116 2.3594289 -0.2595776 -0.0901979 -0.1913390 0.9422702
7.399995 -2.2327983 -0.2103322 2.5763931 -0.2549360 -0.0908780 -0.1600010 0.9492884
7.699995 -2.3718820 -0.2256799 2.7997613 -0.2373165 -0.0880401 -0.1071332 0.9614844
7.899995 -2.4691813 -0.2328696 2.9471216 -0.2197476 -0.0838130 -0.0649209 0.9697791
8.299995 -2.6587973 -0.2531691 3.2503870 -0.1786574 -0.0742060 0.0246845 0.9807985
8.599997 -2.8061554 -0.2697608 3.4816937 -0.1477848 -0.0667361 0.0840277 0.9831812
8.899998 -2.9543874 -0.2784335 3.7160106 -0.1220277 -0.0617385 0.1270652 0.9824215
9.199999 -3.0948803 -0.2914994 3.9436090 -0.1077192 -0.0611018 0.1418782 0.9821068
9.600000 -3.1305583 -0.4361296 4.2220054 -0.1083898 -0.0670383 0.1233746 0.9841424
9.900002 -3.0513978 -0.5616179 4.3967786 -0.1179063 -0.0741419 0.0875763 0.9863729
12.400011 -2.4889855 -0.8673345 5.3149219 0.0252032 0.0284440 0.1019861 0.9940596
12.700012 -2.4307654 -0.8655068 5.3023133 0.0576578 0.0422977 0.1384311 0.9877871
13.100014 -2.3805416 -0.8653545 5.2917624 0.0796131 0.0417524 0.1608772 0.9828718
13.700016 -2.3294055 -0.8601447 5.2792182 0.0557734 -0.0075062 0.1168053 0.9915591
14.100018 -2.2865200 -0.8529528 5.2668424 0.0142702 -0.0603027 0.0505366 0.9967979
14.700020 -2.2081635 -0.8384472 5.2461858 -0.0565557 -0.1397301 -0.0650656 0.9864296
16.400026 -1.9021984 -0.7976170 5.1841059 -0.1090461 -0.1933491 -0.2067649 0.9528764
16.800028 -1.8067831 -0.7814813 5.1650057 -0.1072402 -0.2008339 -0.2185064 0.9489048
17.200029 -1.6700236 -0.7572403 5.1362834 -0.1159111 -0.2257637 -0.2353551 0.9381915
17.700031 -1.4362959 -0.7133263 5.0978770 -0.1479548 -0.2818488 -0.2568831 0.9125140
18.000032 -1.2606714 -0.6849040 5.0948639 -0.1716260 -0.3227003 -0.2752296 0.8891894
18.400034 -0.9951986 -0.6478543 5.1562347 -0.1980339 -0.3772964 -0.3041795 0.8520005
18.700035 -0.7619168 -0.6374075 5.1847105 -0.2098705 -0.4149949 -0.3243142 0.8237439
19.000036 -0.5037795 -0.6407294 5.1488724 -0.2105456 -0.4455463 -0.3404198 0.8007955
19.300037 -0.2315120 -0.6213533 5.1943541 -0.2070918 -0.4621991 -0.3343082 0.7948101
19.600039 0.0418313 -0.6010584 5.1536522 -0.1992309 -0.4662486 -0.3106254 0.8040094
19.900040 0.3014606 -0.5165080 5.1191015 -0.1850210 -0.4611263 -0.2790841 0.8217310
20.200041 0.5649831 -0.4340653 5.1463861 -0.1663161 -0.4489146 -0.2431041 0.8436320
20.400042 0.7431747 -0.3998964 5.1813869 -0.1528818 -0.4373466 -0.2187606 0.8587775
20.700043 1.0085398 -0.3653229 5.2490273 -0.1329222 -0.4183819 -0.1847900 0.8792843
20.800043 1.0981886 -0.3558619 5.2717566 -0.1258363 -0.4117576 -0.1751055 0.8854145
21.000044 1.2765971 -0.3392855 5.3169227 -0.1126495 -0.3984075 -0.1583739 0.8963812
21.200045 1.4536499 -0.3276192 5.3630667 -0.1020637 -0.3864254 -0.1472383 0.9047537
21.400045 1.6239505 -0.3137773 5.4090581 -0.0911133 -0.3773326 -0.1412631 0.9106938
21.600046 1.7835137 -0.3049715 5.4517050 -0.0828450 -0.3691712 -0.1396717 0.9150634
21.800047 1.9357837 -0.2958094 5.4939089 -0.0743475 -0.3633580 -0.1396507 0.9181182
22.000048 2.0770426 -0.2880000 5.5318241 -0.0658483 -0.3577526 -0.1408862 0.9207758
22.200048 2.2105584 -0.2810593 5.5696306 -0.0570404 -0.3540299 -0.1418552 0.9226518
22.400049 2.3341103 -0.2744585 5.6030788 -0.0466524 -0.3499629 -0.1410690 0.9249049
22.600050 2.4488776 -0.2694596 5.6349697 -0.0350783 -0.3466156 -0.1365278 0.9273550
22.900051 2.6049573 -0.2629092 5.6773863 -0.0129167 -0.3413608 -0.1206566 0.9320665
23.100052 2.6966290 -0.2609230 5.7014856 0.0048486 -0.3365085 -0.1016520 0.9361653
23.400053 2.8160505 -0.2595232 5.7335854 0.0380176 -0.3273240 -0.0587108 0.9423199
23.600054 2.8845851 -0.2595171 5.7506914 0.0630577 -0.3198698 -0.0232864 0.9450740
23.800055 2.9443820 -0.2603177 5.7665491 0.0889952 -0.3126220 0.0155008 0.9455724
24.200056 3.0362415 -0.2641369 5.7870178 0.1392344 -0.2989106 0.0935665 0.9394209
24.400057 3.0686045 -0.2653858 5.7944813 0.1622804 -0.2949430 0.1287095 0.9327956
24.600058 3.1052628 -0.2670988 5.8007021 0.1814569 -0.2940578 0.1579972 0.9250082
25.000059 3.1999736 -0.2684038 5.8167410 0.2083402 -0.3052880 0.1915655 0.9092284
25.200060 3.2584887 -0.2677695 5.8241191 0.2143243 -0.3195504 0.1925670 0.9027018
25.400061 3.3257227 -0.2681373 5.8266363 0.2146686 -0.3406534 0.1814780 0.8971836
25.700062 3.4396729 -0.2725843 5.8166695 0.2043215 -0.3805825 0.1462156 0.8899611
26.000063 3.5705898 -0.2745056 5.8136163 0.1826263 -0.4283657 0.0942866 0.8799207
26.200064 3.6678522 -0.2741134 5.8156304 0.1625132 -0.4623653 0.0522402 0.8701028
26.400064 3.7733881 -0.2757660 5.8206816 0.1375141 -0.4972912 0.0076971 0.8565816
26.800066 3.9938014 -0.2824233 5.8290162 0.0758351 -0.5635268 -0.0837512 0.8183351
27.100067 4.1575522 -0.2966156 5.8303175 0.0209095 -0.6076346 -0.1463015 0.7803453
27.400068 4.3201857 -0.3153569 5.8110557 -0.0351144 -0.6460628 -0.1975343 0.7364442
27.700069 4.4559011 -0.3011836 5.7347589 -0.0929915 -0.6791101 -0.2382077 0.6880546
28.000071 4.5867348 -0.2574706 5.6529021 -0.1476988 -0.7052644 -0.2681390 0.6394439
28.200071 4.6823063 -0.2374265 5.6107726 -0.1818949 -0.7198411 -0.2837150 0.6068351
28.400072 4.7822385 -0.2259202 5.5797906 -0.2122944 -0.7326865 -0.2963592 0.5746936
28.600073 4.8794117 -0.2220688 5.5628538 -0.2401875 -0.7444864 -0.3049568 0.5431862
28.700073 4.9268475 -0.2234123 5.5567279 -0.2521859 -0.7495535 -0.3090139 0.5282823
28.900074 5.0187778 -0.2290370 5.5523410 -0.2727179 -0.7589161 -0.3149899 0.5004524
29.000074 5.0621996 -0.2332587 5.5535765 0.2810887 0.7634023 0.3175990 -0.4871724
29.200075 5.1451569 -0.2424374 5.5618677 0.2935120 0.7728978 0.3200023 -0.4626859
29.400076 5.2216501 -0.2536006 5.5759912 0.2865094 0.7868294 0.3310401 -0.4349993
29.600077 5.2935381 -0.2613494 5.5923181 0.2799334 0.7987570 0.3385643 -0.4110945
29.800077 5.3580980 -0.2709515 5.6131487 0.2741223 0.8080717 0.3453907 -0.3906180
30.000078 5.4173336 -0.2806330 5.6327477 0.2681759 0.8167937 0.3487826 -0.3732029
30.200079 5.4715033 -0.2889471 5.6510439 0.2628596 0.8249386 0.3501950 -0.3574137
30.600080 5.5610385 -0.3036025 5.6913280 0.2528110 0.8400740 0.3516953 -0.3266077
30.800081 5.5993137 -0.3115079 5.7074118 0.2467102 0.8469461 0.3540738 -0.3105609
31.000082 5.6331310 -0.3171391 5.7218485 0.2411588 0.8539523 0.3565151 -0.2924122
31.200083 5.6724553 -0.3227859 5.7413740 0.2315547 0.8624653 0.3609276 -0.2688259
31.500084 5.7509007 -0.3353744 5.7829094 0.2118788 0.8749987 0.3707282 -0.2281340
31.800085 5.8492064 -0.3524721 5.8363934 0.1945331 0.8849539 0.3808196 -0.1843635
32.000084 5.9264774 -0.3675628 5.8803272 0.1844731 0.8894284 0.3875734 -0.1570781
32.300079 6.0583496 -0.3923435 5.9585781 0.1733414 0.8935463 0.3958423 -0.1218060
32.600075 6.2088742 -0.4202280 6.0528431 0.1689225 0.8951352 0.4010338 -0.0967984
32.800072 6.3199878 -0.4420798 6.1253872 0.1698067 0.8948754 0.4030948 -0.0887598
33.000069 6.4396372 -0.4645808 6.2031345 0.1748003 0.8938344 0.4032997 -0.0886243
33.200066 6.5658636 -0.4866104 6.2922139 0.1805471 0.8928892 0.4012034 -0.0958511
33.400063 6.7023702 -0.5130737 6.3847380 0.1851483 0.8911029 0.3991349 -0.1111176
33.600060 6.8456635 -0.5379491 6.4851551 0.1923370 0.8883150 0.3950543 -0.1335476
33.800056 6.9937501 -0.5650971 6.5929632 0.2014088 0.8836212 0.3901277 -0.1626302
34.000053 7.1386795 -0.5910890 6.6983514 0.2124308 0.8764811 0.3845848 -0.1968469
34.200050 7.2814164 -0.6161594 6.8044024 0.2246416 0.8667145 0.3780447 -0.2354237
34.400047 7.4221420 -0.6384234 6.9112039 0.2381370 0.8543265 0.3698653 -0.2767971
34.600044 7.5618162 -0.6631217 7.0150290 0.2514105 0.8387215 0.3613172 -0.3206072
34.800041 7.6970367 -0.6865320 7.1208367 0.2657735 0.8207657 0.3508861 -0.3641251
35.000038 7.8330984 -0.7098060 7.2233763 0.2785862 0.8008999 0.3385296 -0.4078564
35.300034 8.0348778 -0.7377939 7.3804564 0.2730908 0.7784728 0.3288482 -0.4596307
35.600029 8.2334480 -0.7688565 7.5378313 0.2440353 0.7635271 0.3304101 -0.4982994
35.900024 8.4274530 -0.7946129 7.6931486 -0.2043774 -0.7521703 -0.3348481 0.5294775
36.100021 8.5561094 -0.8090219 7.7980456 -0.1741619 -0.7458088 -0.3376704 0.5471888
36.400017 8.7465363 -0.8255520 7.9533219 -0.1245719 -0.7371735 -0.3410808 0.5698429
36.600014 8.8732452 -0.8307424 8.0555048 -0.0905153 -0.7311869 -0.3409085 0.5839127
36.800011 8.9938049 -0.8337212 8.1536655 -0.0569922 -0.7247776 -0.3388243 0.5971996
37.100006 9.1601238 -0.8239849 8.3001280 -0.0102830 -0.7145433 -0.3296367 0.6169779
37.300003 9.2617702 -0.8090465 8.3924370 0.0066672 -0.7069435 -0.3090708 0.6361303
37.500000 9.3519249 -0.7805257 8.4856157 0.0247708 -0.6993993 -0.2885166 0.6534410
37.699997 9.4247007 -0.7335670 8.5756273 0.0444888 -0.6909500 -0.2679811 0.6699216
38.299988 9.5542526 -0.6139572 8.8580351 0.1019299 -0.6624909 -0.2120639 0.7111575
38.499985 9.5731211 -0.5850723 8.9507494 0.1192696 -0.6523262 -0.1955659 0.7224952
38.999977 9.5617590 -0.5258892 9.1540070 0.1575592 -0.6253350 -0.1627886 0.7467470
39.299973 9.5409327 -0.5026819 9.2611837 0.1730471 -0.6117988 -0.1449083 0.7581283
40.399956 9.5646944 -0.4945638 9.5941200 0.2130012 -0.5772862 -0.1124280 0.7802122
40.599953 9.5926743 -0.4994948 9.6775169 0.2206825 -0.5727422 -0.1095341 0.7818363
41.199944 9.7243128 -0.5307519 9.9681511 0.2466171 -0.5581089 -0.0968998 0.7863236
41.499939 9.8186989 -0.5530486 10.1473646 0.2616389 -0.5514622 -0.0854938 0.7874804
42.399925 10.2194252 -0.6368349 10.7495537 0.3101556 -0.5303902 -0.0496550 0.7874161
42.699921 10.3889179 -0.6599572 10.9373255 0.3237729 -0.5255789 -0.0395632 0.7857307
43.199913 10.7048111 -0.6603618 11.1923866 0.3375106 -0.5230280 -0.0268448 0.7821813
43.399910 10.8459911 -0.6626914 11.2746096 0.3368501 -0.5249341 -0.0261318 0.7812127
43.599907 10.9793415 -0.6661441 11.3608961 0.3368643 -0.5274064 -0.0250122 0.7795764
43.799904 11.1060238 -0.6739407 11.4521151 0.3367005 -0.5296814 -0.0240826 0.7781326
44.299896 11.3244238 -0.6977112 11.7580643 0.3368134 -0.5345125 -0.0222218 0.7748286
44.899887 11.4763069 -0.7352619 12.1746311 0.3365303 -0.5343862 -0.0229014 0.7750189
45.199883 11.5634613 -0.7491961 12.3701439 0.3360602 -0.5297013 -0.0252555 0.7783587
45.499878 11.6635561 -0.7631147 12.5557346 0.3355671 -0.5221242 -0.0289995 0.7835432
45.799873 11.7957611 -0.7696135 12.7100449 0.3359599 -0.5104661 -0.0333026 0.7908516
46.099869 11.9511509 -0.7696397 12.8336687 0.3372119 -0.4969949 -0.0372211 0.7986857
46.299866 12.0637550 -0.7685883 12.8996458 0.3377489 -0.4872432 -0.0401496 0.8043058
