14.100018 0.0000000 0.0000000 0.0000000 0.0000000 0.0000000 0.0000000 1.0000000
14.500019 0.1240988 -0.0118583 0.0569053 0.0065769 -0.0107360 -0.0066075 0.9998989
14.600019 0.1542919 -0.0142710 0.0700343 0.0073906 -0.0128381 -0.0079498 0.9998587
15.000021 0.2684562 -0.0212398 0.1182404 0.0073564 -0.0174227 -0.0142294 0.9997199
15.400023 0.3733889 -0.0268258 0.1600878 -0.0015303 -0.0141764 -0.0197982 0.9997023
15.600023 0.4219481 -0.0291880 0.1799026 -0.0100807 -0.0087206 -0.0134550 0.9998206
15.800024 0.4683959 -0.0301907 0.1990502 -0.0199677 -0.0013407 -0.0043541 0.9997903
16.000025 0.5114936 -0.0312426 0.2179911 -0.0312446 0.0079692 0.0062873 0.9994602
16.400026 0.5895768 -0.0318538 0.2535053 -0.0531736 0.0285675 0.0298933 0.9977288
16.600027 0.6249284 -0.0319428 0.2705530 -0.0627744 0.0379987 0.0412227 0.9964518
16.800028 0.6573004 -0.0317359 0.2860294 -0.0702620 0.0460891 0.0506557 0.9951749
17.000029 0.6875354 -0.0315058 0.3007496 -0.0755320 0.0513904 0.0572262 0.9941726
17.500031 0.7516271 -0.0313891 0.3310656 -0.0724245 0.0502801 0.0721044 0.9934926
17.800032 0.7828135 -0.0334577 0.3453330 -0.0553224 0.0418995 0.1218915 0.9901143
18.100033 0.8146126 -0.0361541 0.3601552 -0.0301094 0.0283058 0.1767351 0.9833905
18.400034 0.8536096 -0.0425945 0.3812092 0.0000268 0.0124772 0.2300096 0.9731084
18.700035 0.8960440 -0.0584123 0.4126079 0.0312626 -0.0026761 0.2752675 0.9608555
19.000036 0.9379632 -0.0848321 0.4556381 0.0608075 -0.0144433 0.3073058 0.9495562
19.300037 0.9787014 -0.1196067 0.5089041 0.0857305 -0.0198218 0.3200207 0.9433155
19.600039 1.0216311 -0.1614726 0.5705056 0.1028851 -0.0179305 0.3106315 0.9447758
19.900040 1.0635824 -0.2101444 0.6427469 0.1126016 -0.0076390 0.2798356 0.9533911
20.200041 1.1051795 -0.2649979 0.7254972 0.1165143 0.0089448 0.2335870 0.9652883
20.500042 1.1455228 -0.3245449 0.8121872 0.1154272 0.0291577 0.1791674 0.9765887
20.800043 1.1819233 -0.3788690 0.8926237 0.1119650 0.0504962 0.1232503 0.9847453
21.100044 1.2138398 -0.4307373 0.9685727 0.1075331 0.0720435 0.0735612 0.9888555
21.400045 1.2419076 -0.4796036 1.0385863 0.1038829 0.0905591 0.0369997 0.9897668
21.800047 1.2763599 -0.5389810 1.1231866 0.1050794 0.1076634 0.0305170 0.9881476
22.200048 1.3046992 -0.5926964 1.1972537 0.1081839 0.1201936 0.0361690 0.9861752
22.600050 1.3294064 -0.6396930 1.2616085 0.1122049 0.1286078 0.0513948 0.9839861
23.000051 1.3508437 -0.6790453 1.3158450 0.1177214 0.1321386 0.0857208 0.9804759
23.400053 1.3670800 -0.7118585 1.3608228 0.1212398 0.1341933 0.1188569 0.9763023
24.200056 1.3919356 -0.7607745 1.4263453 0.1207323 0.1351304 0.1616537 0.9700678
25.300060 1.4080300 -0.7928209 1.4696708 0.1266562 0.1275464 0.2066082 0.9617709
26.500065 1.4254029 -0.8286130 1.5128938 0.1681222 0.0986660 0.2939121 0.9357433
26.900066 1.4348021 -0.8482506 1.5375997 0.1834446 0.0861165 0.3257019 0.9234989
27.700069 1.4590931 -0.8968022 1.6052450 0.2005308 0.0639620 0.3569918 0.9100841
28.500072 1.4895730 -0.9601225 1.6940680 0.1988810 0.0502105 0.3508514 0.9136896
29.300076 1.5205479 -1.0238205 1.7842093 0.1942005 0.0477251 0.3336139 0.9212547
33.100067 1.5551107 -1.0920786 1.8831398 0.0800994 0.1320774 0.3388219 0.9280837
33.600060 1.5698862 -1.1203495 1.9208471 0.0453271 0.1388277 0.4222677 0.8946297
34.000053 1.5844728 -1.1493430 1.9630419 0.0148018 0.1558861 0.4413243 0.8835798
34.500046 1.6086518 -1.1999094 2.0325906 -0.0172283 0.1829620 0.4673176 0.8647788
34.900040 1.6318953 -1.2490051 2.1021636 -0.0351697 0.2042794 0.4868032 0.8485609
35.300034 1.6599486 -1.3079307 2.1837754 -0.0480687 0.2195209 0.5014572 0.8354883
35.600029 1.6831257 -1.3572619 2.2527285 -0.0503632 0.2241291 0.5057378 0.8315401
36.000023 1.7173986 -1.4312752 2.3553684 -0.0505581 0.2215012 0.5039085 0.8333411
36.400017 1.7554984 -1.5142670 2.4707727 -0.0508322 0.2138423 0.4988117 0.8383761
36.700012 1.7851466 -1.5796614 2.5616772 -0.0509622 0.2090881 0.4954144 0.8415756
37.000008 1.8151405 -1.6451045 2.6525757 -0.0511667 0.2077346 0.4945378 0.8424136
37.300003 1.8444288 -1.7100427 2.7430725 -0.0509553 0.2130603 0.4982107 0.8389249
37.599998 1.8730295 -1.7748002 2.8331614 -0.0502273 0.2263843 0.4849247 0.8432529
37.899994 1.9016573 -1.8381382 2.9232750 -0.0497721 0.2464524 0.4542808 0.8546420
38.199989 1.9289591 -1.9012024 3.0130394 -0.0496511 0.2702851 0.4169582 0.8663871
38.399986 1.9476393 -1.9434636 3.0728467 -0.0500756 0.2868926 0.3886465 0.8741504
38.599983 1.9661664 -1.9845262 3.1323240 -0.0500219 0.3025850 0.3596281 0.8812535
38.799980 1.9849534 -2.0260463 3.1924059 -0.0501255 0.3169319 0.3301961 0.8877005
38.999977 2.0040734 -2.0665278 3.2521839 -0.0497926 0.3287920 0.3002501 0.8940170
39.199974 2.0222130 -2.1087871 3.3097804 -0.0498127 0.3375059 0.2716179 0.8999068
39.499969 2.0504303 -2.1716275 3.3982673 -0.0491601 0.3433625 0.2330637 0.9084970
39.699966 2.0680077 -2.2116771 3.4544320 -0.0449304 0.3428100 0.2194224 0.9123138
39.999962 2.0924916 -2.2677443 3.5322189 -0.0364065 0.3369734 0.2102234 0.9170222
40.299957 2.1147840 -2.3176250 3.6026821 -0.0298300 0.3273238 0.2013596 0.9227262
40.599953 2.1342363 -2.3629632 3.6657724 -0.0255961 0.3183609 0.1940808 0.9275364
40.899948 2.1514649 -2.4018445 3.7206676 -0.0221226 0.3127996 0.1890772 0.9305465
41.199944 2.1662283 -2.4356480 3.7683632 -0.0197086 0.3152691 0.1884799 0.9298883
41.499939 2.1799011 -2.4649899 3.8080487 -0.0134821 0.3281768 0.2087483 0.9211636
41.799934 2.1905370 -2.4893620 3.8418913 -0.0022621 0.3531968 0.2507845 0.9013068
44.299896 2.2393169 -2.5633926 3.9438400 -0.0457698 0.5701958 0.6273931 0.5283557
44.599892 2.2420781 -2.5672429 3.9505215 -0.0668503 0.5787954 0.6423594 0.4978969
45.299881 2.2462907 -2.5733256 3.9623625 -0.0930110 0.6009779 0.6461643 0.4611359
45.699875 2.2476268 -2.5766935 3.9659538 -0.0823314 0.6195970 0.6283818 0.4630954
48.099838 2.2910228 -2.6789420 4.1068277 0.0189113 0.7021142 0.5085223 0.4980794
48.499832 2.3123865 -2.7273231 4.1732936 0.0011827 0.7035092 0.5213434 0.4829850
48.899826 2.3373208 -2.7856753 4.2539845 -0.0098320 0.7043112 0.5287339 0.4735922
49.299820 2.3663237 -2.8518453 4.3474746 -0.0032865 0.7065555 0.5217870 0.4780239
49.699814 2.3971577 -2.9290705 4.4533820 0.0306718 0.7107440 0.4922515 0.5015880
50.099808 2.4304292 -3.0161400 4.5709915 0.0874014 0.7117836 0.4411839 0.5395200
50.399803 2.4576650 -3.0825100 4.6612058 0.1381040 0.7069862 0.3934913 0.5711938
50.599800 2.4757795 -3.1265237 4.7225590 0.1737382 0.7008000 0.3591563 0.5913553
50.799797 2.4921579 -3.1661456 4.7810435 0.2095441 0.6909027 0.3246495 0.6110216
50.899796 2.4979296 -3.1885018 4.8084159 0.2262589 0.6849931 0.3081045 0.6202121
50.999794 2.5047185 -3.2105763 4.8338323 0.2420218 0.6781613 0.2922293 0.6293844
51.199791 2.5148807 -3.2557342 4.8879118 0.2718661 0.6635907 0.2628506 0.6454810
51.299789 2.5171874 -3.2789543 4.9163771 0.2854797 0.6560440 0.2502563 0.6522878
51.499786 2.5116842 -3.3275483 4.9635153 0.3090016 0.6395736 0.2288727 0.6656432
51.699783 2.4923966 -3.3830788 4.9988704 0.3275271 0.6228351 0.2137775 0.6775703
51.899780 2.4605055 -3.4392958 5.0236325 0.3420109 0.6065030 0.2036225 0.6882737
52.099777 2.4295545 -3.4961336 5.0407338 0.3539472 0.5900154 0.1978518 0.6981819
