16.400026 0.0000000 0.0000000 0.0000000 0.0000000 0.0000000 0.0000000 1.0000000
16.500027 -0.0223741 -0.0111502 0.0011263 0.0057415 -0.0200151 0.0089256 0.9997433
16.600027 -0.0415448 -0.0211152 0.0018438 0.0123903 -0.0414564 0.0183200 0.9988955
16.700027 -0.0635389 -0.0348357 0.0030299 0.0173816 -0.0613470 0.0268247 0.9976045
16.900028 -0.1072794 -0.0578953 0.0060752 0.0298504 -0.1011771 0.0452721 0.9933894
17.200029 -0.1733976 -0.0954442 0.0110141 0.0484800 -0.1599683 0.0740118 0.9831491
17.600031 -0.2822830 -0.1534631 0.0265667 0.0728878 -0.2339223 0.1137569 0.9628224
17.800032 -0.3480665 -0.1836754 0.0377301 0.0858037 -0.2681465 0.1328702 0.9503056
17.900032 -0.3813775 -0.1999657 0.0451753 0.0915742 -0.2856993 0.1417245 0.9433473
18.100033 -0.4564340 -0.2327934 0.0594471 0.0962012 -0.3218789 0.1582861 0.9284853
18.300034 -0.5379096 -0.2638723 0.0769890 0.0942698 -0.3618566 0.1723581 0.9112989
18.600035 -0.6012304 -0.2564606 0.0675314 0.0875873 -0.4180400 0.1867453 0.8847018
18.800035 -0.5273687 -0.1851871 0.0278251 0.0849121 -0.4520205 0.1938035 0.8665493
19.000036 -0.4456960 -0.1123227 -0.0158603 0.0808788 -0.4826985 0.1976955 0.8493393
19.200037 -0.3571851 -0.0394596 -0.0568496 0.0765927 -0.5107839 0.1999009 0.8326302
19.300037 -0.3106951 -0.0011651 -0.0785521 0.0754265 -0.5229445 0.2006818 0.8249647
19.500038 -0.2130233 0.0760195 -0.1194787 0.0733859 -0.5443252 0.2016052 0.8109747
19.700039 -0.1032544 0.1492777 -0.1634917 0.0712064 -0.5601625 0.2025446 0.8000770
19.900040 0.0174425 0.2212566 -0.2079986 0.0708092 -0.5704544 0.2034355 0.7925792
20.200041 0.2153988 0.3164860 -0.2675134 0.0675842 -0.5759695 0.2120091 0.7866027
20.500042 0.4341837 0.4047169 -0.3225994 0.0633841 -0.5701872 0.2252373 0.7874879
20.600042 0.5106976 0.4350958 -0.3386666 0.0623118 -0.5670000 0.2296402 0.7886024
20.700043 0.5809360 0.4627186 -0.3530862 0.0613345 -0.5626417 0.2339758 0.7905237
20.800043 0.6473704 0.4910266 -0.3611897 0.0611876 -0.5586476 0.2375165 0.7923099
21.000044 0.7824324 0.5360747 -0.3777427 0.0567438 -0.5500418 0.2459370 0.7960836
21.400045 1.0175985 0.6227755 -0.4028562 0.0490701 -0.5357245 0.2556384 0.8032686
21.700047 1.1647100 0.6845345 -0.4090248 0.0426080 -0.5340847 0.2555564 0.8047540
22.000048 1.2947189 0.7335992 -0.4148735 0.0324897 -0.5456700 0.2464595 0.8002789
22.200048 1.3726776 0.7640278 -0.4207245 0.0245896 -0.5622349 0.2337355 0.7928777
22.500050 1.4606149 0.8009145 -0.4191297 0.0117798 -0.5974997 0.2075545 0.7744523
22.600050 1.4870965 0.8129013 -0.4191911 0.0071575 -0.6113499 0.1969955 0.7664156
22.800051 1.5365901 0.8320920 -0.4221098 -0.0023835 -0.6400532 0.1747899 0.7481810
23.000051 1.5715927 0.8418474 -0.4193515 -0.0124118 -0.6699758 0.1515687 0.7266397
25.600061 2.0024488 1.0129037 -0.4104819 -0.0266368 -0.7799335 0.0841887 0.6196019
26.000063 2.1853678 1.0798004 -0.3987294 -0.0392278 -0.7722017 0.0836403 0.6286256
26.300064 2.3427517 1.1434363 -0.3906072 -0.0579307 -0.7702851 0.0713570 0.6310413
26.500065 2.4597797 1.1880562 -0.3806947 -0.0739392 -0.7713193 0.0573046 0.6295361
26.700066 2.5900152 1.2330370 -0.3796962 -0.0926162 -0.7727575 0.0404783 0.6266016
26.800066 2.6619933 1.2590410 -0.3774809 -0.1013336 -0.7738441 0.0307519 0.6244606
26.900066 2.7322800 1.2861643 -0.3668579 -0.1108717 -0.7756729 0.0206630 0.6209767
27.700069 3.3421683 1.5386493 -0.3278705 -0.1688460 -0.7936416 -0.0640981 0.5809608
27.800070 3.4275792 1.5648074 -0.3182251 -0.1737467 -0.7964206 -0.0743806 0.5744510
27.900070 3.4959264 1.5987473 -0.3005866 -0.1757228 -0.8009802 -0.0836349 0.5661779
28.100071 3.6424062 1.6574435 -0.2798364 -0.1796743 -0.8084162 -0.0992341 0.5516638
28.200071 3.7120731 1.6861094 -0.2649736 -0.1803666 -0.8125476 -0.1053045 0.5441922
28.300072 3.7819457 1.7171056 -0.2573973 -0.1802110 -0.8163191 -0.1100229 0.5376263
28.400072 3.8493540 1.7457829 -0.2446142 -0.1757528 -0.8202449 -0.1105603 0.5329969
28.500072 3.9183576 1.7743235 -0.2359642 -0.1706079 -0.8239352 -0.1110754 0.5288534
28.600073 3.9835067 1.8063116 -0.2153218 -0.1666514 -0.8288048 -0.1107353 0.5225396
28.700073 4.0446835 1.8389297 -0.1996086 -0.1600697 -0.8333623 -0.1110697 0.5172509
28.800074 4.1150818 1.8628603 -0.1924655 -0.1536057 -0.8366099 -0.1135916 0.5134065
29.000074 4.2367339 1.9326977 -0.1488774 -0.1416554 -0.8462583 -0.1127654 0.5010635
29.200075 4.3472252 1.9985536 -0.1072373 0.1296725 0.8552267 0.1133460 -0.4887996
29.300076 4.4001169 2.0315075 -0.0888550 0.1244952 0.8591189 0.1140278 -0.4831286
29.400076 4.4542470 2.0662570 -0.0609198 0.1193087 0.8628710 0.1144778 -0.4776127
29.800077 4.6346025 2.2146184 0.0485032 0.0974597 0.8766397 0.1162588 -0.4566053
29.900078 4.6750364 2.2515724 0.0744702 0.0929563 0.8792272 0.1159719 -0.4526248
30.000078 4.7144613 2.2877076 0.1068144 0.0896994 0.8811702 0.1169609 -0.4492362
30.500080 4.8869534 2.4743631 0.2589761 0.1049743 0.8823804 0.0785361 -0.4519041
30.700081 4.9472218 2.5433180 0.3179471 0.1168923 0.8797529 0.0618486 -0.4566681
30.800081 4.9721103 2.5833211 0.3535475 0.1239524 0.8786266 0.0524492 -0.4581486
30.900082 5.0075774 2.6172423 0.3772398 0.1304101 0.8754227 0.0451631 -0.4632372
31.200083 5.0993662 2.7407236 0.4847245 0.1514633 0.8682553 0.0212214 -0.4719548
31.400084 5.1635399 2.8274250 0.5592227 0.1650457 0.8622292 0.0084198 -0.4788004
31.600084 5.2254915 2.9190185 0.6502018 0.1767531 0.8576468 -0.0002057 -0.4829082
31.700085 5.2649517 2.9703367 0.6906132 0.1800254 0.8546415 -0.0033083 -0.4869988
31.900085 5.3365822 3.0727766 0.7809317 0.1849303 0.8504680 -0.0054070 -0.4924182
32.100082 5.3988523 3.1705422 0.8679452 0.1853604 0.8482009 -0.0022016 -0.4961774
32.600075 5.5408158 3.3967502 1.0616333 -0.1669567 -0.8478847 -0.0269059 0.5024869
32.700073 5.5672030 3.4382436 1.0987092 -0.1612505 -0.8488265 -0.0336811 0.5023519
32.800072 5.5937696 3.4771175 1.1299468 -0.1540692 -0.8492147 -0.0415506 0.5033593
33.000069 5.6411295 3.5461884 1.1940742 -0.1407594 -0.8501164 -0.0572329 0.5041956
33.100067 5.6628828 3.5841084 1.2259278 -0.1335316 -0.8507416 -0.0636161 0.5043423
33.300064 5.7156124 3.6647646 1.3025227 -0.1189436 -0.8523165 -0.0749014 0.5037845
33.400063 5.7422934 3.7052758 1.3423500 -0.1126285 -0.8530052 -0.0793405 0.5033906
33.500061 5.7643356 3.7525849 1.3884528 -0.1058595 -0.8537606 -0.0811144 0.5032961
33.600060 5.7840371 3.7946048 1.4393739 -0.1011168 -0.8542406 -0.0814908 0.5033962
33.700058 5.8052292 3.8374367 1.4935106 -0.0986879 -0.8542363 -0.0799310 0.5041350
33.900055 5.8292823 3.9215064 1.6141472 -0.0918845 -0.8546621 -0.0720325 0.5058866
34.000053 5.8150101 3.9511266 1.6885204 -0.0859358 -0.8552112 -0.0666639 0.5067393
34.100052 5.7944474 3.9848204 1.7601750 -0.0846768 -0.8553568 -0.0553807 0.5080626
34.200050 5.7840228 4.0125475 1.8496287 -0.0836913 -0.8555323 -0.0441409 0.5090303
