0.700000 0.0000000 0.0000000 0.0000000 0.0000000 0.0000000 0.0000000 1.0000000
0.800000 -0.0371312 0.0393371 0.0753569 -0.0076982 0.0151248 -0.0069854 0.9998316
0.900000 -0.0656605 0.0779992 0.1567275 -0.0154102 0.0299722 -0.0134612 0.9993413
1.000000 -0.0738431 0.1119976 0.2445847 -0.0226714 0.0449059 -0.0207212 0.9985189
1.100000 -0.0481742 0.1321211 0.3337473 -0.0298897 0.0594095 -0.0268844 0.9974239
1.200000 0.0082685 0.1309295 0.4151779 -0.0371345 0.0732110 -0.0334300 0.9960641
1.300000 0.0762586 0.1150186 0.4881460 -0.0437963 0.0863402 -0.0392760 0.9945273
1.400000 0.1385184 0.0888013 0.5585138 -0.0510744 0.1001710 -0.0452097 0.9926295
1.500000 0.1995758 0.0573715 0.6314711 -0.0581767 0.1129607 -0.0502377 0.9906218
1.600000 0.2582496 0.0244952 0.7021385 -0.0647355 0.1248889 -0.0544977 0.9885556
1.700000 0.3109047 -0.0069444 0.7733733 -0.0708905 0.1368157 -0.0588861 0.9863003
1.800000 0.3614447 -0.0412750 0.8431954 -0.0775498 0.1472756 -0.0630038 0.9840358
1.900000 0.4019455 -0.0651295 0.9178177 -0.0834800 0.1577536 -0.0666871 0.9816810
2.300000 0.3827327 -0.0125308 1.2384264 -0.1048454 0.1892624 -0.0754474 0.9733935
2.700000 0.3703628 0.0423272 1.5235121 -0.1243012 0.2110963 -0.0751236 0.9666147
2.799999 0.3761360 0.0458694 1.5953506 -0.1301536 0.2166472 -0.0735906 0.9647323
2.899999 0.3821108 0.0548818 1.6588212 -0.1350574 0.2217766 -0.0726780 0.9629603
3.399999 0.4509576 0.0775876 1.9500945 -0.1637275 0.2520147 -0.0587336 0.9519624
3.899998 0.5202092 0.0866203 2.1945248 -0.2022357 0.3004797 -0.0375643 0.9313440
4.599998 0.6112217 0.0867709 2.4404533 -0.2615863 0.4146110 0.0215871 0.8713233
4.699998 0.6206860 0.0893994 2.4650874 -0.2678598 0.4332463 0.0307604 0.8600015
5.299997 0.6704291 0.0932525 2.5816932 -0.2892277 0.5406612 0.0816149 0.7857302
5.699997 0.6889582 0.0943381 2.6125612 -0.2868371 0.5905889 0.0968681 0.7480279
5.799997 0.6909571 0.0941011 2.6117570 -0.2842031 0.5987738 0.0976650 0.7424016
6.299996 0.7038899 0.0904590 2.6386974 -0.2310725 0.6275867 0.1106845 0.7351798
6.699996 0.7243382 0.0872280 2.6960220 -0.1443654 0.6302949 0.1297710 0.7516958
6.899996 0.7414352 0.0848988 2.7369986 -0.0945555 0.6234844 0.1388257 0.7635797
6.999996 0.7493598 0.0806664 2.7647543 -0.0689861 0.6186755 0.1433873 0.7693644
7.199996 0.7668050 0.0686176 2.8226998 -0.0182110 0.6046541 0.1519105 0.7816553
7.299995 0.7778405 0.0682332 2.8510389 0.0070625 0.5956926 0.1555155 0.7879818
7.399995 0.7934437 0.0686623 2.8836837 0.0316262 0.5860108 0.1586064 0.7939994
7.899995 0.8644981 0.0688428 3.0762346 0.1369995 0.5284694 0.1730785 0.8197531
7.999995 0.8762537 0.0599588 3.1250761 0.1521209 0.5169367 0.1759644 0.8238156
8.099995 0.9101475 0.0692774 3.1540859 0.1625244 0.5038405 0.1728569 0.8305727
8.499996 0.9847307 0.0333417 3.3812971 0.1826087 0.4670714 0.1663272 0.8490192
8.699997 1.0320412 0.0618132 3.4991992 0.1886776 0.4470694 0.1621474 0.8592077
8.899998 1.0897003 0.0388748 3.6164269 0.1880011 0.4287796 0.1677439 0.8675631
9.099998 1.1538163 0.0661938 3.7410073 0.1885735 0.4096845 0.1705755 0.8760723
9.400000 1.2534347 0.0637403 3.9457862 0.1786107 0.3862803 0.1788563 0.8870717
9.800001 1.4098272 0.0566652 4.2787256 0.1577515 0.3649878 0.1898046 0.8977041
9.900002 1.4522026 0.0528247 4.3650022 0.1522655 0.3609072 0.1928096 0.8996586
10.000002 1.4915975 0.0600054 4.4508734 0.1479272 0.3572166 0.1942583 0.9015418
10.400003 1.6492720 0.0682338 4.7936726 0.1185362 0.3539797 0.1699454 0.9120121
10.500004 1.6790107 0.0658747 4.8916197 0.1110782 0.3566059 0.1620558 0.9133629
10.900005 1.8511298 0.0263837 5.2447238 0.0772967 0.3633600 0.1343047 0.9186713
11.000006 1.8882354 0.0322094 5.3284245 0.0703581 0.3648696 0.1242134 0.9200494
11.100006 1.9297034 0.0224283 5.4110966 0.0621069 0.3666487 0.1163683 0.9209614
11.300007 2.0019269 0.0078901 5.5794787 0.0458331 0.3712843 0.0990723 0.9220802
11.500008 2.0647469 -0.0024913 5.7408123 0.0303795 0.3760605 0.0811202 0.9225373
11.700008 2.1278119 -0.0172044 5.8947544 0.0147765 0.3791765 0.0644070 0.9229619
11.800009 2.1585269 -0.0200905 5.9680028 0.0073403 0.3795573 0.0555877 0.9234676
12.000010 2.2160988 -0.0283692 6.1108828 -0.0069945 0.3798631 0.0395514 0.9241703
12.200010 2.2702172 -0.0471605 6.2497692 -0.0221627 0.3785114 0.0274956 0.9249226
12.300011 2.2899995 -0.0568276 6.3150816 -0.0292596 0.3772133 0.0215168 0.9254140
12.500011 2.3335063 -0.0698398 6.4443808 -0.0424642 0.3739439 0.0097052 0.9264278
12.700012 2.3717499 -0.0868185 6.5627899 -0.0552863 0.3697405 -0.0007600 0.9274884
13.000013 2.4225175 -0.1145344 6.7304702 -0.0730927 0.3665560 -0.0140812 0.9274135
13.100014 2.4416537 -0.1204619 6.7802401 -0.0777287 0.3658966 -0.0184873 0.9272196
13.300014 2.4742541 -0.1361831 6.8791351 -0.0873208 0.3676266 -0.0267340 0.9254788
13.500015 2.5076325 -0.1488504 6.9726181 -0.0947602 0.3722574 -0.0355864 0.9225934
13.600016 2.5254779 -0.1516351 7.0171967 -0.0974138 0.3758153 -0.0405725 0.9206668
13.900017 2.5827971 -0.1714962 7.1519918 -0.1041065 0.3946457 -0.0543155 0.9112993
14.100018 2.6249747 -0.1833161 7.2383332 -0.1059946 0.4139070 -0.0645858 0.9018175
14.300018 2.6715853 -0.1878898 7.3180246 -0.1046267 0.4375115 -0.0767248 0.8898035
14.800020 2.7937999 -0.2106500 7.5104289 -0.0822335 0.5104882 -0.0883200 0.8513747
14.900021 2.8166370 -0.2145886 7.5489998 -0.0764359 0.5252755 -0.0924838 0.8424310
15.100021 2.8627946 -0.2239169 7.6245379 -0.0648179 0.5532357 -0.1024846 0.8241516
15.400023 2.9178414 -0.2398988 7.7405362 -0.0462421 0.5907224 -0.1194673 0.7966406
15.600023 2.9553394 -0.2516615 7.8128080 -0.0341439 0.6096591 -0.1313105 0.7809658
16.100025 3.0451291 -0.2845197 7.9952736 0.0002864 0.6324539 -0.1546033 0.7590124
16.300026 3.0910501 -0.2950023 8.0750933 0.0216599 0.6292349 -0.1552414 0.7612453
16.700027 3.2780547 -0.2963321 8.1324024 0.0659143 0.6080627 -0.1488887 0.7770117
17.000029 3.3722529 -0.2587785 7.9734831 0.0976916 0.5836031 -0.1408931 0.7937335
17.300030 3.3586857 -0.1954446 7.7679443 0.1270290 0.5566765 -0.1316144 0.8103410
17.500031 3.3361037 -0.1460609 7.6206312 0.1441116 0.5401802 -0.1262812 0.8194451
17.800032 3.3139913 -0.0843108 7.3726964 0.1622144 0.5200707 -0.1237416 0.8293980
18.100033 3.3140237 -0.0476279 7.1001520 0.1725878 0.5127907 -0.1239227 0.8318067
18.400034 3.3425972 -0.0157967 6.8070450 0.1743164 0.5203972 -0.1279629 0.8260908
18.700035 3.3301358 0.0064020 6.5567665 0.1586964 0.5655382 -0.1333516 0.7982477
