0.700000 0.0000000 0.0000000 0.0000000 0.0000000 0.0000000 0.0000000 1.0000000
0.800000 -0.0210413 0.0096448 -0.0131381 -0.0159663 0.0055890 0.0002802 0.9998569
0.900000 -0.0442027 0.0185907 -0.0272659 -0.0316498 0.0115078 0.0000661 0.9994327
1.400000 -0.1623217 0.0666138 -0.1042501 -0.0963240 0.0339972 0.0008651 0.9947689
1.500000 -0.1862584 0.0744119 -0.1200551 -0.1061017 0.0353945 0.0010369 0.9937246
1.700000 -0.2362557 0.0953817 -0.1529945 -0.1183286 0.0359404 0.0021520 0.9923216
1.800000 -0.2607435 0.1060626 -0.1701067 -0.1211095 0.0335600 0.0029141 0.9920674
2.000000 -0.3127704 0.1261800 -0.2065731 -0.1204941 0.0253249 0.0054334 0.9923761
2.100000 -0.3397558 0.1372609 -0.2235235 -0.1157887 0.0186956 0.0067866 0.9930747
2.200000 -0.3661257 0.1478206 -0.2425726 -0.1084665 0.0096384 0.0074018 0.9940258
2.300000 -0.3950627 0.1585307 -0.2609568 -0.1003286 0.0015296 0.0083328 0.9949183
2.600000 -0.4748230 0.1999007 -0.3204246 -0.0580534 -0.0342701 0.0128872 0.9976419
2.899999 -0.5575724 0.2348517 -0.3855679 -0.0071964 -0.0716684 0.0153657 0.9972842
2.999999 -0.5863941 0.2446866 -0.4083747 0.0112543 -0.0839979 0.0153563 0.9962840
3.099999 -0.6161533 0.2553349 -0.4332870 0.0302704 -0.0937539 0.0157511 0.9950105
3.199999 -0.6445812 0.2644428 -0.4575660 0.0484310 -0.1040411 0.0157517 0.9932682
3.299999 -0.6726446 0.2738764 -0.4823436 0.0658240 -0.1123792 0.0162893 0.9913490
3.499999 -0.7254874 0.2971866 -0.5378253 0.1010813 -0.1249717 0.0158645 0.9868703
3.699999 -0.7767430 0.3208027 -0.5936180 0.1316912 -0.1269127 0.0106362 0.9830755
3.799999 -0.8013256 0.3275537 -0.6248474 0.1424361 -0.1245667 0.0083554 0.9818988
3.999998 -0.8574673 0.3360479 -0.6841097 0.1609409 -0.1122524 0.0027222 0.9805560
4.199998 -0.9152451 0.3431796 -0.7345246 0.1730496 -0.0884350 -0.0051577 0.9809213
4.399998 -0.9814900 0.3472930 -0.7825930 0.1763344 -0.0508757 -0.0158045 0.9828876
4.599998 -1.0507592 0.3370855 -0.8234857 0.1684604 -0.0068520 -0.0296084 0.9852398
4.799998 -1.1223056 0.3152191 -0.8482167 0.1587710 0.0441518 -0.0394294 0.9855393
4.899998 -1.1570086 0.3043290 -0.8613926 0.1531332 0.0710386 -0.0460337 0.9845734
4.999998 -1.1877421 0.2934579 -0.8765844 0.1461812 0.0954505 -0.0525815 0.9832372
5.099998 -1.2232459 0.2844132 -0.8927978 0.1378619 0.1235541 -0.0578793 0.9810089
5.199997 -1.2564945 0.2825689 -0.9133188 0.1308040 0.1511049 -0.0655768 0.9776284
5.299997 -1.2914574 0.2830890 -0.9370944 0.1206189 0.1795930 -0.0708392 0.9737449
5.399997 -1.3190304 0.2876563 -0.9615675 0.1101269 0.2032865 -0.0778443 0.9697871
5.499997 -1.3494974 0.2962291 -0.9905702 0.0991063 0.2298961 -0.0841764 0.9644895
5.599997 -1.3800403 0.3043789 -1.0184928 0.0882221 0.2564765 -0.0900276 0.9582962
5.699997 -1.4087117 0.3114308 -1.0488230 0.0789052 0.2801379 -0.0953158 0.9519515
5.899997 -1.4212356 0.3189525 -1.1122109 0.0658862 0.3233299 -0.1030297 0.9383505
5.999997 -1.3798892 0.3229926 -1.1134871 0.0584337 0.3421223 -0.1073087 0.9316773
6.099997 -1.3370861 0.3286328 -1.1093549 0.0524224 0.3582040 -0.1103778 0.9256125
6.299996 -1.2514015 0.3431219 -1.1004745 0.0451301 0.3822781 -0.1155494 0.9156828
6.499996 -1.1673911 0.3540542 -1.0858855 0.0388011 0.4001023 -0.1199125 0.9077630
6.599996 -1.1256073 0.3612597 -1.0801318 0.0379189 0.4062945 -0.1218944 0.9047810
6.699996 -1.0845594 0.3660689 -1.0693120 0.0357839 0.4116409 -0.1233779 0.9022467
6.799996 -1.0402017 0.3698474 -1.0644546 0.0355543 0.4149677 -0.1225665 0.9008414
6.899996 -0.9984224 0.3744451 -1.0604123 0.0368111 0.4173027 -0.1220118 0.8997869
6.999996 -0.9599177 0.3781614 -1.0566984 0.0378618 0.4191028 -0.1220412 0.8989022
7.199996 -0.8730808 0.3845349 -1.0428429 0.0393174 0.4223799 -0.1228000 0.8972009
7.399995 -0.7922143 0.3872948 -1.0357369 0.0417458 0.4232525 -0.1227072 0.8966926
7.599995 -0.7158283 0.3851479 -1.0284052 0.0424119 0.4247720 -0.1227058 0.8959427
7.699995 -0.6774058 0.3848605 -1.0250458 0.0431633 0.4260524 -0.1229795 0.8952610
7.799995 -0.6409413 0.3836876 -1.0221020 0.0434848 0.4279869 -0.1228712 0.8943372
7.899995 -0.6051811 0.3832150 -1.0164201 0.0433326 0.4313537 -0.1230021 0.8927075
7.999995 -0.5705067 0.3827001 -1.0155798 0.0439018 0.4348679 -0.1222983 0.8910699
8.099995 -0.5360148 0.3816211 -1.0117756 0.0423974 0.4398672 -0.1218133 0.8887525
8.299995 -0.4681705 0.3797362 -1.0103511 0.0393252 0.4516138 -0.1191179 0.8833513
8.499996 -0.4034710 0.3809587 -1.0137720 0.0350105 0.4660797 -0.1167997 0.8763001
8.599997 -0.3729012 0.3834825 -1.0166788 0.0329903 0.4741353 -0.1153108 0.8722447
8.699997 -0.3426064 0.3840293 -1.0201430 0.0294601 0.4825212 -0.1133549 0.8680185
8.899998 -0.2840503 0.3897091 -1.0283191 0.0238100 0.4998977 -0.1091596 0.8588478
9.099998 -0.2306179 0.3953616 -1.0357842 0.0176250 0.5179197 -0.1042367 0.8488718
9.299999 -0.1781567 0.4022548 -1.0400786 0.0116873 0.5347262 -0.0989370 0.8391321
9.400000 -0.1540033 0.4054668 -1.0388849 0.0084754 0.5428755 -0.0969826 0.8341514
9.600000 -0.1077721 0.4128572 -1.0327094 0.0029268 0.5586607 -0.0925382 0.8242126
10.000002 -0.0252877 0.4197956 -1.0119621 -0.0082114 0.5804213 -0.0832975 0.8100033
10.300003 0.0248224 0.4198702 -0.9914524 -0.0116485 0.5883113 -0.0731858 0.8052316
10.600004 0.0677801 0.4207004 -0.9718169 -0.0104121 0.5891870 -0.0631581 0.8054572
10.800005 0.0920727 0.4201903 -0.9613636 -0.0078952 0.5855225 -0.0546757 0.8087717
11.700008 0.1653159 0.4131298 -0.9271117 0.0103061 0.5346339 -0.0047302 0.8450077
12.000010 0.1765381 0.4116241 -0.9216819 0.0178411 0.5055612 0.0178332 0.8624219
12.300011 0.1794277 0.4116764 -0.9177442 0.0264760 0.4717910 0.0424733 0.8802887
12.800013 0.1969209 0.4072263 -0.9116544 0.0392703 0.4051303 0.0896287 0.9090071
13.000013 0.2083685 0.4059637 -0.9079385 0.0450932 0.3771929 0.1087301 0.9186239
13.300014 0.2303040 0.4019581 -0.8995472 0.0516517 0.3363844 0.1351904 0.9305381
13.500015 0.2484140 0.4004952 -0.8929276 0.0569891 0.3107958 0.1515616 0.9365827
13.700016 0.2680405 0.3970849 -0.8850582 0.0610810 0.2883690 0.1658850 0.9410604
13.900017 0.2916037 0.3943782 -0.8768349 0.0653288 0.2680511 0.1784790 0.9444713
14.200018 0.3340161 0.3910734 -0.8653277 0.0716750 0.2441131 0.1931178 0.9476165
14.400019 0.3632814 0.3884181 -0.8567154 0.0756353 0.2343158 0.1995705 0.9484445
14.700020 0.4129083 0.3866737 -0.8428854 0.0809077 0.2252731 0.2053666 0.9489629
15.000021 0.4674478 0.3833419 -0.8264756 0.0845950 0.2219163 0.2054619 0.9494116
15.300022 0.5160343 0.3755097 -0.8023330 0.0875728 0.2228759 0.2051139 0.9489919
15.600023 0.5565706 0.3634308 -0.7769316 0.0880211 0.2272587 0.2043678 0.9480715
16.100025 0.6282342 0.3476379 -0.7496941 0.0872250 0.2312717 0.2053257 0.9469670
16.400026 0.6713970 0.3381417 -0.7372011 0.0854381 0.2347814 0.2048565 0.9463677
16.600027 0.7035924 0.3285893 -0.7337753 0.0832791 0.2359903 0.2039344 0.9464586
16.900028 0.7598177 0.3121223 -0.7347279 0.0812527 0.2345018 0.2053038 0.9467086
17.200029 0.8162400 0.2909904 -0.7370292 0.0814168 0.2315347 0.2046461 0.9475669
17.400030 0.8561283 0.2737845 -0.7384816 0.0838167 0.2270426 0.2032084 0.9487532
17.600031 0.8951785 0.2469898 -0.7360500 0.0866998 0.2213880 0.2025543 0.9499696
17.900032 0.9486910 0.1980136 -0.7235221 0.0951768 0.2087542 0.2004067 0.9524706
18.200033 0.9983002 0.1481787 -0.7076659 0.1107957 0.1887230 0.1962427 0.9558226
18.300034 1.0160911 0.1319391 -0.7006350 0.1175928 0.1798697 0.1940833 0.9571575
18.500034 1.0377624 0.1011827 -0.6861751 0.1330848 0.1657330 0.1888618 0.9587243
18.700035 1.0163485 0.0932657 -0.6486377 0.1465919 0.1507763 0.1841391 0.9601407
18.900036 0.9886246 0.0962780 -0.6081867 0.1588079 0.1358296 0.1810540 0.9610150
19.100037 0.9693651 0.1124910 -0.5638319 0.1704462 0.1202509 0.1799725 0.9613000
19.300037 0.9459654 0.1307703 -0.5133948 0.1789037 0.1088478 0.1786171 0.9613748
19.600039 0.9291356 0.1628469 -0.4236085 0.1850180 0.0968268 0.1786764 0.9614924
19.800039 0.9286089 0.1708444 -0.3595287 0.1802327 0.0957913 0.1778975 0.9626488
20.000040 0.9308389 0.1842031 -0.2936012 0.1700603 0.1010021 0.1779078 0.9639642
20.200041 0.9399490 0.1979026 -0.2326548 0.1517126 0.1104037 0.1815710 0.9653115
20.400042 0.9404069 0.2088276 -0.1699814 0.1282828 0.1247472 0.1851085 0.9662901
20.600042 0.9195223 0.2019552 -0.1138742 0.1011487 0.1427138 0.1903335 0.9660098
20.900043 0.8962469 0.1393485 -0.0571850 0.0546459 0.1749787 0.1988798 0.9627270
21.100044 0.8993034 0.0985615 -0.0150927 0.0228513 0.1979869 0.2045427 0.9583534
21.400045 0.9137881 0.0614992 0.0574109 -0.0182217 0.2301645 0.2118574 0.9496361
21.600046 0.9237419 0.0413723 0.1055386 -0.0409676 0.2494333 0.2150564 0.9433215
21.800047 0.9357171 0.0240405 0.1516320 -0.0566440 0.2665093 0.2173963 0.9372849
22.000048 0.9662808 0.0077822 0.1885034 -0.0650680 0.2778531 0.2189427 0.9330745
22.200048 0.9959348 -0.0062440 0.2241513 -0.0633016 0.2853233 0.2191319 0.9308946
22.400049 1.0254377 -0.0173044 0.2568440 -0.0527619 0.2884400 0.2172300 0.9310368
22.600050 1.0590369 -0.0231581 0.2874079 -0.0347112 0.2871397 0.2147128 0.9328688
22.800051 1.0926056 -0.0196109 0.3187407 -0.0088564 0.2820500 0.2109612 0.9358764
23.000051 1.1215512 -0.0190198 0.3518863 0.0203952 0.2732148 0.2070209 0.9391912
23.200052 1.1188489 -0.0265508 0.3990223 0.0538712 0.2640574 0.2010224 0.9417864
23.400053 1.1081649 -0.0304380 0.4462505 0.0905821 0.2480341 0.1962067 0.9443394
23.600054 1.0941147 -0.0264030 0.4935696 0.1280886 0.2314065 0.1892010 0.9456465
23.900055 1.1068728 -0.0271591 0.5745194 0.1859925 0.2058101 0.1779031 0.9441395
24.100056 1.1320860 -0.0298470 0.6292406 0.2229823 0.1846971 0.1700309 0.9419423
24.300056 1.1620272 -0.0398718 0.6811440 0.2558042 0.1650568 0.1604996 0.9389144
24.600058 1.2225149 -0.0643332 0.7512630 0.2994529 0.1384156 0.1510640 0.9318523
24.800058 1.2627647 -0.0818323 0.7997577 0.3247152 0.1245595 0.1453341 0.9262413
24.900059 1.2866397 -0.0920812 0.8261771 0.3348109 0.1168192 0.1432451 0.9239783
25.100060 1.3239177 -0.1119232 0.8812878 0.3514550 0.1074898 0.1404120 0.9193529
25.300060 1.3677185 -0.1298778 0.9400702 0.3613510 0.1014025 0.1385587 0.9164848
25.500061 1.4221634 -0.1444016 0.9955697 0.3655998 0.1006948 0.1378584 0.9149822
25.700062 1.4640981 -0.1687785 1.0529184 0.3604112 0.1115793 0.1382048 0.9157255
25.800062 1.4843073 -0.1826797 1.0841923 0.3543057 0.1188909 0.1392244 0.9170327
25.900063 1.5018024 -0.1950685 1.1171656 0.3473265 0.1284377 0.1394714 0.9183767
26.000063 1.5211804 -0.2073667 1.1517922 0.3379372 0.1386606 0.1411661 0.9201325
26.100063 1.5380890 -0.2206813 1.1875305 0.3256302 0.1519940 0.1431962 0.9221484
26.200064 1.5563335 -0.2344403 1.2232507 0.3096158 0.1660833 0.1455448 0.9248627
26.300064 1.5757601 -0.2227583 1.2448201 0.2940628 0.1819529 0.1480328 0.9265563
26.400064 1.5893764 -0.1919172 1.2181952 0.2747802 0.1982685 0.1506337 0.9287060
26.600065 1.6360502 -0.1390608 1.1648237 0.2345116 0.2354880 0.1570064 0.9299993
26.800066 1.6935842 -0.0970988 1.1179245 0.1900750 0.2755037 0.1647784 0.9278024
27.000067 1.7563422 -0.0620524 1.0753515 0.1429714 0.3148614 0.1707636 0.9226382
27.200068 1.8265463 -0.0352306 1.0434401 0.0995005 0.3515177 0.1771459 0.9138678
27.300068 1.8630705 -0.0340267 1.0321772 0.0772091 0.3695128 0.1799227 0.9083650
27.800070 2.0181427 -0.1236009 0.9940938 -0.0111364 0.4338561 0.1891631 0.8808304
27.900070 2.0493536 -0.1379542 0.9927626 -0.0206295 0.4409707 0.1904908 0.8768309
28.000071 2.0838456 -0.1482389 0.9948681 -0.0280147 0.4455336 0.1928258 0.8738039
28.100071 2.1170876 -0.1551812 0.9994533 -0.0324750 0.4484694 0.1939366 0.8718997
28.200071 2.1505363 -0.1595167 1.0046005 -0.0335933 0.4488855 0.1953680 0.8713235
28.300072 2.1840935 -0.1630930 1.0104914 -0.0326067 0.4473293 0.1963660 0.8719367
28.500072 2.2492547 -0.1688140 1.0220284 -0.0216000 0.4387873 0.1984833 0.8761299
28.700073 2.3071866 -0.1739618 1.0511215 -0.0033683 0.4249104 0.2011267 0.8826029
28.900074 2.3590655 -0.1799569 1.0838964 0.0191651 0.4072022 0.2031134 0.8902606
29.000074 2.3843794 -0.1823556 1.0979247 0.0325510 0.3973908 0.2038697 0.8941242
29.200075 2.4335284 -0.1905594 1.1262647 0.0564736 0.3770182 0.2055392 0.9013444
29.400076 2.4680383 -0.1926985 1.1650027 0.0813992 0.3564542 0.2067100 0.9075161
29.600077 2.4899039 -0.1946925 1.2089062 0.1013000 0.3391190 0.2076961 0.9119205
29.800077 2.5100639 -0.1971735 1.2500892 0.1151545 0.3256404 0.2084975 0.9150009
30.100079 2.5578871 -0.2178172 1.2784257 0.1211538 0.3184707 0.2096679 0.9164811
30.500080 2.6204109 -0.2352820 1.3118300 0.0989632 0.3341280 0.2145478 0.9124330
30.900082 2.6677916 -0.2414448 1.3619314 0.0498936 0.3702512 0.2196995 0.9011974
31.200083 2.6986854 -0.2441760 1.4111166 0.0022884 0.4049815 0.2217719 0.8870186
31.500084 2.7363727 -0.2528272 1.4608176 -0.0473785 0.4402692 0.2224572 0.8685799
32.100082 2.8280661 -0.2859863 1.5646727 -0.1330151 0.5011016 0.2161830 0.8273265
32.400078 2.8908329 -0.2911667 1.6115327 -0.1604427 0.5215811 0.2099451 0.8112548
32.700073 2.9655457 -0.2860751 1.6484320 -0.1781176 0.5349711 0.2039580 0.8003007
32.900070 2.9709127 -0.2678486 1.6283829 -0.1845809 0.5408127 0.1992480 0.7960852
33.200066 2.9034295 -0.2445184 1.5703890 -0.1869120 0.5429744 0.1948793 0.7951508
33.500061 2.8257232 -0.2275734 1.5139484 -0.1835354 0.5387135 0.1922737 0.7994582
33.800056 2.7433674 -0.2068175 1.4558597 -0.1713659 0.5268679 0.1934870 0.8096954
34.400047 2.5649486 -0.1644675 1.3273554 -0.1289038 0.4757088 0.2080914 0.8448567
34.700043 2.4656603 -0.1456672 1.2622874 -0.1029737 0.4415146 0.2198953 0.8637750
35.000038 2.3639812 -0.1251775 1.1885741 -0.0752499 0.4016588 0.2309373 0.8829924
35.400032 2.2197242 -0.0943797 1.0953844 -0.0388295 0.3521207 0.2417941 0.9033487
35.700027 2.1136169 -0.0726440 1.0258099 -0.0155802 0.3197008 0.2461880 0.9148443
35.900024 2.0438535 -0.0590259 0.9817138 -0.0038902 0.3025506 0.2452987 0.9210193
36.100021 1.9727664 -0.0509864 0.9451388 0.0026615 0.2910618 0.2417210 0.9256603
36.500015 1.8576581 -0.1076844 0.9858915 0.0075383 0.2840495 0.2242995 0.9321742
37.000008 1.7906977 -0.1428591 1.1501489 -0.0013025 0.2952664 0.1953151 0.9352369
37.400002 1.7426021 -0.1719894 1.2759374 -0.0113229 0.3124489 0.1739074 0.9338114
37.799995 1.7072800 -0.2287799 1.3886260 -0.0193808 0.3318008 0.1585843 0.9297224
38.199989 1.7129636 -0.2858966 1.4916921 -0.0216292 0.3458619 0.1594385 0.9243869
38.499985 1.7624831 -0.3054613 1.5627172 -0.0187520 0.3514339 0.1687373 0.9206901
38.799980 1.8098806 -0.3123132 1.6304789 -0.0126828 0.3502006 0.1838852 0.9183599
39.199974 1.8633206 -0.3159260 1.7185457 -0.0027679 0.3349331 0.2050864 0.9196476
39.499969 1.8970796 -0.3159105 1.7810507 0.0046717 0.3130311 0.2177067 0.9244423
39.799965 1.9286975 -0.3154752 1.8401690 0.0107791 0.2800632 0.2255674 0.9330422
39.999962 1.9481924 -0.3125324 1.8777131 0.0143358 0.2509303 0.2246711 0.9414623
40.199959 1.9645952 -0.3097788 1.9145458 0.0151776 0.2161056 0.2149945 0.9522843
40.399956 1.9802544 -0.3094669 1.9515712 0.0153125 0.1747341 0.2067028 0.9625525
40.499954 1.9850447 -0.3095517 1.9726533 0.0153532 0.1524165 0.1996427 0.9678204
40.599953 1.9887273 -0.3122057 1.9961405 0.0146120 0.1284199 0.1928829 0.9726721
40.699951 1.9873924 -0.3134496 2.0198922 0.0151879 0.1045451 0.1836062 0.9773067
40.799950 1.9850787 -0.3182016 2.0432601 0.0147051 0.0793391 0.1749708 0.9812616
40.899948 1.9785006 -0.3195518 2.0693109 0.0165625 0.0541702 0.1657174 0.9845451
40.999947 1.9718939 -0.3230282 2.0918622 0.0174562 0.0274161 0.1570192 0.9870606
41.099945 1.9621149 -0.3309418 2.1159151 0.0173627 0.0010304 0.1472047 0.9889531
41.299942 1.9440557 -0.3404317 2.1647120 0.0190994 -0.0540791 0.1303496 0.9898079
41.399940 1.9334108 -0.3448648 2.1907454 0.0199418 -0.0805846 0.1224680 0.9889945
41.499939 1.9235270 -0.3500731 2.2162623 0.0207618 -0.1074391 0.1147966 0.9873437
41.599937 1.9141445 -0.3506173 2.2431479 0.0231604 -0.1339825 0.1082439 0.9847820
41.899933 1.8832610 -0.3511800 2.3243113 0.0323591 -0.2126222 0.0971508 0.9717543
41.999931 1.8751469 -0.3539316 2.3541272 0.0360369 -0.2388119 0.0956909 0.9656674
42.099930 1.8695798 -0.3560925 2.3855162 0.0412238 -0.2641404 0.0967938 0.9587290
42.499924 1.8821461 -0.3910044 2.5097296 0.0658417 -0.3479015 0.1101491 0.9287069
42.699921 1.8686337 -0.4073554 2.5674324 0.0799103 -0.3832752 0.1233110 0.9118711
42.899918 1.8058929 -0.4037993 2.5737805 0.0967796 -0.4196374 0.1393604 0.8916932
43.099915 1.7451113 -0.3988523 2.5741484 0.1130684 -0.4533133 0.1555347 0.8703629
43.299911 1.7043788 -0.3945878 2.5863364 0.1274896 -0.4937379 0.1638565 0.8444645
43.399910 1.6718189 -0.3955153 2.5841062 0.1343195 -0.5063748 0.1703105 0.8345881
43.599907 1.6086864 -0.4073068 2.5732164 0.1428950 -0.5278295 0.1816478 0.8173011
43.699905 1.5788982 -0.4112455 2.5669210 0.1471130 -0.5370886 0.1869133 0.8092941
43.899902 1.5283463 -0.4227237 2.5544522 0.1525378 -0.5547051 0.1926820 0.7949265
43.999901 1.5035080 -0.4253522 2.5491428 0.1549143 -0.5643393 0.1967807 0.7866385
44.099899 1.4872099 -0.4323123 2.5468490 0.1584487 -0.5750846 0.1884347 0.7801693
44.199898 1.4779001 -0.4409190 2.5453632 0.1581897 -0.5856192 0.1740323 0.7757184
44.299896 1.4598542 -0.4437839 2.5427849 0.1624085 -0.5941662 0.1677075 0.7697170
44.399895 1.4409549 -0.4463433 2.5389125 0.1713755 -0.5995376 0.1591152 0.7654198
44.499893 1.4221089 -0.4494840 2.5320795 0.1795467 -0.6019277 0.1500165 0.7635058
44.599892 1.4039891 -0.4520478 2.5261023 0.1833663 -0.6042727 0.1418242 0.7623104
44.699890 1.3848042 -0.4537885 2.5211937 0.1880672 -0.6042263 0.1340295 0.7626122
44.799889 1.3662730 -0.4568367 2.5185199 0.1907730 -0.6035330 0.1243759 0.7641232
44.899887 1.3499212 -0.4581640 2.5154922 0.1935871 -0.6033756 0.1142684 0.7651175
44.999886 1.3327494 -0.4592774 2.5118852 0.1967904 -0.6036123 0.1034291 0.7656554
45.199883 1.2990887 -0.4619782 2.5079453 0.2053122 -0.6096669 0.0803838 0.7613748
45.299881 1.2829018 -0.4616759 2.5062368 0.2113112 -0.6142145 0.0699363 0.7570977
45.499878 1.2550614 -0.4596101 2.4903734 0.2193005 -0.6256991 0.0486713 0.7470201
45.699875 1.2278321 -0.4551307 2.4738986 0.2271399 -0.6398880 0.0295886 0.7335362
45.899872 1.2020321 -0.4493352 2.4588146 0.2345344 -0.6586203 0.0138343 0.7148578
46.099869 1.1763327 -0.4432085 2.4432657 0.2390988 -0.6814225 0.0009334 0.6917328
46.299866 1.1511523 -0.4360743 2.4279790 0.2421447 -0.7083338 -0.0082800 0.6629936
46.499863 1.1261818 -0.4268298 2.4138541 0.2452169 -0.7376859 -0.0109419 0.6289423
46.699860 1.1018221 -0.4188005 2.3998771 0.2461789 -0.7673833 -0.0128008 0.5919079
46.899857 1.0781564 -0.4105321 2.3856678 0.2451560 -0.7952167 -0.0103265 0.5544568
47.099854 1.0534265 -0.4020461 2.3746595 0.2434714 -0.8222262 -0.0050811 0.5144317
47.299850 1.0280288 -0.3940770 2.3667350 -0.2412663 0.8450887 -0.0025901 -0.4770837
47.399849 1.0156415 -0.3906728 2.3624172 -0.2391943 0.8551262 -0.0068505 -0.4598894
47.499847 1.0034317 -0.3884464 2.3579726 -0.2348423 0.8648561 -0.0102514 -0.4435853
47.599846 0.9921072 -0.3856850 2.3527083 -0.2290714 0.8727959 -0.0142665 -0.4307552
47.699844 0.9795433 -0.3827128 2.3481624 -0.2254750 0.8802846 -0.0190518 -0.4170096
47.799843 0.9682098 -0.3803458 2.3426719 -0.2204390 0.8859975 -0.0222998 -0.4073301
47.899841 0.9570891 -0.3773008 2.3370466 -0.2179926 0.8904412 -0.0257102 -0.3986636
47.999840 0.9468088 -0.3749429 2.3306098 -0.2148529 0.8934059 -0.0270774 -0.3936128
48.099838 0.9366215 -0.3718054 2.3240631 -0.2108658 0.8953341 -0.0297992 -0.3911834
48.199837 0.9271251 -0.3673940 2.3181005 -0.2071461 0.8957515 -0.0323229 -0.3920140
48.299835 0.9190626 -0.3669237 2.3153000 -0.2026574 0.8954297 -0.0307078 -0.3952121
48.399834 0.9098959 -0.3656273 2.3115449 -0.1978773 0.8942866 -0.0298872 -0.4002534
48.499832 0.8997629 -0.3665207 2.3086796 -0.1908358 0.8930751 -0.0284020 -0.4064380
48.599831 0.8927794 -0.3652498 2.2998140 -0.1865439 0.8880083 -0.0257784 -0.4194974
48.899826 0.8695280 -0.3676045 2.2885854 -0.1770664 0.8718838 -0.0278073 -0.4557333
48.999825 0.8638306 -0.3737192 2.2875128 -0.1716705 0.8662903 -0.0254495 -0.4684257
49.099823 0.8586228 -0.3784358 2.2837291 -0.1676493 0.8580526 -0.0257450 -0.4847439
49.199821 0.8560430 -0.3831190 2.2759285 0.1647011 -0.8466784 0.0241843 0.5053953
49.299820 0.8495628 -0.3874537 2.2729831 0.1627708 -0.8414189 0.0212940 0.5148460
49.399818 0.8472425 -0.3882978 2.2682521 0.1580814 -0.8356100 0.0165586 0.5258251
49.499817 0.8436686 -0.3895088 2.2698109 0.1518218 -0.8379855 0.0120510 0.5240089
49.599815 0.8417966 -0.3897162 2.2700951 0.1474656 -0.8378022 0.0089738 0.5256052
49.799812 0.8402182 -0.3899204 2.2713156 0.1430877 -0.8376676 0.0023023 0.5270993
49.899811 0.8378334 -0.3901798 2.2716269 0.1409303 -0.8386157 0.0009486 0.5261764
