0.000000 0.0000000 0.0000000 0.0000000 0.0000000 0.0000000 0.0000000 1.0000000
0.103391 -0.0006886 -0.0004722 0.0890124 0.0022383 0.0008283 -0.0003396 0.9999971
0.207106 -0.0003564 -0.0002406 0.1782081 0.0026907 0.0011443 0.0007703 0.9999954
0.310262 -0.0004304 -0.0001154 0.2673406 0.0006974 0.0012404 0.0015089 0.9999979
0.413621 -0.0002814 -0.0001538 0.3565729 -0.0023496 0.0008932 0.0027815 0.9999930
0.517929 -0.0001919 -0.0001031 0.4443524 -0.0023713 0.0003032 0.0045353 0.9999868
0.620389 -0.0003319 0.0004029 0.5320338 -0.0008820 -0.0001257 0.0058607 0.9999824
0.724219 -0.0004547 0.0005658 0.6191525 0.0008254 -0.0005713 0.0061946 0.9999803
0.827211 -0.0011021 0.0004215 0.7058631 0.0010719 -0.0008575 0.0060154 0.9999810
0.930557 -0.0019600 0.0004540 0.7922353 0.0001568 -0.0013559 0.0057902 0.9999823
1.137438 -0.0033344 0.0006194 0.9642477 -0.0020868 -0.0020679 0.0057183 0.9999793
1.344229 -0.0043104 0.0013835 1.1361835 -0.0024447 -0.0029069 0.0065405 0.9999714
1.447568 -0.0050431 0.0019395 1.2216791 -0.0016517 -0.0032525 0.0066436 0.9999713
1.654521 -0.0069957 0.0027294 1.3911134 0.0000887 -0.0047885 0.0075129 0.9999603
1.861353 -0.0101615 0.0029995 1.5597085 0.0009577 -0.0062581 0.0067833 0.9999570
1.964724 -0.0118296 0.0026418 1.6441460 0.0008898 -0.0070812 0.0058188 0.9999576
2.171620 -0.0153477 0.0024252 1.8106010 -0.0002548 -0.0084999 0.0059338 0.9999462
2.378626 -0.0188984 0.0027875 1.9747602 -0.0003216 -0.0099339 0.0063237 0.9999306
2.585514 -0.0233696 0.0027574 2.1376243 -0.0003104 -0.0112416 0.0062563 0.9999172
2.793694 -0.0280191 0.0032163 2.2970676 -0.0026072 -0.0120736 0.0067585 0.9999009
3.103545 -0.0352354 0.0040731 2.5276172 -0.0014281 -0.0132294 0.0056360 0.9998956
3.310078 -0.0401747 0.0039993 2.6762059 -0.0004837 -0.0141246 0.0049305 0.9998879
3.517076 -0.0450378 0.0038107 2.8219650 0.0001366 -0.0158410 0.0050093 0.9998620
3.724674 -0.0511580 0.0041096 2.9636288 -0.0002987 -0.0177051 0.0049711 0.9998308
3.931241 -0.0573430 0.0043160 3.1031432 -0.0021311 -0.0196466 0.0046787 0.9997938
4.142151 -0.0641670 0.0041652 3.2369447 -0.0018806 -0.0215945 0.0028234 0.9997610
4.345966 -0.0711030 0.0042420 3.3685842 -0.0021664 -0.0232695 0.0019223 0.9997250
4.552519 -0.0789357 0.0049554 3.4959178 -0.0032478 -0.0237233 -0.0000697 0.9997133
4.760815 -0.0860710 0.0045756 3.6183126 -0.0007675 -0.0221692 -0.0027030 0.9997503
4.966824 -0.0912450 0.0054164 3.7384307 -0.0001143 -0.0196104 -0.0035232 0.9998015
5.174268 -0.0967742 0.0053883 3.8551195 -0.0031170 -0.0160715 -0.0078511 0.9998352
5.381142 -0.1007500 0.0059071 3.9667535 -0.0037117 -0.0112906 -0.0121725 0.9998553
5.588095 -0.1034634 0.0064445 4.0707836 -0.0054587 -0.0050668 -0.0167649 0.9998317
5.795223 -0.1045920 0.0063105 4.1666784 -0.0054701 0.0021878 -0.0200505 0.9997816
6.105870 -0.1041202 0.0065582 4.2962790 -0.0028032 0.0139583 -0.0255512 0.9995722
6.416516 -0.0984108 0.0072372 4.4086275 -0.0039169 0.0258529 -0.0263401 0.9993110
6.727294 -0.0921921 0.0070646 4.4986906 -0.0043512 0.0390588 -0.0321849 0.9987090
7.353300 -0.0714366 0.0061366 4.6440325 0.0009773 0.0779015 -0.0326180 0.9964268
7.663357 -0.0543144 0.0052486 4.7108960 0.0015097 0.1052975 -0.0319221 0.9939271
7.970621 -0.0336081 0.0044676 4.7774448 0.0030700 0.1381311 -0.0337466 0.9898341
8.283921 -0.0069760 0.0025164 4.8432531 0.0027136 0.1784476 -0.0369545 0.9832515
8.593446 0.0299388 0.0002419 4.9065995 0.0046151 0.2267217 -0.0348337 0.9733256
8.903911 0.0765131 -0.0024572 4.9678741 0.0097532 0.2841909 -0.0350607 0.9580768
9.525112 0.2130899 -0.0117945 5.0931311 0.0110608 0.4194602 -0.0395087 0.9068461
9.836009 0.3148155 -0.0175934 5.1515446 0.0129800 0.4944001 -0.0381603 0.8682994
10.146770 0.4371738 -0.0240151 5.1991158 0.0089788 0.5645327 -0.0393021 0.8244256
10.457170 0.5734743 -0.0310565 5.2254567 0.0155076 0.6239713 -0.0300395 0.7807157
10.664530 0.6727405 -0.0360313 5.2360673 0.0196495 0.6556695 -0.0271657 0.7543033
10.870220 0.7792760 -0.0426462 5.2414608 0.0246019 0.6790044 -0.0221945 0.7333862
11.077200 0.8904938 -0.0485099 5.2428083 0.0272572 0.6954726 -0.0177042 0.7178172
11.180190 0.9481329 -0.0511427 5.2430091 0.0287163 0.7012165 -0.0175268 0.7121542
11.385900 1.0667020 -0.0581103 5.2414317 0.0290561 0.7100711 -0.0175323 0.7033117
11.592550 1.1899301 -0.0652834 5.2369986 0.0336663 0.7155501 -0.0161669 0.6975623
11.799490 1.3183936 -0.0718593 5.2335672 0.0317652 0.7185128 -0.0157530 0.6946094
12.004820 1.4525520 -0.0790485 5.2285910 0.0270295 0.7198667 -0.0116471 0.6934881
12.211190 1.5896608 -0.0864036 5.2227902 0.0289048 0.7199349 -0.0094188 0.6933754
12.417650 1.7294896 -0.0930821 5.2186232 0.0349206 0.7188714 -0.0143329 0.6941174
12.624550 1.8751042 -0.1007611 5.2143817 0.0337673 0.7173871 -0.0129525 0.6957355
12.830730 2.0228465 -0.1097512 5.2115564 0.0302911 0.7155923 -0.0108956 0.6977760
13.037710 2.1683195 -0.1185658 5.2073493 0.0373895 0.7131641 -0.0113079 0.6999080
13.348030 2.3893328 -0.1319471 5.2067947 0.0330432 0.7095275 -0.0112502 0.7038127
13.657960 2.6098049 -0.1454654 5.2076364 0.0355945 0.7060061 -0.0133240 0.7071852
13.968170 2.8314648 -0.1599499 5.2090235 0.0374859 0.7021388 -0.0093350 0.7109913
14.278600 3.0543869 -0.1741590 5.2132750 0.0390710 0.6986552 -0.0074086 0.7143525
14.588970 3.2784688 -0.1875605 5.2218862 0.0388171 0.6953868 -0.0085754 0.7175353
14.899490 3.5036163 -0.2015879 5.2316389 0.0382406 0.6926385 -0.0093723 0.7202095
15.209870 3.7300820 -0.2164629 5.2434621 0.0383520 0.6891308 -0.0130402 0.7235038
15.520220 3.9601548 -0.2318166 5.2592072 0.0365034 0.6857710 -0.0175657 0.7266892
15.830620 4.1933455 -0.2489911 5.2761321 0.0365550 0.6817185 -0.0193787 0.7304437
16.140910 4.4308281 -0.2664079 5.2966447 0.0360876 0.6764774 -0.0210288 0.7352781
16.453450 4.6680760 -0.2851803 5.3220367 0.0396714 0.6685617 -0.0291453 0.7420256
16.761400 4.9086218 -0.3063009 5.3526893 0.0359479 0.6603581 -0.0278727 0.7495719
17.073430 5.1506181 -0.3250043 5.3889771 0.0289558 0.6520012 -0.0239410 0.7572865
17.383340 5.3850379 -0.3439542 5.4279599 0.0330304 0.6448191 -0.0282842 0.7630972
17.693880 5.6135697 -0.3639036 5.4702783 0.0334349 0.6386870 -0.0277838 0.7682377
18.003090 5.8361692 -0.3813297 5.5160036 0.0254807 0.6346353 -0.0238465 0.7720234
18.313370 6.0495772 -0.3963591 5.5615377 0.0251294 0.6317530 -0.0286317 0.7742330
18.623970 6.2540751 -0.4126191 5.6065831 0.0293478 0.6293854 -0.0326496 0.7758523
18.934680 6.4519143 -0.4295283 5.6503606 0.0262302 0.6283779 -0.0314333 0.7768302
19.245500 6.6410222 -0.4450282 5.6916790 0.0253184 0.6296933 -0.0315556 0.7757896
19.557750 6.8213801 -0.4603062 5.7289791 0.0293182 0.6320137 -0.0329105 0.7737027
19.763960 6.9376721 -0.4693755 5.7524643 0.0272638 0.6339211 -0.0321360 0.7722487
19.969850 7.0507588 -0.4788107 5.7740574 0.0270770 0.6356078 -0.0292660 0.7709819
20.177180 7.1595931 -0.4875516 5.7938700 0.0312922 0.6372497 -0.0278405 0.7695184
20.383850 7.2676854 -0.4963281 5.8144827 0.0324708 0.6383805 -0.0297462 0.7684602
20.590890 7.3767691 -0.5053168 5.8341298 0.0343036 0.6387668 -0.0261554 0.7681902
20.797730 7.4862094 -0.5135156 5.8536034 0.0365820 0.6371818 -0.0227191 0.7695096
21.004610 7.5959849 -0.5230628 5.8768396 0.0353122 0.6337646 -0.0240651 0.7723448
21.213570 7.7078214 -0.5310129 5.9006486 0.0350708 0.6280406 -0.0239113 0.7770221
21.417970 7.8218937 -0.5399847 5.9293156 0.0332198 0.6212252 -0.0239553 0.7825611
21.624800 7.9378800 -0.5493826 5.9607410 0.0323148 0.6133004 -0.0269456 0.7887282
21.833000 8.0563717 -0.5582825 5.9951825 0.0317087 0.6047665 -0.0307389 0.7951775
22.038410 8.1783657 -0.5682475 6.0337644 0.0314543 0.5963301 -0.0325006 0.8014641
22.348790 8.3671217 -0.5824809 6.0975399 0.0288418 0.5830757 -0.0324119 0.8112585
22.659440 8.5656281 -0.5974255 6.1713104 0.0249152 0.5696290 -0.0261048 0.8211094
22.969530 8.7729530 -0.6102441 6.2519050 0.0276298 0.5589234 -0.0137738 0.8286444
23.280040 8.9844713 -0.6224028 6.3410969 0.0333910 0.5491810 -0.0118956 0.8349513
23.694540 9.2621641 -0.6435560 6.4697304 0.0338599 0.5393949 -0.0184912 0.8411687
24.004580 9.4616060 -0.6603047 6.5660310 0.0357398 0.5337577 -0.0236572 0.8445506
24.315110 9.6545105 -0.6776683 6.6611667 0.0323308 0.5284644 -0.0214650 0.8480681
24.625310 9.8373089 -0.6933979 6.7548018 0.0322139 0.5238872 -0.0225336 0.8508800
24.935580 10.0129719 -0.7085776 6.8449283 0.0322952 0.5211275 -0.0206696 0.8526171
25.245970 10.1791925 -0.7232971 6.9320927 0.0347893 0.5176196 -0.0199137 0.8546714
25.556300 10.3377094 -0.7375468 7.0154810 0.0363387 0.5129120 -0.0170461 0.8575023
25.866530 10.4886398 -0.7513850 7.0988975 0.0372850 0.5080533 -0.0156663 0.8603756
26.177790 10.6349001 -0.7644602 7.1820612 0.0399812 0.5014331 -0.0170904 0.8641031
26.486950 10.7773867 -0.7794976 7.2702451 0.0431410 0.4924279 -0.0264686 0.8688803
26.796950 10.9222422 -0.7942185 7.3641157 0.0387508 0.4832212 -0.0316993 0.8740656
27.107250 11.0714064 -0.8102440 7.4676013 0.0280431 0.4740651 -0.0342106 0.8793779
27.417420 11.2249317 -0.8236194 7.5772672 0.0283333 0.4638069 -0.0403331 0.8845640
27.727690 11.3857651 -0.8383543 7.6972480 0.0254586 0.4530545 -0.0451767 0.8899733
28.037820 11.5546761 -0.8537682 7.8288732 0.0233081 0.4408477 -0.0440135 0.8961991
28.348030 11.7281647 -0.8686343 7.9727206 0.0219273 0.4277686 -0.0466381 0.9024180
28.660870 11.9093208 -0.8846000 8.1263437 0.0221727 0.4205106 -0.0437885 0.9059590
28.970690 12.0982676 -0.9008691 8.2864475 0.0243578 0.4146299 -0.0338687 0.9090334
29.279330 12.2880096 -0.9168500 8.4552631 0.0243162 0.4090645 -0.0311113 0.9116507
29.486390 12.4136915 -0.9263788 8.5728397 0.0224749 0.4050142 -0.0366654 0.9132984
29.692890 12.5421848 -0.9367566 8.6922817 0.0169606 0.4010023 -0.0354997 0.9152318
29.899820 12.6708164 -0.9454428 8.8145914 0.0127936 0.3962620 -0.0322093 0.9174832
30.106560 12.8004847 -0.9537109 8.9369602 0.0195009 0.3903122 -0.0258763 0.9201123
30.313330 12.9282045 -0.9627550 9.0638571 0.0269485 0.3834314 -0.0240416 0.9228630
30.520070 13.0564880 -0.9739566 9.1952200 0.0252611 0.3760475 -0.0194652 0.9260514
30.726980 13.1827021 -0.9844654 9.3268614 0.0294719 0.3693336 -0.0172721 0.9286688
30.933840 13.3075151 -0.9943483 9.4626198 0.0302446 0.3647930 -0.0161987 0.9304563
31.142770 13.4328928 -1.0055997 9.5980062 0.0280156 0.3621992 -0.0120412 0.9316018
31.451260 13.6202965 -1.0204756 9.8042774 0.0262095 0.3616812 -0.0098439 0.9318814
31.763200 13.8065643 -1.0353405 10.0109262 0.0265269 0.3641301 -0.0150934 0.9308479
32.074110 13.9950771 -1.0506614 10.2160015 0.0237486 0.3685186 -0.0181188 0.9291403
32.280170 14.1216736 -1.0603933 10.3505068 0.0219349 0.3722357 -0.0159754 0.9277415
32.486110 14.2467661 -1.0703348 10.4815569 0.0273059 0.3761227 -0.0214971 0.9259179
32.694680 14.3728714 -1.0807416 10.6117907 0.0277167 0.3806214 -0.0242995 0.9239960
33.003430 14.5633564 -1.0972378 10.8029633 0.0220467 0.3874705 -0.0245980 0.9212901
33.314720 14.7551537 -1.1128222 10.9874382 0.0254532 0.3937271 -0.0214681 0.9186241
33.623980 14.9504328 -1.1290228 11.1702757 0.0267485 0.4010417 -0.0226467 0.9153891
33.934650 15.1486225 -1.1458451 11.3517838 0.0284187 0.4112329 -0.0269818 0.9106876
34.244700 15.3513832 -1.1634157 11.5265684 0.0270243 0.4225825 -0.0293809 0.9054449
34.555090 15.5617113 -1.1772993 11.6993790 0.0166903 0.4348050 -0.0301122 0.8998663
34.866170 15.7771711 -1.1932408 11.8659458 0.0261814 0.4470428 -0.0308769 0.8935961
35.176790 16.0004082 -1.2124808 12.0266590 0.0263216 0.4592389 -0.0255113 0.8875561
35.486280 16.2236023 -1.2307938 12.1800575 0.0268927 0.4700414 -0.0242841 0.8819003
35.693160 16.3706284 -1.2424995 12.2768440 0.0250019 0.4754691 -0.0202231 0.8791445
35.900040 16.5151939 -1.2536706 12.3717575 0.0242179 0.4802998 -0.0212524 0.8765123
36.108200 16.6571522 -1.2649817 12.4614182 0.0285746 0.4836726 -0.0236166 0.8744636
36.313700 16.7974854 -1.2761904 12.5494785 0.0263867 0.4867722 -0.0235965 0.8728114
36.520460 16.9376144 -1.2867646 12.6347828 0.0235165 0.4894008 -0.0173668 0.8715688
36.727360 17.0733166 -1.2955139 12.7161942 0.0275636 0.4918136 -0.0155208 0.8701257
36.934690 17.2043037 -1.3067424 12.7963524 0.0330600 0.4937756 -0.0212600 0.8687006
37.141020 17.3359509 -1.3167017 12.8727818 0.0322860 0.4959986 -0.0188964 0.8675171
37.347880 17.4647293 -1.3267769 12.9512434 0.0191265 0.4993438 -0.0198639 0.8659649
37.554790 17.5902672 -1.3347515 13.0241508 0.0220200 0.5014744 -0.0211500 0.8646336
37.761670 17.7147694 -1.3429651 13.0952339 0.0229312 0.5040559 -0.0210538 0.8631098
37.968550 17.8360291 -1.3518414 13.1634474 0.0219176 0.5063450 -0.0206432 0.8618053
38.176120 17.9550495 -1.3600150 13.2290859 0.0239172 0.5095997 -0.0205415 0.8598338
38.382320 18.0722599 -1.3681773 13.2927141 0.0255803 0.5139924 -0.0218406 0.8571351
38.589330 18.1872368 -1.3768203 13.3528662 0.0285709 0.5190787 -0.0229213 0.8539412
38.899920 18.3619633 -1.3901432 13.4414759 0.0293925 0.5281646 -0.0265164 0.8482188
39.106870 18.4811440 -1.3995140 13.5000086 0.0283916 0.5342484 -0.0285437 0.8443683
39.313880 18.6030445 -1.4094442 13.5565701 0.0298361 0.5408399 -0.0321947 0.8399795
39.520900 18.7295589 -1.4198637 13.6133718 0.0309120 0.5474153 -0.0353493 0.8355426
39.831290 18.9265041 -1.4376249 13.6958656 0.0335240 0.5573381 -0.0365624 0.8288025
40.141680 19.1345272 -1.4564404 13.7769337 0.0311599 0.5673546 -0.0344022 0.8221644
40.452080 19.3557930 -1.4735937 13.8565617 0.0266399 0.5753859 -0.0293407 0.8169214
40.764080 19.5844421 -1.4905629 13.9346790 0.0314487 0.5819812 -0.0266869 0.8121555
41.072760 19.8194790 -1.5086309 14.0107555 0.0437702 0.5874309 -0.0265636 0.8076531
41.385110 20.0658188 -1.5315106 14.0873213 0.0428079 0.5934732 -0.0225300 0.8033987
41.693290 20.3159389 -1.5555251 14.1649466 0.0412116 0.5996734 -0.0282741 0.7986826
42.106940 20.6580963 -1.5865557 14.2618780 0.0410111 0.6083720 -0.0299194 0.7920268
42.417600 20.9245300 -1.6113399 14.3309011 0.0426489 0.6132207 -0.0268091 0.7883037
42.727360 21.1940727 -1.6366708 14.3991070 0.0403208 0.6167068 -0.0257478 0.7857379
43.037390 21.4627838 -1.6625395 14.4662495 0.0394106 0.6190946 -0.0289722 0.7837917
43.347610 21.7324505 -1.6867865 14.5308123 0.0373395 0.6210740 -0.0267337 0.7824054
43.660340 22.0064983 -1.7115003 14.5943775 0.0404051 0.6228501 -0.0289515 0.7807605
44.071640 22.3653507 -1.7458793 14.6759539 0.0367122 0.6272904 -0.0276935 0.7774265
44.382090 22.6335182 -1.7691269 14.7335529 0.0353369 0.6321873 -0.0273946 0.7735245
44.692960 22.9008904 -1.7918224 14.7866249 0.0351907 0.6370755 -0.0269302 0.7695266
45.003060 23.1687698 -1.8149178 14.8368187 0.0333869 0.6417795 -0.0289735 0.7656140
45.313460 23.4358101 -1.8377575 14.8852634 0.0308232 0.6459990 -0.0344435 0.7619376
45.520350 23.6126919 -1.8531575 14.9153795 0.0320317 0.6484625 -0.0382684 0.7596090
45.727180 23.7887478 -1.8696314 14.9442368 0.0291248 0.6512403 -0.0368271 0.7574177
45.933940 23.9658394 -1.8852713 14.9711151 0.0283204 0.6537405 -0.0347560 0.7553895
46.140840 24.1416264 -1.8997121 14.9969263 0.0287209 0.6566720 -0.0355464 0.7527905
46.347740 24.3156567 -1.9139651 15.0192671 0.0314502 0.6604635 -0.0320599 0.7495139
46.554470 24.4909592 -1.9288111 15.0409269 0.0302127 0.6642554 -0.0304919 0.7462722
46.761380 24.6615047 -1.9446328 15.0592270 0.0401930 0.6673297 -0.0378690 0.7427123
46.968250 24.8334045 -1.9622090 15.0778265 0.0380014 0.6713483 -0.0390907 0.7391341
47.175200 25.0042286 -1.9788508 15.0945740 0.0318212 0.6754992 -0.0373649 0.7357256
47.382040 25.1727467 -1.9941947 15.1088133 0.0282467 0.6802467 -0.0394487 0.7313756
47.588920 25.3396568 -2.0095034 15.1212301 0.0230231 0.6856546 -0.0389587 0.7265191
47.795800 25.5046730 -2.0230241 15.1290445 0.0271908 0.6903412 -0.0389538 0.7219226
48.002630 25.6714478 -2.0376229 15.1355038 0.0279988 0.6950448 -0.0383908 0.7173946
48.312780 25.9200096 -2.0594201 15.1409597 0.0287212 0.7012737 -0.0367846 0.7113629
48.519480 26.0851707 -2.0735250 15.1432400 0.0312188 0.7040877 -0.0380104 0.7084074
48.829380 26.3315182 -2.0963902 15.1430712 0.0325474 0.7065088 -0.0327499 0.7061964
49.139410 26.5767269 -2.1179245 15.1430073 0.0352757 0.7077092 -0.0315408 0.7049174
49.452210 26.8164539 -2.1400814 15.1417522 0.0386866 0.7067201 -0.0300052 0.7057973
49.759580 27.0483742 -2.1622167 15.1430779 0.0389300 0.7045550 -0.0275321 0.7080457
50.069330 27.2737980 -2.1826639 15.1464205 0.0353525 0.7009514 -0.0254107 0.7118789
50.379340 27.4895840 -2.2014689 15.1540899 0.0333340 0.6967164 -0.0282652 0.7160141
50.691000 27.6961823 -2.2188201 15.1628122 0.0288722 0.6929176 -0.0275835 0.7199103
50.999580 27.8906021 -2.2343574 15.1727581 0.0306633 0.6887594 -0.0290105 0.7237601
51.309660 28.0723476 -2.2499845 15.1849546 0.0300221 0.6851803 -0.0323159 0.7270367
51.622300 28.2430611 -2.2648523 15.1980600 0.0290520 0.6815613 -0.0338200 0.7304015
51.930130 28.4040527 -2.2796726 15.2121477 0.0281425 0.6782244 -0.0363428 0.7334159
52.343730 28.6067810 -2.2977102 15.2315884 0.0278169 0.6739889 -0.0381836 0.7372294
52.654640 28.7478485 -2.3105674 15.2464075 0.0289790 0.6717358 -0.0397212 0.7391573
53.067800 28.9317474 -2.3279619 15.2654362 0.0301069 0.6708900 -0.0413230 0.7397923
53.481550 29.1234779 -2.3456779 15.2849312 0.0314460 0.6732669 -0.0413924 0.7375700
53.895510 29.3279190 -2.3655217 15.3019571 0.0385370 0.6762419 -0.0429284 0.7344174
54.309430 29.5486526 -2.3879948 15.3178444 0.0402812 0.6794228 -0.0375269 0.7316788
54.723200 29.7878189 -2.4106362 15.3335152 0.0429295 0.6816581 -0.0342097 0.7296087
55.136960 30.0399246 -2.4356999 15.3507719 0.0440525 0.6842308 -0.0389667 0.7268901
55.447050 30.2434139 -2.4563754 15.3645172 0.0407763 0.6863292 -0.0411747 0.7249787
55.860740 30.5184612 -2.4864717 15.3769608 0.0489174 0.6878407 -0.0418562 0.7230009
56.274290 30.8156891 -2.5200806 15.3910084 0.0503649 0.6895099 -0.0364462 0.7216032
56.687660 31.1225967 -2.5537760 15.4056749 0.0504736 0.6891813 -0.0342430 0.7220173
56.997680 31.3580818 -2.5794110 15.4191189 0.0492895 0.6877513 -0.0329478 0.7235214
57.307630 31.6030655 -2.6049113 15.4330406 0.0497637 0.6855252 -0.0316624 0.7256558
57.617510 31.8548546 -2.6311703 15.4495068 0.0505846 0.6823947 -0.0287128 0.7286660
57.927360 32.1106033 -2.6573179 15.4671679 0.0517581 0.6790730 -0.0294233 0.7316524
58.237240 32.3697433 -2.6855893 15.4907970 0.0496436 0.6764108 -0.0331267 0.7341026
58.547070 32.6323242 -2.7137918 15.5159378 0.0470829 0.6749053 -0.0314930 0.7357270
58.960410 32.9854431 -2.7508183 15.5487432 0.0469880 0.6739240 -0.0311168 0.7366480
59.270460 33.2495308 -2.7795246 15.5738173 0.0456464 0.6736550 -0.0324601 0.7369204
59.580540 33.5084763 -2.8068478 15.5986691 0.0454471 0.6733934 -0.0340079 0.7371020
59.890360 33.7661018 -2.8354306 15.6231976 0.0449477 0.6731240 -0.0334922 0.7374022
60.200330 34.0237083 -2.8620367 15.6478243 0.0470697 0.6724207 -0.0318237 0.7379851
60.510030 34.2787781 -2.8891580 15.6726685 0.0527235 0.6698542 -0.0294895 0.7400311
60.923310 34.6175728 -2.9271102 15.7083292 0.0578338 0.6647740 -0.0279960 0.7442762
61.336450 34.9553299 -2.9661016 15.7502899 0.0530887 0.6587529 -0.0257753 0.7500412
61.749770 35.2887497 -3.0029888 15.8018761 0.0510744 0.6496274 -0.0273755 0.7580410
62.162940 35.6185799 -3.0388694 15.8624716 0.0496799 0.6356155 -0.0309660 0.7697831
62.576200 35.9543457 -3.0770884 15.9367895 0.0474182 0.6224412 -0.0325841 0.7805490
62.989540 36.2856979 -3.1129899 16.0204391 0.0462190 0.6143477 -0.0341561 0.7869397
63.402810 36.6230125 -3.1511188 16.1107006 0.0456731 0.6071323 -0.0337076 0.7925706
63.712840 36.8759117 -3.1790333 16.1817398 0.0432177 0.6015688 -0.0318394 0.7970153
64.125870 37.2056770 -3.2148967 16.2823753 0.0434200 0.5940191 -0.0348943 0.8025200
64.539060 37.5291901 -3.2499640 16.3886147 0.0371950 0.5893583 -0.0365693 0.8061861
64.952280 37.8467522 -3.2838886 16.4941883 0.0360651 0.5881187 -0.0415491 0.8069011
65.262120 38.0789566 -3.3083110 16.5719814 0.0319372 0.5883703 -0.0404519 0.8069474
65.571960 38.3108711 -3.3311908 16.6461029 0.0337005 0.5889457 -0.0378005 0.8065844
65.881970 38.5405045 -3.3539634 16.7208214 0.0372469 0.5891836 -0.0384779 0.8062225
66.191750 38.7721786 -3.3778820 16.7961311 0.0372799 0.5895766 -0.0384044 0.8059372
66.503710 39.0090561 -3.4019332 16.8731728 0.0395138 0.5895445 -0.0393968 0.8058063
66.811530 39.2567902 -3.4275556 16.9517460 0.0388984 0.5892630 -0.0377843 0.8061194
67.122370 39.5083618 -3.4535737 17.0324612 0.0432303 0.5886100 -0.0343638 0.8065287
67.431360 39.7598763 -3.4810247 17.1129246 0.0467191 0.5869447 -0.0287366 0.8077670
67.741230 40.0105896 -3.5068150 17.1964016 0.0399581 0.5864951 -0.0262083 0.8085418
68.051170 40.2598038 -3.5318153 17.2787533 0.0432702 0.5856438 -0.0272553 0.8089537
68.361010 40.5048523 -3.5561402 17.3597469 0.0421094 0.5849115 -0.0246185 0.8096291
68.670920 40.7418213 -3.5804884 17.4388256 0.0413522 0.5853758 -0.0243246 0.8093413
68.981020 40.9695129 -3.6035459 17.5152283 0.0398830 0.5867618 -0.0220265 0.8084769
69.290960 41.1900635 -3.6252701 17.5869560 0.0444846 0.5881895 -0.0258891 0.8070837
69.600870 41.4053879 -3.6479869 17.6577263 0.0444702 0.5899103 -0.0267341 0.8058000
69.910950 41.6198654 -3.6692781 17.7250538 0.0435344 0.5910361 -0.0238692 0.8051157
70.324290 41.8999557 -3.6970553 17.8122807 0.0463430 0.5911142 -0.0242373 0.8048906
70.634290 42.1093178 -3.7182398 17.8785343 0.0478969 0.5911208 -0.0247982 0.8047777
70.946380 42.3206673 -3.7401104 17.9452705 0.0465722 0.5900487 -0.0229644 0.8056961
71.359740 42.5935478 -3.7687364 18.0351582 0.0450095 0.5871528 -0.0234162 0.8078846
71.771950 42.8498497 -3.7953386 18.1212406 0.0427728 0.5845799 -0.0242168 0.8098459
72.184720 43.0904503 -3.8197136 18.2035885 0.0426770 0.5826668 -0.0238215 0.8112402
72.601510 43.3141975 -3.8427384 18.2808151 0.0428191 0.5806729 -0.0238234 0.8126611
73.011570 43.5229378 -3.8641999 18.3539257 0.0411210 0.5793033 -0.0245290 0.8137046
73.425090 43.7133179 -3.8825800 18.4220695 0.0423489 0.5781820 -0.0256267 0.8144049
73.838630 43.8886948 -3.9000859 18.4838409 0.0452299 0.5767716 -0.0270674 0.8152031
74.150730 44.0072937 -3.9138875 18.5269547 0.0428357 0.5782471 -0.0266299 0.8143011
74.459100 44.1173820 -3.9252882 18.5652676 0.0421671 0.5797258 -0.0261641 0.8132991
74.872800 44.2484627 -3.9383256 18.6109962 0.0414304 0.5816020 -0.0252349 0.8120257
75.596260 44.4442940 -3.9578214 18.6774712 0.0419978 0.5839514 -0.0259403 0.8102864
75.906260 44.5213280 -3.9658785 18.7049904 0.0404511 0.5829312 -0.0267643 0.8110725
76.216170 44.5969925 -3.9727983 18.7314491 0.0402276 0.5791882 -0.0273797 0.8137402
76.526720 44.6740990 -3.9803953 18.7622452 0.0404270 0.5694442 -0.0282932 0.8205476
76.938900 44.7800789 -3.9914017 18.8101425 0.0402791 0.5458759 -0.0307804 0.8363311
77.351390 44.8856468 -4.0030723 18.8685951 0.0420892 0.5101975 -0.0346220 0.8583288
77.764930 44.9811897 -4.0140038 18.9321690 0.0402536 0.4906800 -0.0441988 0.8692866
78.179430 45.0716515 -4.0249295 18.9819088 0.0422837 0.5118207 -0.0428332 0.8569813
78.593920 45.1634331 -4.0365133 19.0192738 0.0437411 0.5497448 -0.0399045 0.8332317
79.007710 45.2626762 -4.0485878 19.0495415 0.0469334 0.5812449 -0.0344978 0.8116412
79.422000 45.3616486 -4.0597444 19.0773449 0.0452182 0.5982925 -0.0315326 0.7993792
79.833670 45.4474792 -4.0695453 19.1031361 0.0465101 0.5912337 -0.0294294 0.8046201
80.245950 45.5160255 -4.0779061 19.1334019 0.0421954 0.5680538 -0.0354263 0.8211452
81.071670 45.6064415 -4.0889359 19.1862698 0.0422620 0.5140504 -0.0373910 0.8559018
81.900220 45.6590843 -4.0952058 19.2289581 0.0379105 0.4736450 -0.0441617 0.8787906
82.312040 45.6758041 -4.0971060 19.2423439 0.0368681 0.4617285 -0.0415270 0.8852813
82.726180 45.6872444 -4.0981159 19.2556267 0.0337401 0.4525507 -0.0465036 0.8898859
