0.000000 0.0000000 0.0000000 0.0000000 0.0000000 0.0000000 0.0000000 1.0000000
0.103391 -0.0006528 -0.0005262 0.0888418 0.0022121 0.0008130 -0.0003965 0.9999971
0.207106 -0.0005072 -0.0001794 0.1778774 0.0026888 0.0011538 0.0007330 0.9999955
0.310262 -0.0004175 0.0000069 0.2665965 0.0007260 0.0012187 0.0015219 0.9999979
0.413621 -0.0003958 0.0000658 0.3555750 -0.0023052 0.0008817 0.0028094 0.9999930
0.517929 0.0000708 -0.0000631 0.4429719 -0.0024058 0.0001574 0.0046653 0.9999862
0.620389 -0.0003292 0.0004039 0.5301323 -0.0009085 -0.0001655 0.0059182 0.9999821
0.724219 -0.0004690 0.0006033 0.6168881 0.0008272 -0.0006068 0.0062510 0.9999799
0.827211 -0.0009838 0.0005310 0.7031911 0.0010860 -0.0009643 0.0060905 0.9999804
0.930557 -0.0018430 0.0005203 0.7890081 0.0001507 -0.0013994 0.0058803 0.9999817
1.137438 -0.0033956 0.0001652 0.9599631 -0.0022220 -0.0021005 0.0057427 0.9999788
1.344229 -0.0041065 0.0009490 1.1308146 -0.0026134 -0.0030063 0.0065097 0.9999709
1.447568 -0.0045884 0.0012985 1.2162503 -0.0018406 -0.0034467 0.0066170 0.9999705
1.654521 -0.0066855 0.0017835 1.3840330 -0.0002829 -0.0049606 0.0075416 0.9999592
1.861353 -0.0094948 0.0020499 1.5516922 0.0005552 -0.0065673 0.0068273 0.9999550
2.068236 -0.0133384 0.0022178 1.7186059 0.0002633 -0.0079131 0.0063545 0.9999484
2.275131 -0.0173337 0.0024204 1.8834767 -0.0005713 -0.0092334 0.0058944 0.9999398
2.482010 -0.0216957 0.0025829 2.0455999 -0.0002505 -0.0107159 0.0065023 0.9999214
2.689023 -0.0256891 0.0027524 2.2067053 -0.0014575 -0.0118471 0.0063981 0.9999083
2.896139 -0.0301348 0.0031169 2.3641372 -0.0035970 -0.0124715 0.0070838 0.9998907
3.103545 -0.0348828 0.0036757 2.5162306 -0.0016867 -0.0132563 0.0058630 0.9998935
3.310078 -0.0395015 0.0035103 2.6636274 -0.0007732 -0.0141653 0.0053613 0.9998850
3.517076 -0.0445082 0.0035545 2.8079689 -0.0000882 -0.0158600 0.0052191 0.9998606
3.724674 -0.0503488 0.0040449 2.9488575 -0.0005173 -0.0178039 0.0051970 0.9998279
4.034871 -0.0597217 0.0041849 3.1548748 -0.0025618 -0.0207403 0.0044154 0.9997719
4.243437 -0.0667104 0.0042742 3.2865570 -0.0018152 -0.0225835 0.0024023 0.9997404
4.449183 -0.0742911 0.0050816 3.4156156 -0.0032216 -0.0237773 0.0015466 0.9997109
4.656235 -0.0815390 0.0051496 3.5405409 -0.0024709 -0.0233028 -0.0015165 0.9997243
4.863788 -0.0872598 0.0055103 3.6605425 0.0000353 -0.0213878 -0.0026965 0.9997676
5.073257 -0.0931160 0.0055595 3.7786307 -0.0017206 -0.0181812 -0.0055808 0.9998177
5.277498 -0.0979883 0.0056953 3.8920748 -0.0039134 -0.0141412 -0.0101648 0.9998407
5.484644 -0.1012685 0.0063969 3.9991534 -0.0050926 -0.0085826 -0.0140875 0.9998510
5.691619 -0.1033422 0.0065810 4.0988326 -0.0056374 -0.0017012 -0.0180320 0.9998201
6.002373 -0.1032833 0.0073557 4.2348108 -0.0043964 0.0095391 -0.0242578 0.9996505
6.313021 -0.0990825 0.0071571 4.3516130 -0.0039055 0.0214732 -0.0253339 0.9994408
6.830809 -0.0895563 0.0071706 4.5020823 -0.0051892 0.0436078 -0.0317098 0.9985319
7.141701 -0.0786235 0.0069217 4.5747604 -0.0005946 0.0615940 -0.0308399 0.9976245
7.353300 -0.0703655 0.0063354 4.6219778 0.0005020 0.0775936 -0.0325571 0.9964532
8.177962 -0.0150481 0.0037463 4.8004222 0.0024111 0.1637184 -0.0356196 0.9858609
8.488779 0.0180759 0.0013084 4.8647480 0.0030145 0.2088828 -0.0362250 0.9772649
8.799662 0.0603063 -0.0011550 4.9254589 0.0077353 0.2640136 -0.0343483 0.9638761
9.110580 0.1145906 -0.0037373 4.9881415 0.0103265 0.3261069 -0.0383155 0.9444997
9.421456 0.1864164 -0.0084543 5.0523586 0.0104818 0.3950391 -0.0401204 0.9177279
9.732384 0.2799861 -0.0141705 5.1125784 0.0121555 0.4690222 -0.0387488 0.8822522
9.939685 0.3558879 -0.0185407 5.1481962 0.0119144 0.5181485 -0.0378512 0.8543696
10.146770 0.4388561 -0.0227587 5.1781707 0.0085648 0.5641124 -0.0393476 0.8247155
10.353670 0.5279291 -0.0277788 5.1984119 0.0121557 0.6054385 -0.0357043 0.7949979
10.562990 0.6254920 -0.0327576 5.2113533 0.0176507 0.6405725 -0.0275702 0.7671996
10.767050 0.7286533 -0.0385987 5.2199831 0.0221796 0.6679128 -0.0251216 0.7434847
10.973420 0.8381265 -0.0449471 5.2231607 0.0255853 0.6880326 -0.0197721 0.7249591
11.180190 0.9513052 -0.0506322 5.2237391 0.0281162 0.7010354 -0.0177234 0.7123516
11.385900 1.0692183 -0.0578560 5.2226110 0.0283968 0.7099509 -0.0176440 0.7034572
11.592550 1.1929461 -0.0644624 5.2181864 0.0331163 0.7154062 -0.0162841 0.6977335
11.799490 1.3221970 -0.0708986 5.2148657 0.0312723 0.7183626 -0.0158589 0.6947847
12.004820 1.4570653 -0.0783481 5.2102485 0.0264498 0.7197584 -0.0117453 0.6936212
12.211190 1.5954767 -0.0854504 5.2041750 0.0283776 0.7198114 -0.0095074 0.6935243
12.417650 1.7363696 -0.0917782 5.1995811 0.0343905 0.7186973 -0.0145461 0.6943197
12.624550 1.8825779 -0.0995929 5.1951218 0.0332331 0.7171673 -0.0130962 0.6959850
12.934130 2.1045260 -0.1129886 5.1904488 0.0342483 0.7143069 -0.0102333 0.6989192
13.141650 2.2518752 -0.1210712 5.1892390 0.0350273 0.7122030 -0.0139422 0.7009605
13.452770 2.4755650 -0.1356931 5.1877093 0.0344304 0.7081953 -0.0101365 0.7051037
13.761270 2.6985109 -0.1485869 5.1892071 0.0347319 0.7044760 -0.0135580 0.7087477
14.071640 2.9227386 -0.1629721 5.1908040 0.0383448 0.7006390 -0.0089355 0.7124288
14.382120 3.1480560 -0.1774811 5.1965480 0.0390460 0.6972333 -0.0063212 0.7157522
14.692450 3.3750253 -0.1904392 5.2044015 0.0390644 0.6939713 -0.0081637 0.7188958
15.002870 3.6036744 -0.2050185 5.2167082 0.0366977 0.6913185 -0.0104978 0.7215412
15.313360 3.8345292 -0.2199081 5.2295361 0.0387905 0.6875932 -0.0139565 0.7249249
15.623920 4.0684395 -0.2355938 5.2458158 0.0370309 0.6842065 -0.0171932 0.7281445
15.934250 4.3041234 -0.2522681 5.2640424 0.0351303 0.6798045 -0.0192194 0.7322993
16.244300 4.5419350 -0.2702498 5.2865953 0.0380198 0.6738559 -0.0249827 0.7374609
16.554450 4.7816920 -0.2906829 5.3143048 0.0371009 0.6655564 -0.0299837 0.7448215
16.864710 5.0248756 -0.3116419 5.3470736 0.0323362 0.6572427 -0.0272059 0.7524934
17.175580 5.2660422 -0.3309860 5.3859043 0.0284400 0.6490236 -0.0249496 0.7598270
17.485440 5.4994850 -0.3499152 5.4281583 0.0327097 0.6427836 -0.0300593 0.7647586
17.795780 5.7277284 -0.3687137 5.4712753 0.0298165 0.6370720 -0.0258975 0.7697919
18.106340 5.9484844 -0.3855410 5.5171289 0.0235184 0.6332031 -0.0251353 0.7732199
18.417190 6.1584587 -0.4007020 5.5630398 0.0250683 0.6307608 -0.0306299 0.7749672
18.727490 6.3610616 -0.4167864 5.6083078 0.0270352 0.6287608 -0.0338926 0.7763892
19.038030 6.5559125 -0.4330944 5.6499653 0.0248957 0.6282627 -0.0311708 0.7769778
19.351800 6.7419958 -0.4480394 5.6911726 0.0251899 0.6304172 -0.0329306 0.7751485
19.660070 6.9199619 -0.4624915 5.7271061 0.0276743 0.6327595 -0.0330355 0.7731482
19.866980 7.0351744 -0.4724590 5.7500305 0.0248618 0.6346346 -0.0308583 0.7717957
20.073350 7.1467814 -0.4813908 5.7713432 0.0278946 0.6361907 -0.0286883 0.7704935
20.280310 7.2555361 -0.4897609 5.7922173 0.0307163 0.6379604 -0.0289405 0.7689119
20.487640 7.3638139 -0.4987321 5.8120775 0.0315786 0.6388630 -0.0288330 0.7681312
20.694250 7.4734077 -0.5073400 5.8317032 0.0344382 0.6379868 -0.0241768 0.7688968
20.902080 7.5834560 -0.5157070 5.8532772 0.0343678 0.6358783 -0.0238503 0.7706548
21.108200 7.6952543 -0.5245329 5.8772168 0.0344110 0.6311906 -0.0235734 0.7745054
21.316100 7.8087778 -0.5329612 5.9042058 0.0333357 0.6249422 -0.0234088 0.7796076
21.624800 7.9829741 -0.5465347 5.9501691 0.0311778 0.6134142 -0.0274328 0.7886688
21.833000 8.1029024 -0.5553151 5.9850135 0.0306475 0.6048547 -0.0310289 0.7951407
22.038410 8.2264757 -0.5651568 6.0240593 0.0303412 0.5964334 -0.0327687 0.8014193
22.348790 8.4174681 -0.5793234 6.0888729 0.0276902 0.5832034 -0.0327503 0.8111933
22.555690 8.5507212 -0.5896550 6.1375341 0.0253522 0.5742113 -0.0274646 0.8178535
22.762490 8.6870661 -0.5986203 6.1904225 0.0255576 0.5657424 -0.0237717 0.8238430
23.072970 8.9008236 -0.6106660 6.2751436 0.0270998 0.5560545 -0.0113159 0.8306268
23.384670 9.1148300 -0.6228864 6.3673859 0.0362580 0.5460529 -0.0120213 0.8368794
23.694540 9.3255377 -0.6395584 6.4665031 0.0328092 0.5395436 -0.0186046 0.8411124
24.004580 9.5285902 -0.6563691 6.5644579 0.0347344 0.5338940 -0.0236413 0.8445069
24.315110 9.7241249 -0.6735440 6.6607857 0.0313812 0.5285718 -0.0213902 0.8480387
24.625310 9.9102774 -0.6896401 6.7564068 0.0310971 0.5240060 -0.0225421 0.8508481
24.935580 10.0893984 -0.7042293 6.8482347 0.0313128 0.5212278 -0.0206050 0.8525940
25.245970 10.2587156 -0.7187083 6.9367094 0.0338414 0.5176718 -0.0198497 0.8546792
25.556300 10.4204121 -0.7328272 7.0225306 0.0355090 0.5130683 -0.0169175 0.8574461
25.866530 10.5747004 -0.7464703 7.1079988 0.0365128 0.5082104 -0.0155109 0.8603188
26.177790 10.7240381 -0.7598101 7.1936154 0.0390997 0.5017828 -0.0170190 0.8639418
26.486950 10.8688908 -0.7744994 7.2829762 0.0423819 0.4927201 -0.0264595 0.8687523
26.796950 11.0167398 -0.7892979 7.3783054 0.0380290 0.4834622 -0.0315386 0.8739699
27.107250 11.1689110 -0.8047398 7.4828568 0.0274060 0.4741305 -0.0341371 0.8793656
27.417420 11.3252983 -0.8186512 7.5948243 0.0275722 0.4639298 -0.0401658 0.8845313
27.727690 11.4899521 -0.8329658 7.7169485 0.0248476 0.4530731 -0.0450464 0.8899878
28.037820 11.6618595 -0.8489389 7.8510642 0.0225891 0.4409033 -0.0437254 0.8962043
28.348030 11.8379965 -0.8635784 7.9975309 0.0211293 0.4278997 -0.0465470 0.9023795
28.660870 12.0221748 -0.8795418 8.1541834 0.0214412 0.4207049 -0.0435289 0.9058989
28.970690 12.2147961 -0.8960260 8.3175068 0.0235950 0.4148808 -0.0334497 0.9089545
29.279330 12.4082699 -0.9115291 8.4897346 0.0236352 0.4093173 -0.0308519 0.9115640
29.486390 12.5361452 -0.9207660 8.6092167 0.0218353 0.4052690 -0.0364634 0.9132090
29.692890 12.6669893 -0.9309842 8.7307949 0.0163339 0.4012696 -0.0352184 0.9151369
29.899820 12.7980957 -0.9395820 8.8547287 0.0121878 0.3964781 -0.0319131 0.9174084
30.106560 12.9300270 -0.9479056 8.9794283 0.0188325 0.3905642 -0.0255916 0.9200272
30.313330 13.0599546 -0.9569750 9.1076880 0.0262250 0.3836533 -0.0236806 0.9228010
30.520070 13.1903458 -0.9677752 9.2408218 0.0246001 0.3762488 -0.0192205 0.9259926
30.726980 13.3190804 -0.9780239 9.3751030 0.0289105 0.3695430 -0.0169611 0.9286089
30.933840 13.4465256 -0.9879680 9.5131645 0.0296258 0.3649330 -0.0158563 0.9304272
31.142770 13.5741100 -0.9990274 9.6509476 0.0274891 0.3624040 -0.0115571 0.9315439
31.347740 13.7018442 -1.0087065 9.7915545 0.0263609 0.3618656 -0.0088751 0.9318153
31.555590 13.8279428 -1.0186256 9.9307098 0.0260107 0.3623676 -0.0104808 0.9316133
31.763200 13.9551344 -1.0284098 10.0712070 0.0260071 0.3643114 -0.0146742 0.9307983
31.970850 14.0823746 -1.0386219 10.2115259 0.0243478 0.3672661 -0.0176011 0.9296306
32.280170 14.2758026 -1.0533680 10.4170418 0.0213175 0.3724882 -0.0159041 0.9276557
32.486110 14.4027576 -1.0638776 10.5499706 0.0266344 0.3763383 -0.0212031 0.9258566
32.694680 14.5307512 -1.0737373 10.6820478 0.0271771 0.3808542 -0.0239028 0.9239265
33.003430 14.7240353 -1.0898334 10.8762903 0.0215967 0.3877240 -0.0241310 0.9212065
33.314720 14.9197350 -1.1053494 11.0638018 0.0250039 0.3938803 -0.0208260 0.9185855
33.623980 15.1177835 -1.1213603 11.2492561 0.0263604 0.4012454 -0.0218418 0.9153306
33.934650 15.3190918 -1.1375152 11.4327374 0.0280644 0.4113716 -0.0263212 0.9106553
34.244700 15.5265741 -1.1555812 11.6123066 0.0266301 0.4227913 -0.0286523 0.9053825
34.555090 15.7384243 -1.1700015 11.7840977 0.0160379 0.4348250 -0.0295350 0.8998876
34.969030 16.0337715 -1.1912048 12.0083275 0.0281478 0.4510201 -0.0292320 0.8915907
35.279490 16.2628345 -1.2115108 12.1671009 0.0253519 0.4623720 -0.0241199 0.8859953
35.693160 16.5620079 -1.2347190 12.3685188 0.0244293 0.4749781 -0.0190461 0.8794523
35.900040 16.7081375 -1.2454394 12.4642448 0.0236845 0.4797588 -0.0200419 0.8768517
36.108200 16.8518047 -1.2566160 12.5562096 0.0279994 0.4833144 -0.0225085 0.8747095
36.313700 16.9937878 -1.2670841 12.6455793 0.0260035 0.4863861 -0.0224737 0.8730677
36.520460 17.1363068 -1.2771269 12.7324677 0.0232337 0.4890391 -0.0162329 0.8718013
36.727360 17.2740402 -1.2862946 12.8160248 0.0270789 0.4915861 -0.0145095 0.8702869
36.934690 17.4069042 -1.2974613 12.8960552 0.0324754 0.4933138 -0.0202286 0.8690096
37.141020 17.5408440 -1.3070141 12.9750099 0.0318556 0.4957303 -0.0178424 0.8677086
37.347880 17.6717358 -1.3173642 13.0543509 0.0184130 0.4989623 -0.0190002 0.8662197
37.554790 17.7991524 -1.3255209 13.1282616 0.0212378 0.5010448 -0.0202431 0.8649238
37.761670 17.9255257 -1.3331304 13.2005062 0.0222114 0.5035906 -0.0202172 0.8634202
37.968550 18.0486088 -1.3419585 13.2702856 0.0211488 0.5059731 -0.0198261 0.8620620
38.176120 18.1695919 -1.3497229 13.3367939 0.0232491 0.5091592 -0.0196703 0.8601334
38.382320 18.2880936 -1.3578370 13.4015589 0.0247967 0.5135626 -0.0210593 0.8574352
38.589330 18.4044781 -1.3664486 13.4624481 0.0278059 0.5186521 -0.0221101 0.8542470
38.796340 18.5227757 -1.3747604 13.5219774 0.0300914 0.5246328 -0.0237849 0.8504641
39.003240 18.6434536 -1.3841264 13.5829239 0.0274025 0.5308533 -0.0273078 0.8465803
39.210380 18.7666016 -1.3939086 13.6405525 0.0283883 0.5368973 -0.0288882 0.8426748
39.520900 18.9575901 -1.4091448 13.7274017 0.0300804 0.5468301 -0.0344900 0.8359919
39.831290 19.1565323 -1.4265791 13.8116388 0.0326976 0.5568257 -0.0357527 0.8292152
40.141680 19.3670998 -1.4449224 13.8941383 0.0302275 0.5668793 -0.0338778 0.8225487
40.452080 19.5901699 -1.4618554 13.9755325 0.0257588 0.5749217 -0.0287890 0.8172960
40.764080 19.8214989 -1.4787836 14.0545025 0.0304762 0.5815290 -0.0263156 0.8125286
41.072760 20.0614204 -1.4968617 14.1318398 0.0428523 0.5869153 -0.0259870 0.8080958
41.385110 20.3108215 -1.5193982 14.2089844 0.0418564 0.5929597 -0.0220393 0.8038415
41.693290 20.5640316 -1.5427171 14.2880793 0.0403418 0.5991690 -0.0279232 0.7991179
42.003560 20.8282337 -1.5656135 14.3639774 0.0388908 0.6056939 -0.0303774 0.7941659
42.313830 21.0948544 -1.5910881 14.4338627 0.0415398 0.6110029 -0.0268632 0.7900811
42.623970 21.3662720 -1.6162188 14.5029449 0.0402289 0.6148618 -0.0260140 0.7871784
43.037390 21.7353058 -1.6497478 14.5958385 0.0385463 0.6183587 -0.0282994 0.7844399
43.450910 22.1010132 -1.6826971 14.6839113 0.0370910 0.6209450 -0.0245551 0.7825909
43.865300 22.4625397 -1.7147882 14.7687950 0.0401971 0.6240877 -0.0298098 0.7797500
44.176790 22.7378635 -1.7399162 14.8289213 0.0344456 0.6279247 -0.0254716 0.7770941
44.485720 23.0073357 -1.7622091 14.8870029 0.0348120 0.6329753 -0.0268933 0.7729212
44.796760 23.2795639 -1.7848675 14.9398136 0.0336923 0.6377379 -0.0263871 0.7690637
45.107140 23.5486813 -1.8071851 14.9904652 0.0314170 0.6425671 -0.0289168 0.7650387
45.416890 23.8185959 -1.8302866 15.0393715 0.0311279 0.6464605 -0.0361153 0.7614562
45.623680 23.9996147 -1.8455452 15.0689793 0.0294423 0.6489081 -0.0374789 0.7593726
45.830550 24.1796932 -1.8616261 15.0984526 0.0273943 0.6516457 -0.0347002 0.7572340
46.037440 24.3574562 -1.8759980 15.1250706 0.0274953 0.6542960 -0.0340944 0.7549691
46.244200 24.5363636 -1.8912277 15.1506271 0.0288788 0.6576067 -0.0361864 0.7519375
46.451100 24.7153664 -1.9053535 15.1726561 0.0284653 0.6614712 -0.0300050 0.7488292
46.657980 24.8905296 -1.9201669 15.1941204 0.0345070 0.6648440 -0.0336094 0.7454275
46.864950 25.0629768 -1.9376643 15.2134895 0.0400271 0.6687411 -0.0395106 0.7413650
47.071770 25.2380581 -1.9553030 15.2314348 0.0331051 0.6727159 -0.0378148 0.7381920
47.278520 25.4130039 -1.9717977 15.2466660 0.0294200 0.6768054 -0.0380392 0.7345896
47.485460 25.5861053 -1.9866269 15.2613420 0.0240122 0.6822028 -0.0388710 0.7297341
47.692300 25.7580013 -2.0012982 15.2718096 0.0239809 0.6873508 -0.0377640 0.7249466
47.899190 25.9271679 -2.0141661 15.2792206 0.0274718 0.6919261 -0.0388775 0.7203972
48.209330 26.1821613 -2.0369864 15.2871523 0.0261528 0.6987280 -0.0363278 0.7139857
48.416100 26.3499298 -2.0511386 15.2906551 0.0288350 0.7021624 -0.0378059 0.7104275
48.726120 26.6035404 -2.0731547 15.2909250 0.0311718 0.7050133 -0.0340312 0.7076910
49.036150 26.8555222 -2.0953398 15.2910566 0.0330259 0.7067298 -0.0313675 0.7060158
49.346620 27.1029301 -2.1177568 15.2912369 0.0369169 0.7064672 -0.0302700 0.7061338
49.656580 27.3463039 -2.1404657 15.2918224 0.0381964 0.7045504 -0.0282867 0.7080605
49.966330 27.5796165 -2.1614265 15.2949142 0.0354361 0.7014319 -0.0253759 0.7114025
50.276120 27.8035908 -2.1811581 15.3019104 0.0321424 0.6974112 -0.0282100 0.7153940
50.586570 28.0175343 -2.1985028 15.3104534 0.0293185 0.6934652 -0.0272706 0.7193767
50.896200 28.2207241 -2.2141171 15.3208942 0.0289610 0.6892586 -0.0282039 0.7233868
51.309660 28.4699364 -2.2351623 15.3370495 0.0288073 0.6843749 -0.0323153 0.7278439
51.622300 28.6419735 -2.2494757 15.3505363 0.0277067 0.6807050 -0.0340180 0.7312426
51.930130 28.8056297 -2.2642770 15.3652878 0.0268207 0.6773810 -0.0365590 0.7342337
52.240390 28.9623470 -2.2778974 15.3802795 0.0263063 0.6740786 -0.0375823 0.7372338
52.550540 29.1089115 -2.2909796 15.3957987 0.0276635 0.6713419 -0.0391763 0.7395945
52.860930 29.2511482 -2.3035078 15.4113169 0.0284004 0.6698168 -0.0411790 0.7408395
53.274690 29.4426899 -2.3204911 15.4322710 0.0274492 0.6709448 -0.0416075 0.7398300
53.585110 29.5899868 -2.3349159 15.4447432 0.0340049 0.6728153 -0.0407438 0.7379046
53.999020 29.8010254 -2.3548436 15.4625692 0.0381553 0.6759601 -0.0404483 0.7348375
54.412740 30.0296116 -2.3764291 15.4806280 0.0390952 0.6791334 -0.0392271 0.7319225
54.826640 30.2734089 -2.4002609 15.4976654 0.0406649 0.6816846 -0.0364085 0.7296073
55.240380 30.5368977 -2.4257994 15.5149899 0.0414913 0.6837895 -0.0396397 0.7274194
55.550620 30.7418098 -2.4475207 15.5282717 0.0431529 0.6857512 -0.0419830 0.7253417
55.860740 30.9527569 -2.4713514 15.5398788 0.0476717 0.6869561 -0.0424616 0.7238893
56.170950 31.1728363 -2.4961038 15.5490122 0.0489450 0.6882583 -0.0357273 0.7229304
56.481050 31.3991318 -2.5216568 15.5612984 0.0498981 0.6887832 -0.0361277 0.7223453
56.791050 31.6325626 -2.5473919 15.5739584 0.0494121 0.6877371 -0.0340691 0.7234745
57.100960 31.8725567 -2.5724912 15.5885582 0.0480265 0.6861764 -0.0322390 0.7251318
57.410890 32.1205025 -2.5970612 15.6035538 0.0493871 0.6835350 -0.0303533 0.7276121
57.720780 32.3724480 -2.6237769 15.6216993 0.0501788 0.6804302 -0.0284820 0.7305379
58.030610 32.6281013 -2.6502132 15.6418962 0.0503020 0.6771133 -0.0303539 0.7335297
58.340500 32.8878021 -2.6780918 15.6660891 0.0485947 0.6748614 -0.0321099 0.7356423
58.650440 33.1494064 -2.7049429 15.6911545 0.0469556 0.6735537 -0.0300021 0.7370349
58.960410 33.4111404 -2.7322462 15.7151766 0.0465774 0.6728353 -0.0301911 0.7377071
59.270460 33.6734161 -2.7595644 15.7416534 0.0449565 0.6726115 -0.0320024 0.7379352
59.580540 33.9303284 -2.7864509 15.7670021 0.0446941 0.6723727 -0.0335236 0.7381013
59.890360 34.1873779 -2.8139806 15.7921791 0.0442223 0.6721500 -0.0331833 0.7383479
60.303580 34.5294495 -2.8501947 15.8261509 0.0459775 0.6708747 -0.0294472 0.7395580
60.613290 34.7853127 -2.8766146 15.8508892 0.0545934 0.6674768 -0.0286485 0.7420738
61.026630 35.1224670 -2.9148233 15.8909245 0.0572411 0.6624921 -0.0269782 0.7463912
61.439830 35.4630051 -2.9524045 15.9354782 0.0514215 0.6556993 -0.0258268 0.7528262
61.853030 35.7946091 -2.9878321 15.9894295 0.0496178 0.6454673 -0.0288860 0.7616270
62.266190 36.1214066 -3.0239129 16.0556126 0.0482314 0.6311077 -0.0312118 0.7735649
62.679430 36.4563408 -3.0602374 16.1345634 0.0462466 0.6191658 -0.0327578 0.7832125
62.989540 36.7068481 -3.0877135 16.1984100 0.0454334 0.6133921 -0.0337148 0.7877495
63.402810 37.0440178 -3.1251493 16.2902832 0.0450651 0.6061750 -0.0331101 0.7933629
63.816090 37.3788910 -3.1613889 16.3890400 0.0415429 0.5990237 -0.0310376 0.7990503
64.332410 37.7878380 -3.2062418 16.5165920 0.0400051 0.5900587 -0.0341344 0.8056458
64.745710 38.1088982 -3.2398663 16.6238441 0.0385335 0.5874959 -0.0404662 0.8072956
65.055650 38.3434143 -3.2657366 16.7034512 0.0324377 0.5872173 -0.0403181 0.8077735
65.365480 38.5743370 -3.2885771 16.7799778 0.0316146 0.5876069 -0.0400294 0.8075372
65.675410 38.8054390 -3.3108931 16.8550510 0.0326434 0.5880783 -0.0362760 0.8073304
65.985180 39.0349998 -3.3333356 16.9292679 0.0385938 0.5882001 -0.0388912 0.8068573
66.295140 39.2662926 -3.3572745 17.0064068 0.0358943 0.5888613 -0.0378770 0.8065478
66.605040 39.5055771 -3.3813372 17.0848389 0.0393001 0.5885923 -0.0387576 0.8065435
66.914810 39.7549934 -3.4070096 17.1653843 0.0388155 0.5883573 -0.0360866 0.8068623
67.224700 40.0057030 -3.4328103 17.2469234 0.0425608 0.5872936 -0.0319782 0.8076213
67.534610 40.2591934 -3.4592724 17.3286076 0.0437837 0.5859292 -0.0275767 0.8087085
67.844550 40.5096397 -3.4847639 17.4129276 0.0396279 0.5854084 -0.0255726 0.8093656
68.154890 40.7599792 -3.5087180 17.4956436 0.0424312 0.5843858 -0.0251653 0.8099750
68.464300 41.0043297 -3.5329487 17.5781326 0.0409823 0.5841578 -0.0241493 0.8102450
68.774690 41.2377396 -3.5556364 17.6572647 0.0397182 0.5849521 -0.0221401 0.8097922
69.084250 41.4630280 -3.5771561 17.7313995 0.0403331 0.5863281 -0.0211717 0.8087919
69.394410 41.6815453 -3.5987844 17.8030033 0.0450645 0.5877681 -0.0266385 0.8073341
69.704490 41.8974609 -3.6210833 17.8730545 0.0415787 0.5895107 -0.0244774 0.8063183
70.014150 42.1086617 -3.6414502 17.9404030 0.0431423 0.5902508 -0.0237674 0.8057157
70.324290 42.3192711 -3.6621900 18.0067368 0.0452985 0.5902475 -0.0233507 0.8056120
70.738030 42.5979805 -3.6906991 18.0956211 0.0462283 0.5901082 -0.0235185 0.8056564
71.151220 42.8762550 -3.7186606 18.1856709 0.0441435 0.5879671 -0.0208558 0.8074101
71.564460 43.1392937 -3.7448118 18.2746410 0.0434281 0.5848528 -0.0232726 0.8096417
71.977870 43.3875122 -3.7702959 18.3593788 0.0412150 0.5829530 -0.0233898 0.8111227
72.394080 43.6186562 -3.7935266 18.4395905 0.0418946 0.5810570 -0.0221789 0.8124812
72.804810 43.8349190 -3.8143072 18.5157204 0.0416126 0.5793070 -0.0231430 0.8137175
73.218200 44.0354042 -3.8339133 18.5873108 0.0396528 0.5781898 -0.0231611 0.8146090
73.632800 44.2192688 -3.8523211 18.6528053 0.0425528 0.5767752 -0.0268215 0.8153529
74.045380 44.3849564 -3.8696008 18.7134857 0.0420907 0.5771991 -0.0260123 0.8151030
74.459100 44.5330391 -3.8853049 18.7658215 0.0409235 0.5792702 -0.0252218 0.8137169
74.769280 44.6335297 -3.8950570 18.8007412 0.0405293 0.5805687 -0.0241931 0.8128420
75.389540 44.8072777 -3.9118991 18.8600578 0.0407180 0.5829877 -0.0250116 0.8110744
75.699680 44.8871384 -3.9194317 18.8873024 0.0401013 0.5831445 -0.0252691 0.8109844
76.009520 44.9636993 -3.9266360 18.9149227 0.0387789 0.5815430 -0.0264033 0.8121618
76.422600 45.0653839 -3.9355996 18.9522514 0.0392397 0.5727752 -0.0268558 0.8183322
76.835380 45.1702118 -3.9464769 18.9977913 0.0392137 0.5524278 -0.0285642 0.8321477
77.144940 45.2508812 -3.9541655 19.0382557 0.0393182 0.5278232 -0.0322701 0.8478298
77.557920 45.3515129 -3.9653549 19.1013603 0.0401659 0.4923974 -0.0386818 0.8685823
77.972190 45.4442329 -3.9761968 19.1596413 0.0390101 0.4966915 -0.0440667 0.8659295
78.386780 45.5351410 -3.9873235 19.2029190 0.0428129 0.5293854 -0.0392007 0.8463932
79.007710 45.6818275 -4.0049868 19.2515011 0.0456316 0.5803671 -0.0336008 0.8123809
79.322290 45.7573929 -4.0135174 19.2728539 0.0438632 0.5943823 -0.0315446 0.8023656
79.631890 45.8261070 -4.0209203 19.2927513 0.0443613 0.5971761 -0.0306289 0.8002966
80.044830 45.9045105 -4.0294061 19.3212624 0.0430460 0.5794859 -0.0312705 0.8132437
80.453690 45.9650383 -4.0367565 19.3499374 0.0393839 0.5539328 -0.0334212 0.8309575
80.864960 46.0094643 -4.0423403 19.3756104 0.0449789 0.5257483 -0.0338786 0.8487743
81.278100 46.0442963 -4.0460086 19.4010506 0.0406040 0.5011386 -0.0360394 0.8636623
82.106980 46.0883141 -4.0517273 19.4408951 0.0355693 0.4666668 -0.0461218 0.8825133
82.518840 46.1043243 -4.0531969 19.4536591 0.0338119 0.4559035 -0.0415421 0.8884160
