0.000000 0.0000000 0.0000000 0.0000000 0.0000000 0.0000000 0.0000000 1.0000000
0.103391 -0.0006611 -0.0004943 0.0901757 0.0022197 0.0008173 -0.0003402 0.9999971
0.207106 -0.0002927 -0.0002709 0.1804588 0.0026642 0.0011077 0.0008116 0.9999955
0.310262 -0.0004813 -0.0000281 0.2707428 0.0007311 0.0012485 0.0014855 0.9999979
0.413621 -0.0001133 -0.0001007 0.3608786 -0.0023226 0.0008310 0.0027727 0.9999931
0.517929 -0.0000604 -0.0001460 0.4496614 -0.0023812 0.0002484 0.0044739 0.9999871
0.620389 -0.0002264 0.0003524 0.5383382 -0.0009164 -0.0001651 0.0058104 0.9999827
0.724219 -0.0004269 0.0006151 0.6264670 0.0008462 -0.0005754 0.0060840 0.9999810
0.827211 -0.0010995 0.0004480 0.7143813 0.0010837 -0.0009142 0.0059398 0.9999813
0.930557 -0.0020533 0.0003649 0.8017790 0.0001456 -0.0013313 0.0057302 0.9999827
1.137438 -0.0032096 0.0003302 0.9758546 -0.0021472 -0.0021476 0.0057332 0.9999790
1.344229 -0.0041776 0.0011294 1.1493402 -0.0025243 -0.0029341 0.0064297 0.9999718
1.447568 -0.0047132 0.0014715 1.2357918 -0.0017601 -0.0033497 0.0065790 0.9999712
1.654521 -0.0063796 0.0019977 1.4068369 -0.0002030 -0.0049685 0.0074484 0.9999599
1.861353 -0.0094755 0.0020297 1.5772358 0.0005943 -0.0065253 0.0067061 0.9999560
2.068236 -0.0134087 0.0022719 1.7471360 0.0003194 -0.0079102 0.0063571 0.9999484
2.275131 -0.0177217 0.0020977 1.9146158 -0.0006985 -0.0091714 0.0059231 0.9999402
2.482010 -0.0218909 0.0027096 2.0793717 -0.0001781 -0.0106831 0.0064564 0.9999221
2.689023 -0.0257825 0.0026816 2.2433450 -0.0014137 -0.0119159 0.0063224 0.9999080
2.896139 -0.0307046 0.0030475 2.4031603 -0.0036099 -0.0124180 0.0068882 0.9998927
2.999556 -0.0328297 0.0032703 2.4815209 -0.0030170 -0.0129213 0.0066298 0.9998900
3.206573 -0.0380584 0.0039719 2.6340072 -0.0008001 -0.0135581 0.0056302 0.9998919
3.413963 -0.0435326 0.0042143 2.7827442 -0.0003439 -0.0146223 0.0050036 0.9998805
3.620721 -0.0493433 0.0039050 2.9277456 0.0000515 -0.0164937 0.0049290 0.9998518
3.827725 -0.0544415 0.0040173 3.0706730 -0.0017324 -0.0186680 0.0053579 0.9998099
4.034871 -0.0615622 0.0042766 3.2093506 -0.0025449 -0.0204790 0.0041295 0.9997785
4.243437 -0.0685076 0.0046212 3.3439615 -0.0017235 -0.0223207 0.0019775 0.9997474
4.449183 -0.0762698 0.0053461 3.4742711 -0.0031721 -0.0234759 0.0011575 0.9997187
4.656235 -0.0830538 0.0054583 3.6010382 -0.0024377 -0.0230693 -0.0018297 0.9997292
4.863788 -0.0890905 0.0059817 3.7233491 0.0001341 -0.0210450 -0.0029212 0.9997743
5.174268 -0.0976707 0.0060005 3.9023657 -0.0032927 -0.0159252 -0.0079684 0.9998360
5.381142 -0.1017732 0.0070717 4.0146461 -0.0037293 -0.0111350 -0.0122010 0.9998566
5.588095 -0.1047136 0.0072205 4.1196074 -0.0055823 -0.0049019 -0.0167110 0.9998327
5.795223 -0.1054362 0.0072964 4.2174282 -0.0056179 0.0022734 -0.0201818 0.9997780
6.002373 -0.1053621 0.0081092 4.3073454 -0.0041580 0.0100002 -0.0243869 0.9996439
6.313021 -0.1008457 0.0082789 4.4248729 -0.0035197 0.0219128 -0.0254002 0.9994310
7.141701 -0.0806017 0.0077824 4.6515374 -0.0002535 0.0620646 -0.0308869 0.9975941
7.452592 -0.0662594 0.0069802 4.7215877 0.0011593 0.0864913 -0.0328352 0.9957107
7.763356 -0.0482664 0.0059917 4.7884722 0.0016469 0.1157776 -0.0320573 0.9927564
8.074250 -0.0248809 0.0051228 4.8557525 0.0029993 0.1508654 -0.0342273 0.9879571
8.385961 0.0053372 0.0027740 4.9219885 0.0026318 0.1933876 -0.0372472 0.9804116
8.696029 0.0462611 0.0003400 4.9844050 0.0062170 0.2451583 -0.0338836 0.9688708
9.008027 0.0967207 -0.0020153 5.0471759 0.0105154 0.3049498 -0.0363010 0.9516183
9.317832 0.1629071 -0.0066781 5.1121926 0.0106941 0.3711948 -0.0413125 0.9275739
9.630085 0.2513509 -0.0122736 5.1755743 0.0112452 0.4439221 -0.0393385 0.8951308
9.939685 0.3609481 -0.0181926 5.2304068 0.0123859 0.5183010 -0.0376482 0.8542794
10.250360 0.4896210 -0.0241398 5.2736397 0.0099566 0.5857702 -0.0392742 0.8094638
10.457170 0.5849987 -0.0295889 5.2895398 0.0155944 0.6239958 -0.0298563 0.7807015
10.664530 0.6867004 -0.0345937 5.3002644 0.0196881 0.6556188 -0.0270518 0.7543504
10.870220 0.7953691 -0.0412886 5.3055072 0.0246877 0.6789461 -0.0221009 0.7334400
11.077200 0.9097049 -0.0475608 5.3071527 0.0272524 0.6953865 -0.0176244 0.7179027
11.284150 1.0285674 -0.0541831 5.3071961 0.0284992 0.7059529 -0.0173068 0.7074735
11.488980 1.1520377 -0.0608276 5.3042936 0.0315784 0.7132791 -0.0168603 0.6999654
11.695270 1.2808394 -0.0685383 5.2997704 0.0333914 0.7171994 -0.0157061 0.6958903
11.901710 1.4162000 -0.0755135 5.2958379 0.0285337 0.7194378 -0.0139016 0.6938313
12.108000 1.5554214 -0.0829083 5.2896695 0.0270641 0.7199898 -0.0093298 0.6933939
12.314500 1.6978230 -0.0898077 5.2837772 0.0318716 0.7195604 -0.0114253 0.6936040
12.521050 1.8443034 -0.0968467 5.2796049 0.0355632 0.7180198 -0.0141299 0.6949700
12.830730 2.0709059 -0.1102924 5.2746959 0.0301956 0.7154884 -0.0106431 0.6978906
13.037710 2.2205341 -0.1188145 5.2704296 0.0373820 0.7130980 -0.0111920 0.6999775
13.244210 2.3725028 -0.1272318 5.2707095 0.0328469 0.7111048 -0.0139569 0.7021796
13.554880 2.5994675 -0.1421796 5.2690434 0.0365772 0.7072442 -0.0115142 0.7059286
13.864670 2.8295827 -0.1567603 5.2715435 0.0355936 0.7033876 -0.0105001 0.7098371
14.175050 3.0582175 -0.1717678 5.2744112 0.0390386 0.6998755 -0.0080627 0.7131516
14.485500 3.2883267 -0.1857796 5.2811108 0.0391219 0.6963080 -0.0067101 0.7166448
14.795970 3.5215757 -0.1990821 5.2910819 0.0388224 0.6932415 -0.0085733 0.7196079
15.106400 3.7548525 -0.2144585 5.3039422 0.0374625 0.6903262 -0.0113789 0.7224381
15.416750 3.9918387 -0.2297853 5.3186126 0.0380209 0.6866972 -0.0165603 0.7257597
15.727200 4.2322011 -0.2467914 5.3352194 0.0377178 0.6829180 -0.0176092 0.7293081
16.039410 4.4739757 -0.2645460 5.3554549 0.0358460 0.6783262 -0.0187170 0.7336472
16.348280 4.7171049 -0.2835533 5.3800850 0.0399437 0.6713666 -0.0266038 0.7395698
16.658020 4.9630132 -0.3056046 5.4099684 0.0370400 0.6630372 -0.0288588 0.7471123
16.968080 5.2107673 -0.3264433 5.4465890 0.0289381 0.6550921 -0.0251848 0.7545744
17.279480 5.4534264 -0.3452961 5.4857197 0.0316506 0.6471055 -0.0267214 0.7612744
17.588870 5.6903515 -0.3650163 5.5292273 0.0323424 0.6409437 -0.0302237 0.7663105
17.899360 5.9212694 -0.3835103 5.5735350 0.0275799 0.6360407 -0.0238740 0.7707928
18.209790 6.1441774 -0.3994936 5.6206985 0.0243912 0.6325660 -0.0259431 0.7736874
18.520470 6.3564711 -0.4159375 5.6672325 0.0278654 0.6301070 -0.0318205 0.7753555
18.830950 6.5623145 -0.4328324 5.7129469 0.0268214 0.6286635 -0.0320986 0.7765517
19.141510 6.7589335 -0.4484418 5.7559223 0.0254249 0.6291620 -0.0304246 0.7762623
19.351800 6.8849888 -0.4592021 5.7837415 0.0258594 0.6306776 -0.0322777 0.7749420
19.557750 7.0070424 -0.4688821 5.8082561 0.0292446 0.6321375 -0.0324590 0.7736235
19.866980 7.1851640 -0.4838867 5.8444777 0.0255999 0.6350495 -0.0302587 0.7714539
20.177180 7.3535929 -0.4973758 5.8745198 0.0309906 0.6374105 -0.0274232 0.7694124
20.487640 7.5200796 -0.5110782 5.9064541 0.0323269 0.6391083 -0.0281492 0.7679213
20.797730 7.6880846 -0.5239196 5.9353061 0.0361775 0.6372584 -0.0224190 0.7694741
21.004610 7.8004174 -0.5332839 5.9594021 0.0350109 0.6338896 -0.0236372 0.7722691
21.316100 7.9738402 -0.5463732 5.9987135 0.0342139 0.6249944 -0.0225641 0.7795526
21.624800 8.1511717 -0.5600691 6.0448003 0.0322426 0.6133625 -0.0262270 0.7887072
21.833000 8.2733593 -0.5693313 6.0803823 0.0315918 0.6048570 -0.0299694 0.7951427
22.038410 8.3982716 -0.5795160 6.1202536 0.0312343 0.5965827 -0.0319167 0.8013082
22.245290 8.5277519 -0.5890778 6.1633248 0.0302897 0.5876732 -0.0335149 0.8078363
22.452170 8.6615229 -0.5991530 6.2105799 0.0273681 0.5789356 -0.0283681 0.8144199
22.659440 8.7994375 -0.6094831 6.2625141 0.0246985 0.5698279 -0.0255750 0.8209946
22.865960 8.9414635 -0.6174452 6.3178711 0.0273712 0.5620819 -0.0191427 0.8264069
23.176610 9.1609726 -0.6309909 6.4074497 0.0290967 0.5527828 -0.0098673 0.8327587
23.487620 9.3773317 -0.6447458 6.5032020 0.0372906 0.5436559 -0.0125565 0.8383854
23.798210 9.5892839 -0.6615137 6.6041193 0.0348658 0.5376407 -0.0192263 0.8422335
24.108220 9.7928171 -0.6792476 6.7036209 0.0343562 0.5321866 -0.0229693 0.8456178
24.422100 9.9902811 -0.6968919 6.8017864 0.0313273 0.5268990 -0.0208808 0.8490937
24.728750 10.1772480 -0.7120535 6.8972149 0.0323571 0.5229086 -0.0206358 0.8515244
25.039090 10.3552961 -0.7276149 6.9894209 0.0325649 0.5203049 -0.0193884 0.8531392
25.349360 10.5254297 -0.7428309 7.0790186 0.0352179 0.5161765 -0.0185137 0.8555576
25.659630 10.6872873 -0.7577513 7.1674790 0.0364931 0.5117363 -0.0159221 0.8582195
25.970230 10.8422174 -0.7712795 7.2531857 0.0378926 0.5063292 -0.0150162 0.8613765
26.280040 10.9927979 -0.7854790 7.3409762 0.0411772 0.4990778 -0.0191211 0.8653671
26.590190 11.1407423 -0.8010011 7.4334383 0.0438936 0.4893280 -0.0279944 0.8705446
26.900360 11.2921352 -0.8167530 7.5351329 0.0343046 0.4807022 -0.0320373 0.8756267
27.210600 11.4481907 -0.8318683 7.6439734 0.0273873 0.4709683 -0.0359349 0.8809924
27.520750 11.6104689 -0.8463440 7.7611756 0.0281892 0.4606627 -0.0409958 0.8861798
27.831080 11.7801762 -0.8614095 7.8899016 0.0242223 0.4497463 -0.0439090 0.8917475
28.141050 11.9560890 -0.8773161 8.0291681 0.0220094 0.4368095 -0.0451840 0.8981489
28.451340 12.1372719 -0.8916822 8.1812868 0.0212003 0.4253761 -0.0460384 0.9035962
28.761830 12.3251467 -0.9087608 8.3409681 0.0227580 0.4192837 -0.0409979 0.9066435
29.073550 12.5218182 -0.9245063 8.5091372 0.0241616 0.4135567 -0.0307943 0.9096366
29.279330 12.6530199 -0.9352549 8.6264744 0.0240180 0.4096541 -0.0310074 0.9113973
29.486390 12.7828360 -0.9456847 8.7471981 0.0221513 0.4055577 -0.0362945 0.9130800
29.796330 12.9820538 -0.9605343 8.9342966 0.0137203 0.3996370 -0.0336820 0.9159517
30.003170 13.1159735 -0.9696558 9.0604963 0.0142885 0.3939440 -0.0293379 0.9185550
30.313330 13.3141031 -0.9826329 9.2532616 0.0266539 0.3840016 -0.0234931 0.9226485
30.520070 13.4464464 -0.9932353 9.3879852 0.0252611 0.3765182 -0.0188413 0.9258731
30.830330 13.6412773 -1.0092698 9.5939922 0.0301482 0.3674119 -0.0171309 0.9294117
31.037350 13.7709446 -1.0204527 9.7327805 0.0287417 0.3634401 -0.0131423 0.9310814
31.244240 13.9001455 -1.0308719 9.8741980 0.0273363 0.3623597 -0.0089636 0.9315943
31.451260 14.0284729 -1.0405686 10.0146561 0.0262396 0.3620465 -0.0090749 0.9317465
31.661730 14.1562719 -1.0501676 10.1564121 0.0265621 0.3632050 -0.0122845 0.9312496
31.865880 14.2835312 -1.0607536 10.2981291 0.0255947 0.3659375 -0.0161908 0.9301465
32.074110 14.4119425 -1.0716733 10.4367666 0.0237275 0.3690174 -0.0172264 0.9289599
32.382560 14.6069479 -1.0866606 10.6417427 0.0242689 0.3744139 -0.0163185 0.9268004
32.694680 14.7999420 -1.1020229 10.8430529 0.0276916 0.3812098 -0.0234141 0.9237770
33.003430 14.9942236 -1.1189259 11.0376902 0.0220297 0.3880627 -0.0237294 0.9210640
33.211600 15.1255808 -1.1294733 11.1649656 0.0237926 0.3920528 -0.0216808 0.9193794
33.520520 15.3247185 -1.1455948 11.3522968 0.0273342 0.3991549 -0.0202947 0.9162512
33.830820 15.5269823 -1.1616839 11.5380335 0.0268673 0.4080524 -0.0225634 0.9122841
34.037880 15.6624584 -1.1733023 11.6588888 0.0300743 0.4152476 -0.0282650 0.9087718
34.348070 15.8747654 -1.1914697 11.8387327 0.0213127 0.4270426 -0.0283316 0.9035363
34.555090 16.0211430 -1.2000004 11.9567280 0.0167506 0.4352275 -0.0286488 0.8997087
34.866170 16.2441177 -1.2157639 12.1280699 0.0262516 0.4473678 -0.0295658 0.8934757
35.074860 16.3984890 -1.2284145 12.2390528 0.0276816 0.4553538 -0.0269069 0.8894733
35.279490 16.5527649 -1.2409366 12.3471756 0.0261623 0.4631473 -0.0239538 0.8855712
35.486280 16.7046127 -1.2527369 12.4511757 0.0272178 0.4702490 -0.0229343 0.8818158
35.693160 16.8567181 -1.2647301 12.5508289 0.0252937 0.4756557 -0.0188915 0.8790649
35.900040 17.0053120 -1.2762865 12.6479759 0.0244409 0.4804531 -0.0198372 0.8764553
36.210300 17.2236366 -1.2919348 12.7863941 0.0293039 0.4855966 -0.0237104 0.8733699
36.417070 17.3680782 -1.3036968 12.8745661 0.0243497 0.4881990 -0.0189087 0.8721877
36.623970 17.5104733 -1.3139511 12.9599543 0.0257068 0.4908950 -0.0141745 0.8707240
36.830740 17.6480827 -1.3239673 13.0433483 0.0299319 0.4930249 -0.0173808 0.8693265
37.040370 17.7837868 -1.3344604 13.1236534 0.0360297 0.4949079 -0.0194593 0.8679801
37.244700 17.9192314 -1.3458880 13.2044230 0.0248107 0.4980134 -0.0177193 0.8666332
37.451400 18.0505409 -1.3554956 13.2836084 0.0195967 0.5005930 -0.0199886 0.8652301
37.658150 18.1797523 -1.3630996 13.3565292 0.0239252 0.5029122 -0.0200392 0.8637739
37.865070 18.3067875 -1.3719445 13.4293003 0.0223705 0.5055054 -0.0198543 0.8623049
38.072390 18.4300938 -1.3807833 13.4972935 0.0228640 0.5079546 -0.0191459 0.8608674
38.278810 18.5514450 -1.3888648 13.5634937 0.0248202 0.5118053 -0.0200833 0.8585080
38.589330 18.7304192 -1.4016253 13.6579933 0.0286508 0.5192174 -0.0218862 0.8538814
38.796340 18.8500042 -1.4102590 13.7184696 0.0309719 0.5252559 -0.0235198 0.8500552
39.003240 18.9724522 -1.4198245 13.7799778 0.0281845 0.5314134 -0.0271330 0.8462088
39.313880 19.1602135 -1.4352462 13.8685017 0.0298418 0.5410258 -0.0310443 0.8399029
39.624300 19.3566265 -1.4514716 13.9555855 0.0315787 0.5510460 -0.0353281 0.8331285
39.934800 19.5641041 -1.4696132 14.0390759 0.0336448 0.5607250 -0.0351363 0.8265718
40.245190 19.7817326 -1.4887297 14.1229801 0.0293992 0.5704673 -0.0322251 0.8201612
40.556060 20.0127983 -1.5058980 14.2054901 0.0247824 0.5780654 -0.0262082 0.8151928
40.865860 20.2480774 -1.5219162 14.2831402 0.0378126 0.5840719 -0.0284823 0.8103203
41.176820 20.4976730 -1.5436552 14.3619423 0.0430227 0.5897635 -0.0210982 0.8061532
41.486770 20.7500896 -1.5665585 14.4407005 0.0445939 0.5955669 -0.0260886 0.8016427
41.796670 21.0095024 -1.5907077 14.5188103 0.0387176 0.6022650 -0.0273451 0.7968878
42.106940 21.2783241 -1.6157670 14.5939198 0.0408180 0.6085429 -0.0288404 0.7919455
42.417600 21.5529881 -1.6415741 14.6645136 0.0424028 0.6133536 -0.0257049 0.7882503
42.830730 21.9269161 -1.6757066 14.7594681 0.0387182 0.6179832 -0.0257954 0.7848135
43.140760 22.2063789 -1.7013719 14.8277569 0.0393049 0.6201634 -0.0277766 0.7829948
43.555160 22.5816097 -1.7350234 14.9154615 0.0373118 0.6225253 -0.0254245 0.7812962
43.865300 22.8538799 -1.7611901 14.9793072 0.0410912 0.6250247 -0.0288397 0.7789890
44.176790 23.1332150 -1.7863885 15.0404911 0.0353327 0.6289815 -0.0247312 0.7762230
44.485720 23.4089031 -1.8090001 15.0977154 0.0356223 0.6337955 -0.0261052 0.7722389
44.796760 23.6844006 -1.8315017 15.1518316 0.0344488 0.6387731 -0.0258971 0.7681871
45.107140 23.9595966 -1.8548620 15.2023201 0.0320357 0.6434430 -0.0284010 0.7642959
45.416890 24.2351875 -1.8784900 15.2509031 0.0318588 0.6471946 -0.0354134 0.7608351
45.623680 24.4189148 -1.8942012 15.2810497 0.0301015 0.6497680 -0.0366948 0.7586495
45.830550 24.6008930 -1.9100835 15.3106585 0.0281189 0.6524525 -0.0339550 0.7565463
46.037440 24.7813053 -1.9245181 15.3376217 0.0282674 0.6551706 -0.0334391 0.7542110
46.244200 24.9630489 -1.9400027 15.3634977 0.0297002 0.6585140 -0.0354863 0.7511444
46.451100 25.1453171 -1.9542134 15.3851805 0.0292880 0.6622629 -0.0294699 0.7481187
46.657980 25.3236427 -1.9697778 15.4064770 0.0351879 0.6656334 -0.0329303 0.7447212
46.864950 25.4997158 -1.9867235 15.4260826 0.0408745 0.6695422 -0.0388412 0.7406307
47.071770 25.6776600 -2.0049915 15.4435253 0.0339189 0.6734834 -0.0370837 0.7374919
47.278520 25.8541584 -2.0211582 15.4588881 0.0300584 0.6776903 -0.0375406 0.7337732
47.588920 26.1134911 -2.0444121 15.4790668 0.0226436 0.6856980 -0.0379411 0.7265439
47.795800 26.2834053 -2.0578685 15.4872684 0.0265479 0.6904610 -0.0382065 0.7218719
48.002630 26.4545803 -2.0726860 15.4936171 0.0275690 0.6951246 -0.0374461 0.7173839
48.209330 26.6242828 -2.0873349 15.4974003 0.0268274 0.6994727 -0.0356116 0.7132672
48.519480 26.8795948 -2.1089022 15.5006657 0.0307163 0.7040901 -0.0370518 0.7084779
48.829380 27.1326828 -2.1317389 15.5003347 0.0321755 0.7064532 -0.0317298 0.7063156
49.139410 27.3853550 -2.1534870 15.5001202 0.0349102 0.7076567 -0.0304743 0.7050352
49.452210 27.6320610 -2.1751664 15.4988880 0.0382120 0.7066887 -0.0292909 0.7058845
49.759580 27.8695583 -2.1984351 15.4997940 0.0385614 0.7043976 -0.0263887 0.7082660
50.069330 28.1001263 -2.2184989 15.5039940 0.0348804 0.7008952 -0.0245173 0.7119889
50.379340 28.3198967 -2.2368212 15.5120668 0.0329664 0.6966894 -0.0274424 0.7160894
50.691000 28.5304794 -2.2545910 15.5212135 0.0283640 0.6928903 -0.0268041 0.7199861
50.999580 28.7278748 -2.2701325 15.5310011 0.0302203 0.6886852 -0.0280785 0.7238861
51.309660 28.9130268 -2.2855971 15.5437813 0.0295178 0.6851553 -0.0315042 0.7271165
51.622300 29.0863152 -2.3003433 15.5574055 0.0286143 0.6815948 -0.0328797 0.7304305
51.930130 29.2504616 -2.3151722 15.5716209 0.0276338 0.6781901 -0.0355225 0.7335072
52.240390 29.4062366 -2.3289785 15.5862446 0.0270614 0.6749224 -0.0366248 0.7364823
52.550540 29.5532722 -2.3419821 15.6015854 0.0282481 0.6722204 -0.0383804 0.7388158
52.860930 29.6963501 -2.3546224 15.6165342 0.0289563 0.6706717 -0.0404052 0.7400868
53.274690 29.8877296 -2.3717813 15.6372757 0.0279692 0.6717833 -0.0407875 0.7390949
53.585110 30.0356903 -2.3863063 15.6502104 0.0345306 0.6738449 -0.0398903 0.7369868
53.895510 30.1929188 -2.4000762 15.6641388 0.0379517 0.6763333 -0.0424214 0.7343932
54.309430 30.4177322 -2.4226758 15.6797037 0.0397084 0.6794997 -0.0369318 0.7316689
54.723200 30.6603775 -2.4452686 15.6955776 0.0423567 0.6816620 -0.0335633 0.7296686
55.136960 30.9197063 -2.4701614 15.7125254 0.0435860 0.6841550 -0.0383186 0.7270240
55.550620 31.1961308 -2.4982214 15.7295647 0.0439860 0.6865496 -0.0407064 0.7246088
55.964160 31.4802570 -2.5306573 15.7432022 0.0475720 0.6883621 -0.0382425 0.7227946
56.377670 31.7796707 -2.5624774 15.7559853 0.0505419 0.6896728 -0.0360084 0.7214571
56.687660 32.0148582 -2.5876906 15.7676325 0.0498228 0.6890624 -0.0339799 0.7221884
56.997680 32.2538147 -2.6136012 15.7816715 0.0483460 0.6877401 -0.0327738 0.7236035
57.307630 32.5018921 -2.6392539 15.7952404 0.0490725 0.6854975 -0.0309832 0.7257583
57.617510 32.7569160 -2.6654048 15.8109970 0.0499975 0.6822826 -0.0280391 0.7288377
57.927360 33.0170212 -2.6916354 15.8298159 0.0511875 0.6789836 -0.0287657 0.7318016
58.237240 33.2809563 -2.7204633 15.8536453 0.0491074 0.6761661 -0.0324158 0.7343957
58.650440 33.6380653 -2.7561159 15.8878021 0.0469157 0.6743808 -0.0302639 0.7362700
58.960410 33.9049950 -2.7848086 15.9117956 0.0466620 0.6736571 -0.0301079 0.7369547
59.373860 34.2558098 -2.8212814 15.9461679 0.0451958 0.6733044 -0.0320232 0.7372876
59.683780 34.5140572 -2.8480992 15.9713840 0.0449274 0.6730853 -0.0330824 0.7374573
60.097040 34.8566704 -2.8845961 16.0046539 0.0470630 0.6724941 -0.0330725 0.7378638
60.406760 35.1138992 -2.9114304 16.0301857 0.0481488 0.6708691 -0.0287307 0.7394531
60.819920 35.4534225 -2.9489417 16.0651054 0.0559772 0.6659669 -0.0266832 0.7433994
61.233200 35.7924347 -2.9876499 16.1063175 0.0536877 0.6604427 -0.0249903 0.7485375
61.646430 36.1326599 -3.0227861 16.1555786 0.0503584 0.6523012 -0.0266703 0.7558147
62.059540 36.4701958 -3.0601540 16.2163639 0.0493913 0.6392202 -0.0301973 0.7668416
62.472790 36.8035812 -3.0977139 16.2862911 0.0473221 0.6250742 -0.0319434 0.7784745
62.886160 37.1433792 -3.1359439 16.3696365 0.0459137 0.6160672 -0.0332610 0.7856506
63.299560 37.4736443 -3.1687813 16.4595718 0.0456789 0.6090007 -0.0339252 0.7911262
63.712840 37.8178329 -3.2078588 16.5575504 0.0426013 0.6017522 -0.0316348 0.7969182
64.022620 38.0701561 -3.2348635 16.6327152 0.0423716 0.5960758 -0.0329068 0.8011339
64.435680 38.3985977 -3.2699666 16.7387333 0.0375943 0.5901747 -0.0347718 0.8056497
64.849050 38.7207298 -3.3045011 16.8451347 0.0380103 0.5882763 -0.0416368 0.8066924
65.158820 38.9589615 -3.3295503 16.9248142 0.0311503 0.5882215 -0.0407529 0.8070714
65.468780 39.1939316 -3.3527772 17.0014439 0.0319765 0.5887152 -0.0408292 0.8066752
65.778660 39.4272385 -3.3761272 17.0770206 0.0335777 0.5892999 -0.0375191 0.8063440
66.088540 39.6624069 -3.3994505 17.1530933 0.0378045 0.5895169 -0.0392781 0.8059143
66.398400 39.9035797 -3.4244323 17.2305984 0.0366985 0.5897267 -0.0384345 0.8058526
66.712060 40.1505966 -3.4489684 17.3104477 0.0389615 0.5894537 -0.0386096 0.8059377
67.018180 40.4041748 -3.4754181 17.3921585 0.0409942 0.5888976 -0.0348978 0.8064126
67.327990 40.6602592 -3.5020726 17.4742889 0.0448363 0.5875428 -0.0302309 0.8073842
67.638020 40.9183426 -3.5289400 17.5588570 0.0405994 0.5868693 -0.0270585 0.8082103
67.947740 41.1725807 -3.5537913 17.6433105 0.0411825 0.5861255 -0.0266387 0.8087344
68.257700 41.4242706 -3.5786705 17.7260838 0.0422550 0.5850879 -0.0242768 0.8095043
68.567750 41.6678391 -3.6030262 17.8073425 0.0409076 0.5851558 -0.0246884 0.8095121
68.877620 41.9039688 -3.6258662 17.8861618 0.0389487 0.5863145 -0.0223289 0.8088385
69.187640 42.1308250 -3.6474996 17.9595947 0.0422533 0.5876696 -0.0231772 0.8076645
69.497520 42.3509750 -3.6699803 18.0315933 0.0457229 0.5891393 -0.0273810 0.8062720
69.808000 42.5681496 -3.6921282 18.1017036 0.0417519 0.5907767 -0.0238237 0.8054019
70.118000 42.7816544 -3.7134471 18.1696491 0.0439770 0.5912413 -0.0242059 0.8049309
70.530930 43.0674629 -3.7417412 18.2593060 0.0467402 0.5911331 -0.0246179 0.8048422
70.946380 43.3533096 -3.7703879 18.3498459 0.0457847 0.5901765 -0.0225365 0.8056597
71.359740 43.6313477 -3.7985191 18.4407253 0.0442659 0.5872169 -0.0230575 0.8078894
71.771950 43.8914795 -3.8250260 18.5280075 0.0420311 0.5846468 -0.0238848 0.8098463
72.184720 44.1363182 -3.8492274 18.6119251 0.0419784 0.5827188 -0.0235222 0.8112479
72.601510 44.3630943 -3.8724046 18.6907082 0.0420589 0.5808022 -0.0235781 0.8126155
73.011570 44.5747910 -3.8933129 18.7649975 0.0403820 0.5794743 -0.0244120 0.8136232
73.425090 44.7670631 -3.9120464 18.8343315 0.0415916 0.5784016 -0.0254513 0.8142936
73.838630 44.9450531 -3.9294238 18.8970222 0.0444709 0.5769896 -0.0268920 0.8150964
74.150730 45.0650902 -3.9431677 18.9410133 0.0421189 0.5785110 -0.0263910 0.8141588
74.459100 45.1768303 -3.9545321 18.9794998 0.0415240 0.5799584 -0.0258548 0.8131762
74.872800 45.3091850 -3.9680610 19.0257950 0.0406606 0.5818313 -0.0248580 0.8119120
75.182880 45.3978653 -3.9769442 19.0568829 0.0397694 0.5832351 -0.0257228 0.8109214
75.906260 45.5858955 -3.9952617 19.1211128 0.0396658 0.5831153 -0.0265197 0.8109869
76.216170 45.6620903 -4.0020714 19.1479187 0.0395233 0.5794424 -0.0270191 0.8136058
76.526720 45.7405205 -4.0096598 19.1795006 0.0395902 0.5697370 -0.0280516 0.8203935
76.835380 45.8209229 -4.0177350 19.2144051 0.0397237 0.5534056 -0.0292028 0.8314514
77.661290 46.0281792 -4.0398550 19.3356361 0.0399454 0.4904949 -0.0427453 0.8694780
78.075790 46.1212387 -4.0507603 19.3906689 0.0405053 0.5046270 -0.0437675 0.8612754
78.490350 46.2129669 -4.0621214 19.4306507 0.0435479 0.5403533 -0.0396805 0.8393732
78.904330 46.3127785 -4.0745058 19.4634075 0.0453492 0.5748733 -0.0356053 0.8162086
79.322290 46.4150009 -4.0861397 19.4926987 0.0444479 0.5956904 -0.0323020 0.8013325
79.733660 46.5054321 -4.0958748 19.5191898 0.0454019 0.5958875 -0.0305022 0.8012031
80.144160 46.5789223 -4.1047878 19.5486145 0.0424956 0.5748090 -0.0342140 0.8164669
80.555530 46.6360168 -4.1115646 19.5750790 0.0442500 0.5484492 -0.0307324 0.8344464
81.381470 46.7101784 -4.1200557 19.6254025 0.0411420 0.4967072 -0.0366890 0.8661658
81.795010 46.7355499 -4.1229677 19.6467018 0.0385915 0.4787849 -0.0392121 0.8762067
82.624270 46.7649536 -4.1267147 19.6757088 0.0335748 0.4546898 -0.0443856 0.8889093
