0.000000 0.0000000 0.0000000 0.0000000 0.0000000 0.0000000 0.0000000 1.0000000
0.103391 -0.0007751 -0.0005420 0.0900049 0.0022086 0.0008776 -0.0003693 0.9999971
0.207106 -0.0006300 -0.0002312 0.1801979 0.0026737 0.0012467 0.0006919 0.9999954
0.310262 -0.0005410 -0.0000232 0.2701013 0.0007048 0.0013262 0.0015335 0.9999977
0.413621 -0.0005011 -0.0000302 0.3601955 -0.0023147 0.0009715 0.0027620 0.9999930
0.517929 -0.0001106 -0.0000957 0.4488638 -0.0023914 0.0003201 0.0045360 0.9999868
0.620389 -0.0002206 0.0005051 0.5372304 -0.0008943 -0.0001071 0.0058284 0.9999826
0.724219 -0.0005510 0.0008328 0.6251702 0.0008808 -0.0004697 0.0060956 0.9999809
0.827211 -0.0012612 0.0006815 0.7128690 0.0011383 -0.0007640 0.0060024 0.9999810
0.930557 -0.0020881 0.0006545 0.7999863 0.0002025 -0.0012439 0.0057252 0.9999828
1.137438 -0.0032441 0.0007882 0.9732173 -0.0020673 -0.0020689 0.0056744 0.9999796
1.344229 -0.0038028 0.0015335 1.1464852 -0.0024324 -0.0029747 0.0064081 0.9999721
1.447568 -0.0048635 0.0022662 1.2332516 -0.0015599 -0.0032705 0.0066337 0.9999714
1.654521 -0.0067601 0.0024189 1.4034656 -0.0000747 -0.0048171 0.0075595 0.9999598
1.861353 -0.0105173 0.0027576 1.5733200 0.0008042 -0.0060910 0.0067429 0.9999584
2.068236 -0.0133592 0.0028723 1.7424526 0.0005099 -0.0077379 0.0062507 0.9999504
2.275131 -0.0172998 0.0027976 1.9094945 -0.0004249 -0.0090436 0.0057788 0.9999423
2.482010 -0.0215741 0.0031839 2.0738285 0.0000328 -0.0105619 0.0062400 0.9999247
2.689023 -0.0254212 0.0031872 2.2369757 -0.0012066 -0.0117613 0.0062373 0.9999107
2.896139 -0.0297790 0.0033538 2.3964117 -0.0033934 -0.0124249 0.0070136 0.9998925
3.103545 -0.0345550 0.0038934 2.5501862 -0.0014522 -0.0132241 0.0057451 0.9998950
3.310078 -0.0394219 0.0037397 2.6998327 -0.0004952 -0.0140924 0.0051515 0.9998873
3.517076 -0.0444335 0.0036193 2.8460717 0.0001693 -0.0157795 0.0051368 0.9998623
3.724674 -0.0503024 0.0041054 2.9893272 -0.0002839 -0.0177227 0.0050863 0.9998299
3.931241 -0.0565895 0.0039228 3.1299543 -0.0021984 -0.0196768 0.0047978 0.9997925
4.142151 -0.0632991 0.0038541 3.2649574 -0.0019334 -0.0216245 0.0028541 0.9997602
4.345966 -0.0703067 0.0039573 3.3971138 -0.0022108 -0.0232977 0.0020690 0.9997240
4.552519 -0.0780096 0.0046883 3.5251591 -0.0033056 -0.0237662 0.0000015 0.9997120
4.760815 -0.0852689 0.0046210 3.6482174 -0.0007209 -0.0221713 -0.0025559 0.9997507
4.966824 -0.0905687 0.0053811 3.7686999 -0.0001044 -0.0196077 -0.0033733 0.9998021
5.174268 -0.0962247 0.0052763 3.8861587 -0.0031545 -0.0160543 -0.0077958 0.9998357
5.381142 -0.1003577 0.0058843 3.9981930 -0.0037084 -0.0112157 -0.0121087 0.9998569
5.588095 -0.1029656 0.0060780 4.1029472 -0.0055269 -0.0050020 -0.0167350 0.9998322
5.795223 -0.1040016 0.0060399 4.1991410 -0.0055587 0.0021881 -0.0200004 0.9997821
6.105870 -0.1036903 0.0062942 4.3282461 -0.0027958 0.0140088 -0.0254018 0.9995753
6.727294 -0.0918247 0.0070183 4.5318012 -0.0043404 0.0391303 -0.0320538 0.9987105
7.038067 -0.0824808 0.0056809 4.6057916 -0.0021704 0.0551164 -0.0305067 0.9980114
7.353300 -0.0703979 0.0057311 4.6780758 0.0008974 0.0778728 -0.0325086 0.9964327
7.663357 -0.0537398 0.0050513 4.7460108 0.0013966 0.1054696 -0.0319090 0.9939095
8.074250 -0.0238751 0.0037061 4.8351822 0.0029642 0.1507747 -0.0343248 0.9879676
8.696029 0.0461824 -0.0008268 4.9624476 0.0063033 0.2451648 -0.0339063 0.9688678
9.008027 0.0956528 -0.0033148 5.0242138 0.0105845 0.3050655 -0.0363172 0.9515797
9.317832 0.1612952 -0.0077872 5.0889120 0.0107728 0.3713166 -0.0414173 0.9275196
9.630085 0.2487528 -0.0126667 5.1515322 0.0114190 0.4440585 -0.0395837 0.8950502
9.939685 0.3573170 -0.0190144 5.2059546 0.0124997 0.5184826 -0.0378039 0.8541607
10.146770 0.4403081 -0.0231482 5.2366295 0.0092273 0.5645975 -0.0392844 0.8243793
10.353670 0.5301715 -0.0281895 5.2568946 0.0128714 0.6059008 -0.0355303 0.7946422
10.562990 0.6273702 -0.0331761 5.2696648 0.0184168 0.6410039 -0.0273659 0.7668285
10.767050 0.7302016 -0.0388883 5.2777071 0.0229218 0.6682303 -0.0249654 0.7431821
10.973420 0.8395531 -0.0456466 5.2806487 0.0262034 0.6883098 -0.0195941 0.7246786
11.180190 0.9531182 -0.0514380 5.2813196 0.0286963 0.7013342 -0.0175497 0.7120385
11.385900 1.0716197 -0.0585000 5.2798371 0.0290199 0.7102333 -0.0174909 0.7031505
11.592550 1.1962264 -0.0652189 5.2750740 0.0337167 0.7156693 -0.0161606 0.6974378
11.799490 1.3256054 -0.0719250 5.2715764 0.0318485 0.7186219 -0.0157075 0.6944937
12.004820 1.4609346 -0.0794090 5.2670059 0.0270794 0.7200011 -0.0115561 0.6933481
12.211190 1.5992596 -0.0864803 5.2608266 0.0290576 0.7200511 -0.0093097 0.6932499
12.417650 1.7398762 -0.0934187 5.2562971 0.0350501 0.7189354 -0.0142131 0.6940471
12.624550 1.8866060 -0.1013364 5.2524047 0.0338371 0.7175406 -0.0128235 0.6955762
12.830730 2.0354881 -0.1102133 5.2495227 0.0303930 0.7157336 -0.0107829 0.6976284
13.141650 2.2564933 -0.1231897 5.2452645 0.0356725 0.7124372 -0.0136913 0.7006949
13.348030 2.4059632 -0.1330298 5.2437778 0.0330721 0.7096176 -0.0111747 0.7037217
13.657960 2.6295090 -0.1467820 5.2447896 0.0355672 0.7061303 -0.0132747 0.7070636
13.968170 2.8538811 -0.1612669 5.2457843 0.0374295 0.7021795 -0.0093671 0.7109538
14.278600 3.0795488 -0.1757994 5.2507472 0.0389632 0.6988278 -0.0074904 0.7141886
14.588970 3.3054461 -0.1892923 5.2592025 0.0387450 0.6955499 -0.0086572 0.7173801
14.899490 3.5326033 -0.2027409 5.2684870 0.0383578 0.6927018 -0.0095111 0.7201406
15.209870 3.7614584 -0.2180167 5.2801600 0.0383370 0.6891879 -0.0131223 0.7234488
15.520220 3.9943316 -0.2335599 5.2960443 0.0365020 0.6858734 -0.0176107 0.7265915
15.830620 4.2308946 -0.2507315 5.3130832 0.0366212 0.6817780 -0.0194513 0.7303830
16.140910 4.4707179 -0.2684130 5.3346238 0.0360457 0.6766939 -0.0211983 0.7350760
16.453450 4.7111564 -0.2874084 5.3596959 0.0398436 0.6686541 -0.0290534 0.7419367
16.761400 4.9541106 -0.3089991 5.3904295 0.0360715 0.6604269 -0.0278124 0.7495075
17.073430 5.1991482 -0.3279656 5.4271336 0.0291376 0.6520567 -0.0237325 0.7572383
17.383340 5.4365487 -0.3467473 5.4667931 0.0333055 0.6448606 -0.0281372 0.7630556
17.693880 5.6681576 -0.3673452 5.5104370 0.0334059 0.6389157 -0.0277853 0.7680487
18.003090 5.8938494 -0.3849719 5.5562749 0.0254791 0.6347833 -0.0238857 0.7719005
18.313370 6.1101422 -0.4004364 5.6018038 0.0251085 0.6318396 -0.0285521 0.7741660
18.623970 6.3163919 -0.4167005 5.6473413 0.0293781 0.6295131 -0.0325872 0.7757501
18.934680 6.5170422 -0.4334883 5.6914454 0.0262422 0.6284632 -0.0315323 0.7767568
19.245500 6.7077808 -0.4496162 5.7338529 0.0252757 0.6299891 -0.0315082 0.7755527
19.557750 6.8906784 -0.4644924 5.7714262 0.0295265 0.6322106 -0.0328462 0.7735367
19.866980 7.0677118 -0.4793335 5.8069019 0.0260844 0.6350030 -0.0305040 0.7714663
20.073350 7.1803298 -0.4881880 5.8276939 0.0291087 0.6364882 -0.0284122 0.7702131
20.280310 7.2884817 -0.4976089 5.8479471 0.0318141 0.6381934 -0.0284715 0.7686914
20.487640 7.3983855 -0.5067679 5.8687210 0.0326396 0.6391845 -0.0283432 0.7678375
20.797730 7.5637484 -0.5198398 5.8977938 0.0363789 0.6375071 -0.0225784 0.7692538
21.004610 7.6754994 -0.5289671 5.9212689 0.0352631 0.6339988 -0.0238448 0.7721616
21.213570 7.7885146 -0.5370797 5.9460702 0.0350165 0.6284512 -0.0238878 0.7766932
21.417970 7.9046540 -0.5462057 5.9746332 0.0332006 0.6215312 -0.0237413 0.7823254
21.624800 8.0221930 -0.5554953 6.0060062 0.0323120 0.6135880 -0.0268884 0.7885066
21.936170 8.2043514 -0.5693576 6.0607338 0.0321329 0.6009094 -0.0315157 0.7980490
22.141920 8.3294563 -0.5797855 6.1016493 0.0313944 0.5924448 -0.0326336 0.8043374
22.452170 8.5250902 -0.5944740 6.1696429 0.0273506 0.5792564 -0.0290034 0.8141700
22.762490 8.7299862 -0.6088996 6.2474442 0.0266458 0.5660375 -0.0233393 0.8236181
23.072970 8.9446392 -0.6214649 6.3322372 0.0281279 0.5563350 -0.0110070 0.8304089
23.384670 9.1611948 -0.6337791 6.4250183 0.0374190 0.5462270 -0.0118166 0.8367175
23.694540 9.3725319 -0.6508924 6.5246449 0.0339669 0.5398211 -0.0183777 0.8408934
24.004580 9.5759554 -0.6682619 6.6223974 0.0358324 0.5342036 -0.0234688 0.8442700
24.315110 9.7725067 -0.6858780 6.7190709 0.0324741 0.5288388 -0.0211471 0.8478371
24.625310 9.9592552 -0.7021155 6.8148804 0.0322709 0.5242730 -0.0223066 0.8506461
24.935580 10.1388092 -0.7173073 6.9066715 0.0323891 0.5214955 -0.0205566 0.8523912
25.245970 10.3084898 -0.7324513 6.9951811 0.0347979 0.5179665 -0.0198218 0.8544629
25.556300 10.4704742 -0.7470019 7.0812674 0.0364160 0.5134187 -0.0169673 0.8571973
25.866530 10.6253967 -0.7610420 7.1664448 0.0374035 0.5084721 -0.0155505 0.8601251
26.177790 10.7755442 -0.7746595 7.2523870 0.0400688 0.5019938 -0.0169597 0.8637760
26.486950 10.9210472 -0.7898574 7.3425961 0.0432830 0.4930525 -0.0264528 0.8685195
26.796950 11.0693932 -0.8048853 7.4382405 0.0389665 0.4838335 -0.0314838 0.8737251
27.107250 11.2219648 -0.8211935 7.5434394 0.0281186 0.4745854 -0.0341275 0.8790981
27.417420 11.3788071 -0.8350632 7.6555009 0.0284131 0.4643415 -0.0402561 0.8842846
27.727690 11.5444651 -0.8500617 7.7786055 0.0256709 0.4535821 -0.0450228 0.8897063
28.037820 11.7167139 -0.8662869 7.9128690 0.0234328 0.4414381 -0.0438003 0.8959156
28.348030 11.8956165 -0.8812284 8.0605621 0.0220865 0.4284082 -0.0465316 0.9021161
28.660870 12.0807915 -0.8979032 8.2174149 0.0223066 0.4212010 -0.0435139 0.9056482
28.970690 12.2743568 -0.9147599 8.3811970 0.0244658 0.4153116 -0.0334797 0.9087336
29.279330 12.4704971 -0.9310321 8.5549231 0.0244505 0.4097001 -0.0306500 0.9113773
29.486390 12.5992012 -0.9402300 8.6746664 0.0226686 0.4056360 -0.0364623 0.9130258
29.796330 12.7974224 -0.9553350 8.8600073 0.0142904 0.3996333 -0.0335210 0.9159505
30.003170 12.9302130 -0.9642366 8.9856377 0.0148672 0.3940619 -0.0294599 0.9184914
30.211630 13.0616741 -0.9728599 9.1110926 0.0247234 0.3875161 -0.0242890 0.9212112
30.520070 13.2581921 -0.9887719 9.3099670 0.0256521 0.3765005 -0.0188667 0.9258690
30.726980 13.3869457 -0.9995775 9.4446230 0.0299133 0.3699045 -0.0166094 0.9284396
30.933840 13.5152140 -1.0098861 9.5831957 0.0306169 0.3652681 -0.0156157 0.9302677
31.142770 13.6432991 -1.0217292 9.7211533 0.0283764 0.3627757 -0.0112923 0.9313759
31.347740 13.7719822 -1.0316813 9.8625164 0.0272450 0.3621856 -0.0088060 0.9316661
31.661730 13.9622173 -1.0467556 10.0727119 0.0268390 0.3634008 -0.0124052 0.9311635
31.970850 14.1530218 -1.0628005 10.2835398 0.0252548 0.3677400 -0.0172969 0.9294247
32.176640 14.2821684 -1.0726905 10.4205589 0.0225133 0.3708037 -0.0172065 0.9282789
32.486110 14.4746523 -1.0880607 10.6222649 0.0276304 0.3766542 -0.0209386 0.9257050
32.694680 14.6029434 -1.0986477 10.7549820 0.0281074 0.3812598 -0.0235995 0.9237391
33.003430 14.7967844 -1.1152279 10.9500837 0.0225507 0.3882711 -0.0239134 0.9209588
33.211600 14.9291906 -1.1258643 11.0762424 0.0244321 0.3918874 -0.0213896 0.9194400
33.520520 15.1263313 -1.1420000 11.2625875 0.0279787 0.3992082 -0.0200312 0.9162143
33.830820 15.3267756 -1.1582438 11.4489880 0.0274404 0.4083878 -0.0223306 0.9121227
34.142230 15.5317888 -1.1766402 11.6275349 0.0319245 0.4189602 -0.0285099 0.9069952
34.451590 15.7465239 -1.1943166 11.8099022 0.0191807 0.4316559 -0.0268412 0.9014349
34.659100 15.8915081 -1.2033201 11.9257011 0.0183864 0.4403618 -0.0286386 0.8971752
34.866170 16.0397758 -1.2133492 12.0381002 0.0267600 0.4479194 -0.0293069 0.8931927
35.074860 16.1918144 -1.2267017 12.1475601 0.0279475 0.4559551 -0.0266559 0.8891644
35.382770 16.4205170 -1.2443449 12.3057032 0.0265817 0.4673552 -0.0245380 0.8833292
35.589680 16.5711498 -1.2568240 12.4053707 0.0270527 0.4734778 -0.0192938 0.8801787
35.796540 16.7219353 -1.2687358 12.5036926 0.0241374 0.4783116 -0.0186174 0.8776610
36.006010 16.8690968 -1.2797670 12.5983343 0.0267409 0.4827462 -0.0199590 0.8751243
36.210300 17.0131626 -1.2905707 12.6894169 0.0296069 0.4859949 -0.0232354 0.8731509
36.417070 17.1585712 -1.3016837 12.7790623 0.0249549 0.4886675 -0.0182376 0.8719224
36.623970 17.3006973 -1.3123959 12.8637133 0.0262176 0.4912993 -0.0134985 0.8704915
36.830740 17.4382668 -1.3225124 12.9470806 0.0304052 0.4934388 -0.0167371 0.8690878
37.040370 17.5731182 -1.3334727 13.0276108 0.0362893 0.4954998 -0.0188465 0.8676450
37.244700 17.7078915 -1.3441976 13.1066418 0.0253330 0.4983638 -0.0169942 0.8664312
37.451400 17.8387089 -1.3538978 13.1850805 0.0200186 0.5008892 -0.0192759 0.8650652
37.658150 17.9674225 -1.3613046 13.2585697 0.0243886 0.5034103 -0.0193884 0.8634855
37.865070 18.0936031 -1.3701916 13.3301544 0.0227593 0.5059352 -0.0192606 0.8620561
38.176120 18.2780972 -1.3820877 13.4309692 0.0245660 0.5101659 -0.0189434 0.8595164
38.382320 18.3990364 -1.3907650 13.4959488 0.0261533 0.5144721 -0.0202153 0.8568698
38.589330 18.5172615 -1.3993524 13.5576820 0.0291388 0.5195873 -0.0213600 0.8536531
38.899920 18.6972942 -1.4130942 13.6485548 0.0299391 0.5286775 -0.0248976 0.8479291
39.106870 18.8199940 -1.4229307 13.7085381 0.0288984 0.5347555 -0.0267739 0.8440880
39.417430 19.0095501 -1.4378847 13.7955551 0.0310200 0.5447159 -0.0322609 0.8374256
39.624300 19.1413593 -1.4495947 13.8530102 0.0321574 0.5513571 -0.0344785 0.8329360
39.831290 19.2771759 -1.4616122 13.9091196 0.0340025 0.5579010 -0.0347770 0.8284811
40.141680 19.4913292 -1.4806833 13.9921513 0.0315674 0.5678664 -0.0327572 0.8218626
40.452080 19.7184925 -1.4979861 14.0742016 0.0271171 0.5759014 -0.0274770 0.8166072
40.764080 19.9561176 -1.5153495 14.1554642 0.0318407 0.5825657 -0.0250428 0.8117735
41.072760 20.2006245 -1.5339010 14.2340145 0.0441854 0.5879350 -0.0246132 0.8073254
41.385110 20.4564152 -1.5572975 14.3130569 0.0432710 0.5939481 -0.0205925 0.8030748
41.693290 20.7163372 -1.5814823 14.3937073 0.0417043 0.6001287 -0.0263296 0.7983816
42.003560 20.9853821 -1.6044197 14.4704666 0.0403063 0.6066549 -0.0287947 0.7934206
42.313830 21.2602234 -1.6309879 14.5422220 0.0429380 0.6119411 -0.0253982 0.7893285
42.623970 21.5347137 -1.6566849 14.6114540 0.0416798 0.6158180 -0.0243698 0.7864077
42.934150 21.8115845 -1.6819227 14.6807957 0.0394915 0.6187606 -0.0264458 0.7841405
43.244710 22.0895729 -1.7073416 14.7478085 0.0395783 0.6207735 -0.0265579 0.7825398
43.660340 22.4620705 -1.7398615 14.8327150 0.0408374 0.6229820 -0.0266902 0.7807133
43.971430 22.7352428 -1.7652793 14.8954639 0.0394948 0.6261335 -0.0273890 0.7782332
44.278660 23.0139809 -1.7893006 14.9547253 0.0352145 0.6303786 -0.0250614 0.7750837
44.589150 23.2879677 -1.8128114 15.0111313 0.0357097 0.6353922 -0.0251570 0.7709531
44.899580 23.5609226 -1.8353704 15.0633755 0.0344476 0.6402337 -0.0258067 0.7669734
45.313460 23.9214859 -1.8658743 15.1291180 0.0311011 0.6460612 -0.0322880 0.7619679
45.520350 24.1011257 -1.8810022 15.1594563 0.0323127 0.6484898 -0.0361184 0.7596791
45.727180 24.2810822 -1.8974142 15.1889172 0.0294595 0.6512720 -0.0346175 0.7574818
45.933940 24.4620972 -1.9129148 15.2155247 0.0285567 0.6535360 -0.0326992 0.7556493
46.140840 24.6408157 -1.9274899 15.2424374 0.0288590 0.6566295 -0.0335161 0.7529154
46.347740 24.8193073 -1.9417702 15.2651339 0.0314122 0.6604329 -0.0302336 0.7496182
46.554470 24.9983864 -1.9563682 15.2874699 0.0302038 0.6642753 -0.0286039 0.7463296
46.761380 25.1733074 -1.9721875 15.3058567 0.0403666 0.6673806 -0.0357436 0.7427624
46.968250 25.3494797 -1.9898527 15.3254347 0.0378716 0.6715572 -0.0372630 0.7390454
47.175200 25.5246315 -2.0069590 15.3417892 0.0318340 0.6755041 -0.0352758 0.7358236
47.382040 25.6980972 -2.0226107 15.3566790 0.0281178 0.6803516 -0.0373117 0.7313952
47.588920 25.8688087 -2.0373869 15.3690996 0.0229661 0.6856869 -0.0369014 0.7265977
47.795800 26.0373383 -2.0512729 15.3771429 0.0272211 0.6903920 -0.0366259 0.7219948
48.002630 26.2084141 -2.0656304 15.3834991 0.0280419 0.6951025 -0.0361936 0.7174512
48.312780 26.4623642 -2.0866928 15.3884907 0.0286306 0.7013026 -0.0347909 0.7114383
48.622870 26.7152214 -2.1084456 15.3903446 0.0325377 0.7050772 -0.0336282 0.7075850
48.932760 26.9673882 -2.1302388 15.3901253 0.0328164 0.7072110 -0.0296959 0.7056159
49.242780 27.2167034 -2.1514475 15.3887281 0.0370568 0.7074999 -0.0288234 0.7051524
49.553030 27.4590588 -2.1742232 15.3880568 0.0393069 0.7060363 -0.0272791 0.7065575
49.863540 27.6956768 -2.1951995 15.3910513 0.0378245 0.7034279 -0.0245036 0.7093363
50.172720 27.9228573 -2.2154293 15.3957958 0.0336803 0.6995080 -0.0251096 0.7133889
50.483680 28.1390533 -2.2334423 15.4026794 0.0325727 0.6952900 -0.0253840 0.7175420
50.793430 28.3460464 -2.2502987 15.4129028 0.0298555 0.6914019 -0.0252306 0.7214122
51.103000 28.5385628 -2.2656178 15.4242792 0.0316232 0.6875405 -0.0278868 0.7249209
51.413610 28.7215614 -2.2805490 15.4375420 0.0294588 0.6839710 -0.0307781 0.7282641
51.826760 28.9472694 -2.2998664 15.4554787 0.0285620 0.6794443 -0.0339022 0.7323867
52.136910 29.1064949 -2.3138292 15.4705734 0.0276871 0.6761629 -0.0347461 0.7354113
52.447130 29.2575035 -2.3268795 15.4854832 0.0289115 0.6730795 -0.0360517 0.7381249
52.860930 29.4462738 -2.3436229 15.5056000 0.0297536 0.6706777 -0.0389517 0.7401277
53.274690 29.6366673 -2.3610632 15.5257387 0.0288491 0.6718336 -0.0391950 0.7391015
53.688500 29.8357029 -2.3800297 15.5427055 0.0379484 0.6746089 -0.0391842 0.7361572
54.102390 30.0529270 -2.4001241 15.5596733 0.0408163 0.6776800 -0.0336997 0.7334495
54.516280 30.2858601 -2.4221013 15.5774822 0.0416923 0.6806433 -0.0345153 0.7306128
54.930030 30.5344772 -2.4460526 15.5931768 0.0422606 0.6831989 -0.0349721 0.7281691
55.343740 30.8014946 -2.4724097 15.6112823 0.0407405 0.6857789 -0.0387727 0.7256336
55.653990 31.0107250 -2.4949923 15.6227903 0.0464028 0.6873577 -0.0417412 0.7236325
56.067460 31.3023300 -2.5267394 15.6361227 0.0485215 0.6890699 -0.0343842 0.7222507
56.481050 31.6078796 -2.5596809 15.6507368 0.0508662 0.6898811 -0.0340738 0.7213291
56.791050 31.8433151 -2.5850449 15.6614819 0.0504523 0.6887365 -0.0318902 0.7225507
57.100960 32.0862656 -2.6105762 15.6751299 0.0493622 0.6871258 -0.0297558 0.7242486
57.410890 32.3368378 -2.6355779 15.6895790 0.0507345 0.6844618 -0.0276373 0.7267559
57.720780 32.5941086 -2.6622119 15.7078676 0.0512351 0.6814676 -0.0263930 0.7295754
58.030610 32.8511581 -2.6883364 15.7280922 0.0511579 0.6782786 -0.0285300 0.7324665
58.340500 33.1130638 -2.7155414 15.7517605 0.0495781 0.6760107 -0.0301499 0.7346036
58.650440 33.3766098 -2.7431264 15.7770262 0.0480827 0.6746899 -0.0276274 0.7360152
59.063680 33.7318230 -2.7798398 15.8090210 0.0461400 0.6738732 -0.0280148 0.7368726
59.373860 33.9928436 -2.8074930 15.8337259 0.0462343 0.6736054 -0.0296304 0.7370483
59.683780 34.2539062 -2.8347971 15.8592272 0.0456974 0.6734595 -0.0307759 0.7371681
59.993680 34.5123405 -2.8617249 15.8842630 0.0462078 0.6732165 -0.0312107 0.7373400
60.303580 34.7717285 -2.8881981 15.9090252 0.0469812 0.6720958 -0.0270924 0.7384754
60.613290 35.0305748 -2.9156086 15.9331055 0.0559604 0.6686566 -0.0256335 0.7410193
61.026630 35.3707962 -2.9537687 15.9720860 0.0586174 0.6636482 -0.0239639 0.7453595
61.439830 35.7182159 -2.9903708 16.0175133 0.0529541 0.6569198 -0.0228930 0.7517501
61.853030 36.0555725 -3.0262156 16.0700321 0.0512754 0.6466221 -0.0256719 0.7606521
62.266190 36.3874893 -3.0625544 16.1354237 0.0498210 0.6322296 -0.0282810 0.7726602
62.679430 36.7269630 -3.0991955 16.2145958 0.0478170 0.6203210 -0.0299953 0.7823144
63.092920 37.0692520 -3.1357138 16.3007927 0.0472303 0.6127559 -0.0308235 0.7882572
63.506200 37.4071617 -3.1743317 16.3938370 0.0456466 0.6055228 -0.0300873 0.7939479
63.816090 37.6597672 -3.1990623 16.4690628 0.0432061 0.6001697 -0.0285302 0.7981952
64.229120 37.9909630 -3.2351658 16.5699635 0.0440020 0.5925366 -0.0323874 0.8036885
64.642350 38.3175621 -3.2707362 16.6769180 0.0388780 0.5891092 -0.0361032 0.8063098
65.055650 38.6371918 -3.3052869 16.7829628 0.0341553 0.5883161 -0.0375752 0.8070351
65.365480 38.8726654 -3.3281436 16.8602524 0.0333353 0.5887365 -0.0373468 0.8067734
65.675410 39.1069183 -3.3510661 16.9352512 0.0344040 0.5891813 -0.0335092 0.8065723
65.985180 39.3381691 -3.3740172 17.0094395 0.0402424 0.5893059 -0.0361411 0.8060973
66.295140 39.5737419 -3.3988156 17.0868797 0.0376737 0.5899497 -0.0348274 0.8058084
66.605040 39.8173599 -3.4228172 17.1646996 0.0411094 0.5896014 -0.0357700 0.8058540
66.914810 40.0692291 -3.4489722 17.2454262 0.0405799 0.5893818 -0.0330086 0.8061593
67.224700 40.3221054 -3.4744871 17.3271255 0.0443477 0.5883270 -0.0289913 0.8068854
67.534610 40.5778198 -3.5010562 17.4087200 0.0455535 0.5869873 -0.0245896 0.8079394
67.844550 40.8313217 -3.5262666 17.4934711 0.0413733 0.5865183 -0.0227425 0.8085588
68.154890 41.0855293 -3.5503843 17.5765533 0.0441758 0.5854428 -0.0223016 0.8092020
68.464300 41.3334084 -3.5746496 17.6594467 0.0428086 0.5851839 -0.0212764 0.8094903
68.774690 41.5705986 -3.5976925 17.7392197 0.0414490 0.5860370 -0.0193207 0.8089927
69.084250 41.7997818 -3.6193216 17.8137016 0.0420574 0.5873823 -0.0184098 0.8080063
69.394410 42.0212517 -3.6412165 17.8859158 0.0468277 0.5888250 -0.0237292 0.8065539
69.704490 42.2388039 -3.6640162 17.9564953 0.0433137 0.5906293 -0.0215968 0.8054902
70.014150 42.4529495 -3.6844110 18.0242157 0.0448215 0.5914425 -0.0210371 0.8048255
70.429610 42.7342491 -3.7124405 18.1121063 0.0480355 0.5914609 -0.0204305 0.8046423
70.738030 42.9465027 -3.7338073 18.1794872 0.0479280 0.5913717 -0.0206339 0.8047090
71.151220 43.2291145 -3.7624443 18.2691574 0.0458443 0.5891442 -0.0177484 0.8065310
71.564460 43.4965858 -3.7887294 18.3585644 0.0451540 0.5859905 -0.0202381 0.8088057
71.977870 43.7501526 -3.8139930 18.4436035 0.0429964 0.5839914 -0.0204306 0.8103628
72.394080 43.9834785 -3.8377619 18.5239887 0.0436203 0.5821214 -0.0190710 0.8117070
72.804810 44.2049828 -3.8580885 18.6002846 0.0434228 0.5802687 -0.0201449 0.8130172
73.218200 44.4084587 -3.8776910 18.6722298 0.0415347 0.5791432 -0.0202916 0.8139142
73.632800 44.5944099 -3.8964834 18.7382145 0.0443927 0.5778161 -0.0238733 0.8146091
74.045380 44.7633514 -3.9141157 18.7987785 0.0439117 0.5781165 -0.0229644 0.8144481
74.355660 44.8774452 -3.9266894 18.8390865 0.0428991 0.5797994 -0.0222301 0.8133254
74.665890 44.9825287 -3.9365606 18.8750916 0.0422605 0.5810388 -0.0215082 0.8124933
74.976100 45.0773811 -3.9461656 18.9078045 0.0412587 0.5823198 -0.0217109 0.8116218
75.596260 45.2455711 -3.9616709 18.9647789 0.0424300 0.5842925 -0.0219886 0.8101349
75.906260 45.3238106 -3.9691725 18.9923401 0.0410177 0.5832206 -0.0228124 0.8109567
76.216170 45.4011421 -3.9756775 19.0192451 0.0409133 0.5794949 -0.0234477 0.8136105
76.628920 45.5060577 -3.9861441 19.0615368 0.0411558 0.5651482 -0.0250457 0.8235815
76.938900 45.5875702 -3.9939342 19.0992565 0.0410154 0.5461943 -0.0269365 0.8362200
77.351390 45.6946831 -4.0057197 19.1572781 0.0429215 0.5103248 -0.0308244 0.8583567
77.661290 45.7678146 -4.0141315 19.2061234 0.0414526 0.4904024 -0.0391735 0.8696279
78.075790 45.8612099 -4.0245070 19.2620392 0.0420805 0.5046672 -0.0402989 0.8613456
78.490350 45.9532700 -4.0357723 19.3012695 0.0448300 0.5402036 -0.0361867 0.8395600
78.800950 46.0279961 -4.0447512 19.3271790 0.0452268 0.5674132 -0.0338806 0.8214919
79.214940 46.1311226 -4.0567861 19.3567867 0.0463675 0.5917163 -0.0299149 0.8042555
79.631890 46.2266235 -4.0672264 19.3841934 0.0460676 0.5984755 -0.0275968 0.7993392
80.044830 46.3058739 -4.0764093 19.4130554 0.0445740 0.5808791 -0.0282806 0.8122763
80.453690 46.3674049 -4.0836921 19.4421902 0.0410468 0.5553955 -0.0304702 0.8300136
81.278100 46.4473000 -4.0925221 19.4932213 0.0427498 0.5026146 -0.0331935 0.8628147
81.691630 46.4756966 -4.0957127 19.5145435 0.0410466 0.4828478 -0.0326938 0.8741306
82.106980 46.4917679 -4.0987191 19.5330544 0.0377190 0.4681147 -0.0432660 0.8818015
82.518840 46.5077934 -4.1004014 19.5459442 0.0358514 0.4574597 -0.0386811 0.8876650
