0.000000 0.0000000 0.0000000 0.0000000 0.0000000 0.0000000 0.0000000 1.0000000
0.103391 -0.0007888 -0.0005064 0.0910442 0.0022222 0.0008542 -0.0003390 0.9999971
0.207106 -0.0003759 -0.0002150 0.1822798 0.0027000 0.0011503 0.0008181 0.9999954
0.310262 -0.0005587 0.0000200 0.2733990 0.0007527 0.0012908 0.0014826 0.9999978
0.413621 -0.0002884 -0.0000455 0.3646051 -0.0022954 0.0009035 0.0028034 0.9999930
0.517929 0.0000356 -0.0000487 0.4545224 -0.0023293 0.0002260 0.0045255 0.9999870
0.620389 -0.0002751 0.0003745 0.5440325 -0.0009001 -0.0001410 0.0058340 0.9999825
0.724219 -0.0003879 0.0006265 0.6330847 0.0008445 -0.0005756 0.0061058 0.9999808
0.827211 -0.0007544 0.0004308 0.7219104 0.0010983 -0.0009856 0.0059830 0.9999810
0.930557 -0.0015227 0.0003962 0.8100458 0.0001496 -0.0014916 0.0057795 0.9999822
1.034070 -0.0018691 0.0007012 0.8981437 -0.0012147 -0.0019280 0.0056705 0.9999813
1.137438 -0.0026513 0.0005288 0.9861499 -0.0020901 -0.0023369 0.0056805 0.9999790
1.344229 -0.0042120 0.0014877 1.1610795 -0.0024208 -0.0030284 0.0065431 0.9999711
1.447568 -0.0053749 0.0017716 1.2480236 -0.0017141 -0.0032560 0.0067090 0.9999707
1.654521 -0.0072046 0.0023006 1.4211608 -0.0001255 -0.0048243 0.0076730 0.9999589
1.861353 -0.0106145 0.0025185 1.5933751 0.0007632 -0.0063130 0.0068570 0.9999563
2.068236 -0.0136707 0.0026588 1.7647240 0.0004439 -0.0079104 0.0063646 0.9999484
2.275131 -0.0185605 0.0023089 1.9337506 -0.0006280 -0.0090129 0.0059320 0.9999416
2.482010 -0.0228078 0.0030417 2.1002173 -0.0000641 -0.0105172 0.0064113 0.9999241
2.793694 -0.0295391 0.0030284 2.3456578 -0.0027322 -0.0119359 0.0069377 0.9999010
3.103545 -0.0361476 0.0036929 2.5826867 -0.0016236 -0.0132030 0.0056681 0.9998955
3.310078 -0.0407851 0.0038291 2.7335956 -0.0006223 -0.0141400 0.0051453 0.9998866
3.517076 -0.0458104 0.0032742 2.8822198 -0.0001106 -0.0158133 0.0051795 0.9998615
3.724674 -0.0521662 0.0037991 3.0271115 -0.0005114 -0.0176800 0.0050299 0.9998309
3.931241 -0.0586503 0.0038943 3.1692436 -0.0024000 -0.0196156 0.0047240 0.9997935
4.142151 -0.0655454 0.0040083 3.3057680 -0.0021091 -0.0215748 0.0028605 0.9997609
4.345966 -0.0724960 0.0040852 3.4398618 -0.0023985 -0.0232581 0.0019741 0.9997247
4.552519 -0.0804764 0.0049060 3.5697019 -0.0034647 -0.0237196 -0.0000626 0.9997126
4.760815 -0.0878008 0.0048754 3.6946378 -0.0008893 -0.0221465 -0.0026936 0.9997507
4.966824 -0.0932346 0.0057048 3.8167405 -0.0002918 -0.0195913 -0.0035274 0.9998018
5.174268 -0.0989241 0.0057582 3.9354784 -0.0032812 -0.0160726 -0.0079746 0.9998336
5.381142 -0.1030162 0.0061821 4.0491643 -0.0039624 -0.0112081 -0.0122754 0.9998540
5.588095 -0.1056942 0.0069184 4.1549430 -0.0056213 -0.0050187 -0.0168064 0.9998304
5.898736 -0.1068622 0.0068812 4.2986503 -0.0056200 0.0060296 -0.0223150 0.9997170
6.209506 -0.1040730 0.0073617 4.4244614 -0.0028865 0.0178428 -0.0257914 0.9995039
7.038067 -0.0852466 0.0070386 4.6670084 -0.0021959 0.0552738 -0.0305461 0.9980015
7.245330 -0.0777286 0.0068465 4.7161889 0.0004070 0.0698160 -0.0317765 0.9970536
7.556580 -0.0619556 0.0060204 4.7855382 0.0013671 0.0955908 -0.0324242 0.9948915
7.866988 -0.0422577 0.0048744 4.8529987 0.0021241 0.1265221 -0.0331820 0.9914064
8.177962 -0.0164498 0.0035040 4.9206371 0.0025655 0.1641225 -0.0358602 0.9857846
8.488779 0.0175185 0.0013371 4.9862547 0.0032731 0.2092402 -0.0364601 0.9771789
8.799662 0.0610595 -0.0011105 5.0484915 0.0079769 0.2643185 -0.0345812 0.9637823
9.110580 0.1161969 -0.0040411 5.1122370 0.0104432 0.3264540 -0.0386259 0.9443658
9.421456 0.1896162 -0.0085048 5.1774979 0.0107657 0.3952872 -0.0404542 0.9176032
9.732384 0.2849531 -0.0145113 5.2388983 0.0124376 0.4692583 -0.0390242 0.8821106
10.043900 0.4030821 -0.0212099 5.2907782 0.0109570 0.5417554 -0.0377505 0.8396165
10.250360 0.4912872 -0.0252613 5.3181539 0.0097358 0.5858258 -0.0396275 0.8094091
10.457170 0.5868260 -0.0310459 5.3336434 0.0153702 0.6239727 -0.0302085 0.7807108
10.664530 0.6891746 -0.0357815 5.3448377 0.0196239 0.6556622 -0.0273978 0.7543019
10.870220 0.7978114 -0.0429550 5.3496594 0.0244243 0.6789442 -0.0223568 0.7334428
11.077200 0.9116982 -0.0490536 5.3515930 0.0271795 0.6954353 -0.0178706 0.7178521
11.284150 1.0304347 -0.0553217 5.3515739 0.0284832 0.7059932 -0.0175886 0.7074270
11.488980 1.1551201 -0.0624964 5.3485370 0.0315453 0.7132704 -0.0170360 0.6999715
11.695270 1.2840099 -0.0698309 5.3441582 0.0333313 0.7172176 -0.0160128 0.6958675
11.901710 1.4191302 -0.0768856 5.3404126 0.0284685 0.7194815 -0.0141680 0.6937833
12.108000 1.5588396 -0.0840148 5.3343053 0.0269817 0.7200576 -0.0097678 0.6933208
12.314500 1.7008939 -0.0908954 5.3285198 0.0318792 0.7196064 -0.0117889 0.6935498
12.521050 1.8471298 -0.0979479 5.3236260 0.0355512 0.7179856 -0.0144222 0.6949999
12.830730 2.0728703 -0.1118339 5.3189492 0.0302385 0.7154862 -0.0108437 0.6978879
13.141650 2.2980328 -0.1242540 5.3148518 0.0356188 0.7123051 -0.0139003 0.7008278
13.452770 2.5255332 -0.1394012 5.3136158 0.0349327 0.7083460 -0.0101592 0.7049272
13.761270 2.7529314 -0.1533224 5.3158441 0.0352243 0.7046576 -0.0134101 0.7085457
14.071640 2.9813633 -0.1682078 5.3180332 0.0388130 0.7009134 -0.0088519 0.7121345
14.382120 3.2110183 -0.1829402 5.3229666 0.0395177 0.6974214 -0.0064175 0.7155421
14.692450 3.4421859 -0.1963559 5.3311419 0.0395021 0.6942517 -0.0081941 0.7186007
15.002870 3.6760409 -0.2113302 5.3435659 0.0371348 0.6915963 -0.0106688 0.7212501
15.313360 3.9117785 -0.2268981 5.3561635 0.0390545 0.6878763 -0.0142769 0.7246358
15.623920 4.1505375 -0.2433785 5.3720193 0.0371884 0.6844133 -0.0174347 0.7279364
15.934250 4.3933783 -0.2607104 5.3907137 0.0353759 0.6799575 -0.0193815 0.7321412
16.244300 4.6391912 -0.2789078 5.4143281 0.0383508 0.6740708 -0.0251564 0.7372414
16.554450 4.8867350 -0.3003753 5.4429717 0.0374170 0.6657699 -0.0299912 0.7446146
16.864710 5.1367145 -0.3222482 5.4771485 0.0326178 0.6575853 -0.0271739 0.7521830
17.175580 5.3849983 -0.3420011 5.5166507 0.0287155 0.6493450 -0.0251088 0.7595367
17.485440 5.6254044 -0.3616942 5.5597925 0.0329888 0.6430655 -0.0301647 0.7645054
17.795780 5.8608575 -0.3811936 5.6041517 0.0301436 0.6373692 -0.0260490 0.7695280
18.106340 6.0880151 -0.3983856 5.6512976 0.0238865 0.6334801 -0.0252574 0.7729777
18.417190 6.3037481 -0.4144469 5.6983724 0.0253605 0.6310275 -0.0307183 0.7747371
18.727490 6.5121803 -0.4312807 5.7451000 0.0273290 0.6290591 -0.0338545 0.7761390
19.038030 6.7134390 -0.4477060 5.7884851 0.0253566 0.6286029 -0.0312425 0.7766848
19.351800 6.9034820 -0.4634276 5.8302832 0.0255026 0.6307664 -0.0329819 0.7748520
19.660070 7.0857625 -0.4782254 5.8666954 0.0280651 0.6330668 -0.0330651 0.7728813
19.866980 7.2039342 -0.4886799 5.8905282 0.0251724 0.6350515 -0.0308726 0.7714421
20.073350 7.3181238 -0.4978668 5.9120026 0.0282067 0.6365630 -0.0287262 0.7701732
20.280310 7.4293928 -0.5063890 5.9327755 0.0310869 0.6382593 -0.0289499 0.7686485
20.487640 7.5401864 -0.5155580 5.9530816 0.0319826 0.6391553 -0.0288828 0.7678694
20.694250 7.6526470 -0.5244284 5.9732962 0.0348590 0.6383092 -0.0242634 0.7686075
20.902080 7.7652335 -0.5332386 5.9950747 0.0347512 0.6361992 -0.0238320 0.7703732
21.108200 7.8791065 -0.5422258 6.0199165 0.0347624 0.6316165 -0.0237098 0.7741383
21.316100 7.9959059 -0.5509313 6.0471544 0.0337414 0.6252933 -0.0234479 0.7793074
21.524290 8.1139307 -0.5603010 6.0772424 0.0319684 0.6178348 -0.0246195 0.7852719
21.730330 8.2350140 -0.5697063 6.1113882 0.0311780 0.6098428 -0.0289688 0.7913789
22.038410 8.4226456 -0.5845396 6.1692200 0.0304446 0.5969093 -0.0331936 0.8010434
22.348790 8.6196613 -0.5995067 6.2359447 0.0279066 0.5836381 -0.0327201 0.8108743
22.555690 8.7566509 -0.6094891 6.2852254 0.0256503 0.5745878 -0.0276499 0.8175735
22.762490 8.8966427 -0.6185861 6.3394670 0.0259014 0.5661565 -0.0240245 0.8235404
23.072970 9.1150074 -0.6311476 6.4256659 0.0274202 0.5564724 -0.0115963 0.8303325
23.384670 9.3352222 -0.6438999 6.5204229 0.0366266 0.5465108 -0.0122575 0.8365610
23.694540 9.5517664 -0.6610798 6.6215043 0.0331576 0.5399017 -0.0189360 0.8408616
24.004580 9.7591467 -0.6789776 6.7218823 0.0350138 0.5343354 -0.0238425 0.8442104
24.315110 9.9604731 -0.6966361 6.8209314 0.0316727 0.5289550 -0.0216669 0.8477818
24.625310 10.1507998 -0.7130743 6.9186573 0.0314331 0.5244594 -0.0228203 0.8505489
24.935580 10.3336992 -0.7285432 7.0121837 0.0315481 0.5216804 -0.0209696 0.8522996
25.245970 10.5062437 -0.7439351 7.1024342 0.0339126 0.5182424 -0.0202813 0.8543205
25.556300 10.6711559 -0.7582176 7.1889715 0.0355991 0.5135518 -0.0173278 0.8571447
25.866530 10.8283844 -0.7720946 7.2747455 0.0367183 0.5085476 -0.0158689 0.8601043
26.177790 10.9811487 -0.7860432 7.3621988 0.0392805 0.5020718 -0.0173124 0.8637599
26.486950 11.1294441 -0.8009898 7.4534025 0.0425462 0.4930146 -0.0267846 0.8685672
26.796950 11.2803040 -0.8161973 7.5511088 0.0381323 0.4838410 -0.0319699 0.8737401
27.107250 11.4357214 -0.8318257 7.6581163 0.0275705 0.4745573 -0.0345140 0.8791155
27.417420 11.5955048 -0.8465269 7.7721553 0.0275886 0.4643423 -0.0405772 0.8842955
27.727690 11.7633171 -0.8612413 7.8961573 0.0248591 0.4534678 -0.0454341 0.8897667
28.037820 11.9387627 -0.8770866 8.0330286 0.0226887 0.4412990 -0.0442067 0.8959834
28.348030 12.1197777 -0.8921236 8.1833649 0.0212370 0.4283170 -0.0471297 0.9021487
28.660870 12.3061409 -0.9085248 8.3426647 0.0215078 0.4212711 -0.0441196 0.9056056
28.970690 12.5027065 -0.9247159 8.5081749 0.0237492 0.4152775 -0.0342765 0.9087386
29.176740 12.6342192 -0.9361387 8.6246786 0.0230828 0.4116355 -0.0309345 0.9105309
29.486390 12.8305273 -0.9513919 8.8052120 0.0218054 0.4056377 -0.0371322 0.9130191
29.692890 12.9636297 -0.9613007 8.9290295 0.0164715 0.4017331 -0.0357875 0.9149090
29.899820 13.0979109 -0.9699746 9.0561705 0.0123404 0.3969763 -0.0326687 0.9171643
30.106560 13.2329540 -0.9785914 9.1834297 0.0190374 0.3910382 -0.0262312 0.9198036
30.313330 13.3658276 -0.9880829 9.3147297 0.0264113 0.3841606 -0.0242641 0.9225694
30.520070 13.4995441 -0.9993305 9.4510040 0.0248134 0.3766905 -0.0196887 0.9257975
30.726980 13.6307354 -1.0100852 9.5882397 0.0290302 0.3701040 -0.0173646 0.9283742
30.933840 13.7607651 -1.0205605 9.7287645 0.0296619 0.3655052 -0.0164483 0.9301912
31.142770 13.8915615 -1.0315744 9.8688793 0.0276954 0.3628575 -0.0119527 0.9313563
31.347740 14.0223989 -1.0412790 10.0124378 0.0266148 0.3622994 -0.0093797 0.9316345
31.661730 14.2157784 -1.0567439 10.2266617 0.0261181 0.3635709 -0.0129585 0.9311101
31.865880 14.3454399 -1.0672841 10.3702965 0.0252074 0.3663211 -0.0169268 0.9299930
32.176640 14.5419912 -1.0823859 10.5816345 0.0218060 0.3710563 -0.0179731 0.9281803
32.382560 14.6735687 -1.0929285 10.7189741 0.0239555 0.3747434 -0.0171771 0.9266598
32.694680 14.8678169 -1.1089808 10.9210167 0.0273352 0.3815530 -0.0241939 0.9236259
33.003430 15.0630798 -1.1254256 11.1176119 0.0217814 0.3885777 -0.0245164 0.9208322
33.314720 15.2634144 -1.1416265 11.3079205 0.0251549 0.3945614 -0.0213051 0.9182781
33.623980 15.4650898 -1.1579984 11.4968090 0.0265891 0.4019774 -0.0221350 0.9149957
33.934650 15.6706982 -1.1746880 11.6851521 0.0283670 0.4122123 -0.0266460 0.9102562
34.244700 15.8800659 -1.1936016 11.8646851 0.0267815 0.4235479 -0.0286307 0.9050249
34.555090 16.0995464 -1.2075299 12.0437813 0.0164584 0.4357555 -0.0295804 0.8994283
34.969030 16.4008522 -1.2296194 12.2707329 0.0285178 0.4518113 -0.0294238 0.8911720
35.176790 16.5544968 -1.2434473 12.3809309 0.0261683 0.4599772 -0.0246879 0.8872016
35.486280 16.7872105 -1.2610415 12.5397072 0.0269905 0.4706854 -0.0235847 0.8815728
35.796540 17.0150280 -1.2791104 12.6888294 0.0234058 0.4784918 -0.0199080 0.8775543
36.006010 17.1649628 -1.2902455 12.7856884 0.0261389 0.4829376 -0.0211631 0.8750087
36.210300 17.3105640 -1.3012120 12.8768110 0.0289388 0.4860399 -0.0244037 0.8731164
36.417070 17.4571781 -1.3131169 12.9680462 0.0241000 0.4888898 -0.0195036 0.8717944
36.623970 17.6009026 -1.3234781 13.0533400 0.0254598 0.4914981 -0.0147070 0.8703822
36.830740 17.7400913 -1.3335425 13.1378126 0.0297657 0.4936217 -0.0178575 0.8689837
37.040370 17.8769436 -1.3442822 13.2184515 0.0358268 0.4955091 -0.0199684 0.8676338
37.244700 18.0134373 -1.3555537 13.2992477 0.0246263 0.4985903 -0.0182845 0.8662950
37.451400 18.1460915 -1.3653631 13.3785563 0.0193456 0.5011004 -0.0206110 0.8649274
37.658150 18.2765141 -1.3729318 13.4530029 0.0237682 0.5035564 -0.0206771 0.8633878
37.865070 18.4049454 -1.3821076 13.5260811 0.0222087 0.5061296 -0.0204321 0.8619293
38.072390 18.5302277 -1.3910232 13.5950222 0.0226389 0.5086102 -0.0197983 0.8604714
38.278810 18.6528740 -1.3994211 13.6613503 0.0246549 0.5124508 -0.0206358 0.8581145
38.485830 18.7738438 -1.4077239 13.7253342 0.0264596 0.5170420 -0.0220877 0.8552658
38.692720 18.8937778 -1.4168570 13.7867632 0.0303377 0.5227499 -0.0228889 0.8516386
39.003240 19.0790081 -1.4306431 13.8796682 0.0280283 0.5319741 -0.0278348 0.8458387
39.210380 19.2051868 -1.4406716 13.9389496 0.0290592 0.5380543 -0.0294723 0.8418934
39.520900 19.4015732 -1.4566379 14.0276861 0.0307652 0.5480724 -0.0350205 0.8351309
39.727990 19.5369568 -1.4692442 14.0853910 0.0315896 0.5547803 -0.0370848 0.8305694
40.038300 19.7510777 -1.4878150 14.1692905 0.0327691 0.5646092 -0.0345321 0.8239844
40.350540 19.9753571 -1.5066373 14.2530556 0.0292996 0.5735833 -0.0308609 0.8180411
40.660160 20.2117710 -1.5235541 14.3355579 0.0262053 0.5806997 -0.0255816 0.8132938
40.969360 20.4532490 -1.5411230 14.4144087 0.0430357 0.5861591 -0.0294406 0.8085163
41.385110 20.7983894 -1.5719287 14.5210752 0.0427324 0.5940831 -0.0220240 0.8029658
41.693290 21.0586224 -1.5960448 14.6025524 0.0411489 0.6004087 -0.0280497 0.7981412
42.003560 21.3318634 -1.6202700 14.6807566 0.0398025 0.6069210 -0.0301732 0.7931912
42.313830 21.6111412 -1.6467775 14.7531013 0.0424210 0.6121633 -0.0269447 0.7891328
42.623970 21.8885460 -1.6733427 14.8239632 0.0413493 0.6160625 -0.0255862 0.7861950
42.934150 22.1707153 -1.6998777 14.8938999 0.0390562 0.6189240 -0.0277162 0.7839895
43.347610 22.5482903 -1.7337877 14.9830666 0.0373599 0.6215093 -0.0260452 0.7820818
43.660340 22.8317890 -1.7595522 15.0488691 0.0402408 0.6232671 -0.0282871 0.7804605
43.971430 23.1121349 -1.7864367 15.1121969 0.0390048 0.6263221 -0.0287391 0.7780574
44.382090 23.4866829 -1.8199482 15.1934299 0.0353502 0.6324680 -0.0264979 0.7733256
44.692960 23.7624130 -1.8439000 15.2468824 0.0351624 0.6373695 -0.0257578 0.7693245
45.003060 24.0394573 -1.8664120 15.2984047 0.0334924 0.6421770 -0.0280147 0.7653118
45.313460 24.3152218 -1.8897998 15.3481493 0.0307991 0.6463469 -0.0336236 0.7616801
45.520350 24.4974308 -1.9057602 15.3797283 0.0318087 0.6489134 -0.0374523 0.7592739
45.727180 24.6796017 -1.9221007 15.4093113 0.0290768 0.6517305 -0.0360736 0.7570340
45.933940 24.8628101 -1.9383028 15.4359217 0.0282330 0.6539676 -0.0339200 0.7552342
46.140840 25.0446148 -1.9531691 15.4623547 0.0285422 0.6569040 -0.0347283 0.7526329
46.347740 25.2256241 -1.9676965 15.4855366 0.0311607 0.6607667 -0.0314150 0.7492860
46.554470 25.4075279 -1.9829320 15.5076618 0.0299990 0.6645331 -0.0297272 0.7460644
46.761380 25.5845089 -1.9990578 15.5262365 0.0402776 0.6676304 -0.0367232 0.7424950
46.968250 25.7637501 -2.0172317 15.5460672 0.0377079 0.6717270 -0.0383958 0.7388415
47.175200 25.9422321 -2.0348773 15.5624189 0.0316296 0.6757267 -0.0363944 0.7355736
47.382040 26.1175003 -2.0508590 15.5774202 0.0278678 0.6805308 -0.0385414 0.7311742
47.588920 26.2913437 -2.0662317 15.5901661 0.0227835 0.6859187 -0.0380765 0.7263240
47.795800 26.4634228 -2.0803831 15.5982733 0.0268391 0.6906543 -0.0380320 0.7216854
48.002630 26.6369648 -2.0955048 15.6048841 0.0276376 0.6953617 -0.0375578 0.7171455
48.209330 26.8084698 -2.1103158 15.6084824 0.0269024 0.6997391 -0.0357863 0.7129942
48.416100 26.9802952 -2.1249909 15.6112127 0.0295362 0.7031081 -0.0372962 0.7094896
48.622870 27.1503811 -2.1398730 15.6123629 0.0321770 0.7053961 -0.0348947 0.7072223
48.829380 27.3221436 -2.1555524 15.6120367 0.0321892 0.7068415 -0.0318593 0.7059207
49.036150 27.4910278 -2.1697843 15.6120882 0.0338144 0.7078937 -0.0307534 0.7048385
49.346620 27.7417698 -2.1925740 15.6107378 0.0378482 0.7075077 -0.0293884 0.7050791
49.656580 27.9862423 -2.2155449 15.6108379 0.0390297 0.7056311 -0.0274748 0.7069700
49.966330 28.2226200 -2.2367401 15.6131077 0.0363483 0.7024853 -0.0245650 0.7103449
50.276120 28.4482422 -2.2567787 15.6197233 0.0329527 0.6985252 -0.0274055 0.7143008
50.586570 28.6650620 -2.2742584 15.6279907 0.0299402 0.6946323 -0.0266474 0.7182475
50.896200 28.8711109 -2.2905223 15.6378984 0.0297945 0.6903832 -0.0273675 0.7223119
51.206270 29.0642052 -2.3070588 15.6497746 0.0300131 0.6867675 -0.0306093 0.7256119
51.516920 29.2457771 -2.3226705 15.6629925 0.0285815 0.6831236 -0.0320945 0.7290371
51.930130 29.4697590 -2.3420501 15.6815519 0.0275905 0.6786072 -0.0357425 0.7331122
52.240390 29.6298294 -2.3558910 15.6966209 0.0270187 0.6753824 -0.0369270 0.7360469
52.550540 29.7796650 -2.3693824 15.7113752 0.0282594 0.6725348 -0.0385155 0.7385222
52.860930 29.9244423 -2.3822803 15.7267361 0.0289614 0.6710451 -0.0405399 0.7397406
53.171240 30.0691185 -2.3954964 15.7422180 0.0286850 0.6716021 -0.0411159 0.7392139
53.585110 30.2691441 -2.4145598 15.7605648 0.0345961 0.6741936 -0.0399652 0.7366606
53.895510 30.4276485 -2.4284379 15.7745628 0.0381008 0.6766516 -0.0423761 0.7340949
54.309430 30.6562042 -2.4519324 15.7900143 0.0398364 0.6797895 -0.0368578 0.7313965
54.723200 30.9034729 -2.4747927 15.8069363 0.0423984 0.6821895 -0.0337000 0.7291667
55.033520 31.0995178 -2.4937401 15.8206749 0.0421425 0.6841285 -0.0381152 0.7271448
55.447050 31.3753853 -2.5208983 15.8381300 0.0405171 0.6868058 -0.0403973 0.7245855
55.757510 31.5895100 -2.5442748 15.8490496 0.0477426 0.6880825 -0.0438733 0.7227298
56.170950 31.8897877 -2.5768862 15.8616028 0.0492233 0.6897884 -0.0353921 0.7214683
56.481050 32.1196671 -2.6025763 15.8718071 0.0505488 0.6901814 -0.0353044 0.7210048
56.791050 32.3592567 -2.6288180 15.8841391 0.0498469 0.6891291 -0.0335947 0.7221411
57.100960 32.6057243 -2.6548743 15.8983335 0.0487329 0.6875637 -0.0313906 0.7238066
57.410890 32.8579292 -2.6809812 15.9118767 0.0501822 0.6848680 -0.0290841 0.7263550
57.720780 33.1154709 -2.7077644 15.9296331 0.0508234 0.6818909 -0.0275446 0.7291660
58.030610 33.3789368 -2.7346542 15.9496441 0.0507531 0.6786719 -0.0298733 0.7320766
58.340500 33.6466179 -2.7641129 15.9728794 0.0492162 0.6763349 -0.0311136 0.7342893
58.753660 34.0072556 -2.8010738 16.0061417 0.0493398 0.6746790 -0.0290808 0.7358860
59.063680 34.2778091 -2.8292418 16.0314407 0.0456363 0.6742982 -0.0293971 0.7364612
59.477160 34.6366272 -2.8663387 16.0660057 0.0451593 0.6740719 -0.0320465 0.7365872
59.890360 34.9936104 -2.9042215 16.1011887 0.0446890 0.6738423 -0.0321565 0.7368211
60.303580 35.3496819 -2.9412177 16.1343670 0.0463237 0.6725898 -0.0288657 0.7379999
60.716680 35.7067528 -2.9783981 16.1667004 0.0561574 0.6678890 -0.0268358 0.7416539
61.129940 36.0629082 -3.0178087 16.2068405 0.0565266 0.6625944 -0.0251469 0.7464188
61.543140 36.4170723 -3.0564201 16.2560081 0.0512470 0.6552932 -0.0253245 0.7532086
61.956290 36.7671623 -3.0930958 16.3131351 0.0501741 0.6434329 -0.0291129 0.7633015
62.369430 37.1128654 -3.1313734 16.3841076 0.0484429 0.6289849 -0.0308772 0.7752921
62.782780 37.4616776 -3.1695633 16.4681778 0.0467668 0.6187267 -0.0328733 0.7835237
63.196200 37.8164330 -3.2074096 16.5583076 0.0463305 0.6113271 -0.0333215 0.7893176
63.609460 38.1720505 -3.2477589 16.6551991 0.0438941 0.6040630 -0.0316502 0.7950972
64.022620 38.5201797 -3.2842636 16.7585793 0.0427819 0.5965792 -0.0325200 0.8007531
64.435680 38.8591614 -3.3213074 16.8672752 0.0380120 0.5906108 -0.0341543 0.8053368
64.952280 39.2741356 -3.3646922 17.0047207 0.0358106 0.5887320 -0.0407421 0.8065062
65.262120 39.5189896 -3.3897572 17.0857697 0.0316376 0.5889598 -0.0398541 0.8065588
65.571960 39.7616234 -3.4133911 17.1637020 0.0333731 0.5895799 -0.0372080 0.8061621
65.881970 40.0015106 -3.4371400 17.2412376 0.0369158 0.5898052 -0.0378236 0.8058141
66.295140 40.3261681 -3.4707332 17.3460255 0.0365925 0.5903040 -0.0375944 0.8054743
66.605040 40.5770683 -3.4956756 17.4270496 0.0399896 0.5900275 -0.0386814 0.8054640
66.914810 40.8379364 -3.5227056 17.5100327 0.0394826 0.5897967 -0.0360110 0.8057817
67.224700 41.0987968 -3.5496521 17.5942459 0.0432344 0.5887784 -0.0319530 0.8065047
67.534610 41.3652573 -3.5778165 17.6783962 0.0444703 0.5873561 -0.0275896 0.8076348
67.844550 41.6253319 -3.6044061 17.7656345 0.0402242 0.5869470 -0.0258093 0.8082135
68.154890 41.8867111 -3.6301036 17.8506165 0.0430630 0.5859019 -0.0252035 0.8088444
68.464300 42.1408920 -3.6557407 17.9348717 0.0416536 0.5856369 -0.0240353 0.8091457
68.774690 42.3859901 -3.6797295 18.0172901 0.0403855 0.5864569 -0.0220885 0.8086714
69.084250 42.6213531 -3.7025280 18.0931511 0.0409671 0.5877757 -0.0211366 0.8077095
69.394410 42.8476334 -3.7253914 18.1668568 0.0456930 0.5892915 -0.0265060 0.8061917
69.808000 43.1467705 -3.7556856 18.2617512 0.0421920 0.5913199 -0.0233154 0.8049950
70.118000 43.3666573 -3.7774577 18.3308506 0.0443970 0.5917827 -0.0237626 0.8045231
70.429610 43.5846176 -3.7994094 18.3988132 0.0470087 0.5917947 -0.0231510 0.8043838
70.738030 43.8054657 -3.8213215 18.4675026 0.0469831 0.5915330 -0.0234612 0.8045687
71.151220 44.0963516 -3.8510327 18.5594387 0.0449246 0.5892783 -0.0207263 0.8064138
71.564460 44.3704033 -3.8783545 18.6515961 0.0441476 0.5862185 -0.0232934 0.8086138
71.977870 44.6315575 -3.9054856 18.7389774 0.0419922 0.5841872 -0.0232854 0.8101974
72.394080 44.8729172 -3.9300671 18.8218765 0.0426755 0.5822926 -0.0220454 0.8115591
72.804810 45.0990944 -3.9518330 18.9006824 0.0423807 0.5805689 -0.0230782 0.8127798
73.218200 45.3088531 -3.9725895 18.9742050 0.0404190 0.5793883 -0.0231401 0.8137199
73.632800 45.5009232 -3.9918251 19.0419998 0.0433215 0.5779810 -0.0267635 0.8144599
74.045380 45.6743011 -4.0103350 19.1041641 0.0428388 0.5783163 -0.0258889 0.8142756
74.459100 45.8297043 -4.0270648 19.1581593 0.0416107 0.5803459 -0.0251504 0.8129174
74.872800 45.9664383 -4.0407853 19.2056770 0.0407802 0.5822065 -0.0241505 0.8116584
75.182880 46.0578804 -4.0498190 19.2375832 0.0399738 0.5835685 -0.0250040 0.8106939
75.906260 46.2518959 -4.0683794 19.3030510 0.0398923 0.5833876 -0.0257857 0.8108037
76.216170 46.3307266 -4.0754290 19.3306026 0.0397042 0.5796767 -0.0263549 0.8134518
76.526720 46.4117432 -4.0833960 19.3626728 0.0397690 0.5699298 -0.0273483 0.8202747
76.835380 46.4941864 -4.0916090 19.3978691 0.0399595 0.5535274 -0.0284554 0.8313850
77.144940 46.5778656 -4.0997787 19.4409924 0.0400210 0.5291918 -0.0321917 0.8469463
77.557920 46.6834869 -4.1116347 19.5063267 0.0409059 0.4937235 -0.0386254 0.8677971
77.972190 46.7805634 -4.1230593 19.5668621 0.0397799 0.4979963 -0.0440434 0.8651459
78.386780 46.8749199 -4.1353006 19.6114273 0.0433581 0.5307292 -0.0390937 0.8455284
78.800950 46.9762077 -4.1470060 19.6484337 0.0439723 0.5678563 -0.0367686 0.8211296
79.214940 47.0816422 -4.1593390 19.6785240 0.0453406 0.5921146 -0.0327565 0.8039101
79.631890 47.1787834 -4.1705766 19.7052498 0.0449558 0.5986470 -0.0303804 0.7991732
80.044830 47.2599907 -4.1795378 19.7346001 0.0436203 0.5810236 -0.0310507 0.8121235
80.453690 47.3233147 -4.1874809 19.7648487 0.0398605 0.5555844 -0.0331727 0.8298414
81.278100 47.4052887 -4.1964717 19.8170223 0.0414121 0.5027761 -0.0358458 0.8626797
81.691630 47.4345665 -4.1998258 19.8391800 0.0394961 0.4831096 -0.0354035 0.8739519
82.106980 47.4511375 -4.2025299 19.8582001 0.0363826 0.4683087 -0.0458996 0.8816215
82.518840 47.4675446 -4.2042184 19.8711357 0.0344768 0.4575595 -0.0413501 0.8875477
