0.000000 -0.6283050 0.0273704 -1.0021709 -0.0005694 -0.0142140 0.0004991 0.9998987
0.104228 -0.6291433 0.0267910 -0.9690934 -0.0001667 -0.0150412 0.0014157 0.9998859
0.208477 -0.6302319 0.0262682 -0.9365281 0.0006109 -0.0156630 0.0017471 0.9998756
0.312729 -0.6312695 0.0253768 -0.9042817 0.0011961 -0.0167252 0.0019198 0.9998575
0.416979 -0.6323501 0.0248311 -0.8718416 0.0020335 -0.0177384 0.0030028 0.9998361
0.833976 -0.6379272 0.0219827 -0.7390858 0.0032724 -0.0205019 0.0050956 0.9997715
1.042605 -0.6414126 0.0201336 -0.6697938 0.0065012 -0.0217276 0.0039323 0.9997351
1.146853 -0.6431882 0.0194316 -0.6346868 0.0083792 -0.0223510 0.0032946 0.9997097
1.355354 -0.6473837 0.0180485 -0.5610897 0.0050495 -0.0234062 0.0010198 0.9997128
1.563854 -0.6514783 0.0170145 -0.4836331 -0.0033512 -0.0242935 0.0002202 0.9996992
1.772352 -0.6559011 0.0155210 -0.4044620 0.0005957 -0.0252482 -0.0019993 0.9996790
1.980855 -0.6601448 0.0151774 -0.3213321 0.0027396 -0.0263076 -0.0008481 0.9996498
2.189354 -0.6649078 0.0143191 -0.2315699 -0.0056462 -0.0268903 -0.0004010 0.9996223
2.397855 -0.6708276 0.0140080 -0.1380764 -0.0064537 -0.0269902 0.0008394 0.9996145
2.606377 -0.6774172 0.0142493 -0.0400714 -0.0033835 -0.0262331 -0.0001583 0.9996501
2.814856 -0.6829586 0.0128600 0.0621074 0.0022353 -0.0254358 0.0028766 0.9996698
3.127481 -0.6930351 0.0105106 0.2230635 0.0052895 -0.0246484 0.0015632 0.9996809
3.440232 -0.6944275 0.0079651 0.3809307 0.0078653 -0.0263832 -0.0018804 0.9996192
3.752729 -0.7046400 0.0024004 0.5505334 0.0076253 -0.0266211 -0.0032393 0.9996113
4.065354 -0.7126804 -0.0022010 0.7212815 0.0054907 -0.0279205 -0.0038498 0.9995877
4.377982 -0.7281545 -0.0075407 0.8867321 0.0056504 -0.0267375 -0.0047132 0.9996154
4.690605 -0.7374561 -0.0108463 1.0670887 0.0016524 -0.0281176 -0.0045695 0.9995928
5.003109 -0.7493856 -0.0144269 1.2485343 0.0023076 -0.0288864 -0.0046095 0.9995694
5.315611 -0.7611555 -0.0175441 1.4317895 -0.0003615 -0.0301411 -0.0047270 0.9995344
5.628235 -0.7735260 -0.0211284 1.6143770 0.0036193 -0.0306247 -0.0067503 0.9995016
5.940858 -0.7855281 -0.0251532 1.7989531 0.0014330 -0.0307909 -0.0074911 0.9994968
6.253481 -0.7975022 -0.0286602 1.9830308 0.0022088 -0.0306070 -0.0063047 0.9995092
6.566109 -0.8087231 -0.0333998 2.1670403 0.0059981 -0.0306809 -0.0050383 0.9994985
6.878731 -0.8211709 -0.0385735 2.3528061 0.0026971 -0.0304678 -0.0027864 0.9995282
7.191236 -0.8325533 -0.0417699 2.5352471 0.0007900 -0.0300580 0.0000226 0.9995478
7.503734 -0.8444377 -0.0462208 2.7184749 0.0063888 -0.0301093 -0.0000785 0.9995262
7.816232 -0.8566450 -0.0515357 2.9030049 0.0038899 -0.0293427 -0.0043264 0.9995525
8.128736 -0.8679489 -0.0557680 3.0868080 0.0022694 -0.0296131 -0.0029334 0.9995546
8.441112 -0.8797557 -0.0599482 3.2716334 0.0010144 -0.0304669 -0.0010627 0.9995347
8.753612 -0.8921067 -0.0646891 3.4531014 0.0029493 -0.0315613 -0.0024010 0.9994946
9.065987 -0.9048766 -0.0677813 3.6344092 -0.0012859 -0.0324412 -0.0041976 0.9994640
9.274360 -0.9138016 -0.0699434 3.7535329 0.0001292 -0.0329451 -0.0040567 0.9994489
9.482610 -0.9208471 -0.0724850 3.8710120 -0.0000449 -0.0341062 -0.0027688 0.9994144
9.690863 -0.9294988 -0.0748947 3.9852993 -0.0021432 -0.0346354 -0.0023725 0.9993949
9.899109 -0.9376523 -0.0767500 4.0945983 -0.0026410 -0.0362158 -0.0014039 0.9993395
10.107490 -0.9460610 -0.0786381 4.1989088 -0.0017464 -0.0396656 -0.0009230 0.9992111
10.315740 -0.9549018 -0.0807089 4.2982335 -0.0025050 -0.0429477 -0.0014505 0.9990731
10.524110 -0.9641071 -0.0822696 4.3912668 -0.0036572 -0.0459281 -0.0022924 0.9989354
10.732490 -0.9735059 -0.0836895 4.4785705 -0.0041321 -0.0485455 -0.0040356 0.9988043
10.940860 -0.9823865 -0.0854194 4.5588965 -0.0016427 -0.0513292 -0.0055653 0.9986649
11.149240 -0.9915998 -0.0871001 4.6322260 0.0015973 -0.0535550 -0.0076856 0.9985340
11.357760 -0.9994506 -0.0887113 4.6998644 0.0020236 -0.0536387 -0.0099105 0.9985092
11.670740 -1.0095496 -0.0911097 4.7913136 -0.0003957 -0.0455559 -0.0134877 0.9988707
11.983860 -1.0142578 -0.0929446 4.8723588 -0.0025553 -0.0281804 -0.0128418 0.9995171
12.297110 -1.0137588 -0.0948422 4.9442472 0.0013254 -0.0010165 -0.0117393 0.9999297
12.819860 -0.9975850 -0.0981837 5.0547571 0.0070083 0.0740296 -0.0050988 0.9972184
13.133360 -0.9790325 -0.1005872 5.1139693 0.0082991 0.1357693 -0.0021543 0.9907034
13.446740 -0.9524152 -0.1029375 5.1689138 0.0069610 0.2064963 -0.0028171 0.9784186
13.760010 -0.9178336 -0.1054794 5.2172508 0.0101626 0.2792287 -0.0018764 0.9601690
13.968740 -0.8909242 -0.1068083 5.2473660 0.0132368 0.3294299 -0.0061039 0.9440675
14.177490 -0.8594499 -0.1083691 5.2754345 0.0144675 0.3810097 -0.0076752 0.9244260
14.386120 -0.8236306 -0.1100172 5.3000288 0.0130604 0.4317456 -0.0052385 0.9018856
14.594740 -0.7841535 -0.1112609 5.3215885 0.0109547 0.4820588 -0.0036619 0.8760627
14.803370 -0.7410148 -0.1132842 5.3396559 0.0080827 0.5316533 -0.0028271 0.8469188
15.011990 -0.6953213 -0.1148889 5.3538222 0.0099632 0.5768026 -0.0072844 0.8167903
15.220240 -0.6449089 -0.1165026 5.3637114 0.0135511 0.6133581 -0.0052755 0.7896711
15.428120 -0.5901116 -0.1179032 5.3712406 0.0181624 0.6393557 -0.0017083 0.7686946
15.636010 -0.5311728 -0.1199124 5.3786721 0.0126197 0.6598398 -0.0029527 0.7512945
15.843870 -0.4671075 -0.1221336 5.3837290 0.0094888 0.6772693 -0.0013172 0.7356728
16.051740 -0.3983553 -0.1246074 5.3849440 0.0147937 0.6909584 0.0022005 0.7227398
16.259530 -0.3241470 -0.1260998 5.3868723 0.0175458 0.7000615 -0.0020515 0.7138640
16.467120 -0.2459529 -0.1283839 5.3867774 0.0190475 0.7032496 0.0019533 0.7106852
16.674850 -0.1622096 -0.1313530 5.3878098 0.0184850 0.7023433 0.0029922 0.7115921
16.882610 -0.0745435 -0.1341502 5.3899355 0.0173236 0.7013785 0.0006918 0.7125782
17.194620 0.0661006 -0.1387604 5.3935504 0.0163101 0.7006180 0.0002786 0.7133500
17.506740 0.2130252 -0.1436547 5.3965378 0.0140843 0.7010354 0.0017712 0.7129852
17.715000 0.3131184 -0.1466998 5.3979025 0.0132358 0.7018043 0.0036798 0.7122372
17.923370 0.4158717 -0.1495891 5.3997464 0.0118855 0.7028840 0.0039000 0.7111945
18.235760 0.5722660 -0.1539398 5.4018030 0.0153906 0.7037935 -0.0005810 0.7102376
18.548250 0.7316916 -0.1592964 5.4045291 0.0085268 0.7048520 0.0006890 0.7093028
18.860740 0.8910720 -0.1637899 5.4069252 0.0071466 0.7047150 -0.0008327 0.7094540
19.173270 1.0468488 -0.1686683 5.4095640 0.0129281 0.7038803 -0.0026556 0.7101960
19.485910 1.2028635 -0.1739476 5.4118676 0.0106157 0.7036117 0.0021092 0.7105022
19.798650 1.3545389 -0.1786819 5.4146914 0.0087062 0.7056399 -0.0006141 0.7085169
20.111410 1.5020416 -0.1835263 5.4148884 0.0070907 0.7077234 -0.0022505 0.7064505
20.424610 1.6471140 -0.1881236 5.4145846 0.0068725 0.7098987 -0.0023623 0.7042663
20.737490 1.7899268 -0.1925709 5.4136915 0.0070994 0.7113167 -0.0008502 0.7028353
21.049750 1.9279804 -0.1966393 5.4129815 0.0049430 0.7126502 -0.0013447 0.7015009
21.362520 2.0578966 -0.2009926 5.4116130 0.0068555 0.7130535 -0.0028147 0.7010704
21.571010 2.1433461 -0.2037075 5.4113541 0.0070858 0.7133797 -0.0044435 0.7007278
21.779630 2.2268836 -0.2068089 5.4099536 0.0073219 0.7134871 -0.0035279 0.7006212
21.988560 2.3094087 -0.2098149 5.4093456 0.0053552 0.7135029 -0.0058350 0.7006074
22.196780 2.3914189 -0.2125148 5.4077859 0.0053336 0.7138308 -0.0044139 0.7002839
22.509770 2.5129461 -0.2165918 5.4049335 0.0051535 0.7188831 -0.0066990 0.6950796
22.822680 2.6358905 -0.2200747 5.3990946 0.0059656 0.7257501 -0.0089700 0.6878740
23.135720 2.7613728 -0.2246916 5.3918300 0.0036437 0.7306037 -0.0102748 0.6827147
23.343940 2.8473620 -0.2270508 5.3858581 0.0026561 0.7320958 -0.0070229 0.6811603
23.552380 2.9350681 -0.2295071 5.3800745 0.0010992 0.7331663 -0.0064309 0.6800181
23.760760 3.0241444 -0.2319843 5.3733244 0.0063631 0.7335039 -0.0063258 0.6796260
23.969260 3.1144018 -0.2350347 5.3658891 0.0109244 0.7339013 -0.0055144 0.6791459
24.177660 3.2054067 -0.2380394 5.3594518 0.0084763 0.7340910 -0.0033113 0.6789902
24.386170 3.2958784 -0.2412583 5.3525200 0.0081879 0.7345582 -0.0016014 0.6784944
24.594630 3.3859072 -0.2441131 5.3459911 0.0080208 0.7360701 -0.0029798 0.6768513
24.803130 3.4764690 -0.2468603 5.3386064 0.0087105 0.7376529 -0.0026489 0.6751187
25.012020 3.5678201 -0.2494858 5.3317223 0.0076336 0.7392853 -0.0038613 0.6733380
25.220150 3.6572471 -0.2527287 5.3231301 0.0078898 0.7398603 -0.0047833 0.6726972
25.532890 3.7964902 -0.2569586 5.3106928 0.0056781 0.7411245 -0.0043961 0.6713292
25.741410 3.8899794 -0.2594024 5.3018680 0.0046110 0.7425355 -0.0037670 0.6697803
26.054250 4.0326977 -0.2635111 5.2869182 0.0066254 0.7445093 -0.0054735 0.6675568
26.367040 4.1775966 -0.2684559 5.2706995 0.0114664 0.7448702 -0.0067410 0.6670768
26.679760 4.3267565 -0.2741675 5.2546225 0.0109741 0.7444872 -0.0039690 0.6675347
26.992430 4.4786086 -0.2790221 5.2392645 0.0079498 0.7428600 -0.0004477 0.6693995
27.305190 4.6313238 -0.2839498 5.2246833 0.0113994 0.7412238 -0.0044292 0.6711465
27.617880 4.7832384 -0.2893323 5.2110534 0.0100709 0.7399457 -0.0048771 0.6725735
27.826410 4.8860459 -0.2936125 5.2015815 0.0092489 0.7394794 -0.0040191 0.6731036
28.034970 4.9881277 -0.2968683 5.1926713 0.0093756 0.7391295 -0.0027171 0.6734926
28.243410 5.0887585 -0.3007616 5.1832390 0.0108376 0.7384504 -0.0011586 0.6742197
28.556140 5.2402182 -0.3060603 5.1712399 0.0082097 0.7378922 -0.0036463 0.6748588
28.764800 5.3403378 -0.3096397 5.1637697 0.0049183 0.7384559 -0.0063303 0.6742541
28.973270 5.4385257 -0.3131685 5.1554737 0.0061171 0.7390596 -0.0102942 0.6735336
29.181800 5.5361600 -0.3172357 5.1466799 0.0066993 0.7394201 -0.0095509 0.6731433
29.494560 5.6805906 -0.3233550 5.1336193 0.0092431 0.7399433 -0.0106213 0.6725219
29.703090 5.7748790 -0.3278653 5.1251955 0.0078428 0.7411327 -0.0115670 0.6712131
29.911660 5.8682060 -0.3327495 5.1158428 0.0087272 0.7431862 -0.0130778 0.6688998
30.120140 5.9603062 -0.3369648 5.1064258 0.0088923 0.7454646 -0.0142357 0.6663339
30.328670 6.0516963 -0.3416081 5.0961142 0.0095710 0.7473826 -0.0130242 0.6641972
30.537140 6.1414056 -0.3466319 5.0864911 0.0111860 0.7484627 -0.0198786 0.6627846
30.850030 6.2756433 -0.3542045 5.0692701 0.0104318 0.7514945 -0.0156695 0.6594707
31.162620 6.4086800 -0.3612123 5.0521679 0.0106688 0.7536883 -0.0190224 0.6568701
31.371140 6.4953518 -0.3665357 5.0400372 0.0141634 0.7550840 -0.0201433 0.6551655
31.683900 6.6243563 -0.3750139 5.0221219 0.0154586 0.7576313 -0.0218993 0.6521321
31.892590 6.7095690 -0.3807971 5.0086565 0.0159242 0.7609875 -0.0174380 0.6483366
32.101220 6.7938318 -0.3859661 4.9949265 0.0146739 0.7659256 -0.0183043 0.6425010
32.309930 6.8769031 -0.3913947 4.9791441 0.0148681 0.7733120 -0.0191371 0.6335623
32.518590 6.9590731 -0.3970397 4.9602027 0.0161573 0.7810042 -0.0179531 0.6240585
32.727140 7.0399995 -0.4024241 4.9402351 0.0182940 0.7880078 -0.0151545 0.6152068
32.935760 7.1200256 -0.4078086 4.9183626 0.0214621 0.7934507 -0.0112041 0.6081528
33.144180 7.1990647 -0.4127454 4.8958440 0.0221922 0.7969185 -0.0086344 0.6036173
33.352510 7.2773824 -0.4172503 4.8727155 0.0246073 0.7980928 -0.0016416 0.6020296
33.560850 7.3538103 -0.4217865 4.8507242 0.0274492 0.7984819 -0.0009202 0.6013921
33.769250 7.4285460 -0.4255465 4.8293047 0.0292174 0.7978676 -0.0016027 0.6021221
33.977780 7.5026832 -0.4299908 4.8083630 0.0289076 0.7969207 0.0017094 0.6033895
34.185940 7.5752039 -0.4337067 4.7880669 0.0304023 0.7956899 0.0011638 0.6049396
34.394020 7.6470757 -0.4377126 4.7686658 0.0316953 0.7927686 0.0021727 0.6086942
34.602300 7.7174158 -0.4417163 4.7509131 0.0309942 0.7898611 0.0041937 0.6124877
34.810660 7.7860003 -0.4452170 4.7339325 0.0307306 0.7876243 0.0053403 0.6153658
35.019540 7.8528781 -0.4485638 4.7174253 0.0314514 0.7853673 0.0088481 0.6181673
35.123490 7.8860178 -0.4502046 4.7099733 0.0303510 0.7843691 0.0086030 0.6194916
35.331690 7.9506068 -0.4533698 4.6958313 0.0312038 0.7819045 0.0059793 0.6225881
35.539930 8.0150251 -0.4563700 4.6818910 0.0330678 0.7780454 0.0046432 0.6273200
35.748270 8.0788355 -0.4596388 4.6700830 0.0310177 0.7718459 0.0044368 0.6350371
35.956520 8.1420879 -0.4629264 4.6594696 0.0306739 0.7634419 0.0055678 0.6451237
36.164640 8.2044640 -0.4663972 4.6519623 0.0300137 0.7522785 0.0055613 0.6581377
36.372770 8.2668829 -0.4695422 4.6473331 0.0285355 0.7377681 0.0039682 0.6744392
36.581010 8.3284883 -0.4732916 4.6463327 0.0256342 0.7230641 -0.0012407 0.6903041
36.789390 8.3898458 -0.4762816 4.6477547 0.0216687 0.7112337 -0.0061433 0.7025948
36.998010 8.4511442 -0.4798229 4.6497531 0.0143714 0.7069674 -0.0105402 0.7070215
37.207180 8.5118399 -0.4829918 4.6498418 0.0088145 0.7137884 -0.0116504 0.7002090
37.416200 8.5711288 -0.4858657 4.6470456 0.0082802 0.7230601 -0.0098297 0.6906655
37.625170 8.6294718 -0.4885083 4.6427379 0.0075254 0.7319710 -0.0098696 0.6812227
37.834140 8.6869850 -0.4908189 4.6373701 0.0060302 0.7436973 -0.0101613 0.6684121
38.043370 8.7418079 -0.4929914 4.6290412 0.0068310 0.7539558 -0.0078554 0.6568427
38.251530 8.7962284 -0.4951333 4.6200972 0.0056160 0.7633976 -0.0073428 0.6458627
38.460120 8.8488369 -0.4972152 4.6089082 0.0074341 0.7708195 -0.0057742 0.6369840
38.668540 8.9014740 -0.4995644 4.5977888 0.0096932 0.7765290 -0.0055683 0.6299824
38.876940 8.9519291 -0.5017112 4.5862374 0.0094193 0.7789333 -0.0047780 0.6270178
39.189420 9.0276413 -0.5046122 4.5691233 0.0107121 0.7800851 -0.0025531 0.6255765
39.606400 9.1287785 -0.5080504 4.5459819 0.0110118 0.7849056 -0.0052098 0.6194956
39.919470 9.2086668 -0.5111978 4.5253439 0.0125450 0.7900987 -0.0035963 0.6128407
40.232310 9.2919674 -0.5138019 4.5026646 0.0140369 0.7954241 -0.0051506 0.6058688
40.545050 9.3781929 -0.5169263 4.4775815 0.0159563 0.7997851 -0.0031141 0.6000662
40.857780 9.4667387 -0.5198851 4.4509730 0.0151526 0.8027435 0.0019154 0.5961289
41.170430 9.5551968 -0.5229688 4.4245453 0.0151212 0.8038845 0.0028447 0.5945864
41.482890 9.6422396 -0.5254535 4.3987503 0.0163836 0.8027129 0.0027363 0.5961343
41.795430 9.7281551 -0.5284467 4.3743162 0.0182405 0.8003314 0.0027583 0.5992741
42.107930 9.8100748 -0.5312322 4.3515453 0.0194500 0.7968515 0.0019115 0.6038591
42.420400 9.8859882 -0.5339921 4.3315573 0.0172583 0.7923392 0.0056729 0.6098103
42.732820 9.9537601 -0.5364299 4.3154812 0.0160539 0.7836560 0.0082852 0.6209323
43.044930 10.0168905 -0.5388325 4.3048248 0.0174158 0.7681173 0.0049320 0.6400533
43.357740 10.0789375 -0.5404651 4.2989221 0.0174593 0.7423649 0.0030386 0.6697614
43.668930 10.1393843 -0.5429710 4.3007321 0.0105084 0.7098977 -0.0003257 0.7042263
43.981040 10.1990986 -0.5449451 4.3081617 0.0044653 0.6759912 0.0011272 0.7368953
44.189150 10.2376299 -0.5457740 4.3160686 0.0031276 0.6507933 0.0010807 0.7592478
44.501140 10.2944899 -0.5471982 4.3337889 0.0055479 0.6064308 -0.0008699 0.7951164
44.813580 10.3510265 -0.5488485 4.3613610 0.0051145 0.5524281 -0.0077635 0.8335087
45.021230 10.3898001 -0.5499967 4.3849359 0.0079537 0.5115967 -0.0093078 0.8591384
45.229310 10.4292631 -0.5513694 4.4126759 0.0124377 0.4681683 -0.0066408 0.8835269
45.645680 10.5053558 -0.5551418 4.4893689 0.0070456 0.3794819 -0.0107395 0.9251100
45.853900 10.5425377 -0.5572674 4.5369549 0.0072592 0.3354863 -0.0095512 0.9419687
46.062500 10.5791836 -0.5591605 4.5916553 0.0068934 0.2949971 -0.0084802 0.9554356
46.271110 10.6140118 -0.5606444 4.6533356 0.0053820 0.2604880 -0.0089985 0.9654201
46.479940 10.6482353 -0.5620481 4.7212448 0.0022053 0.2326381 -0.0086423 0.9725225
46.688930 10.6818638 -0.5634694 4.7950993 0.0002750 0.2122430 -0.0062165 0.9771971
46.897820 10.7147303 -0.5645025 4.8737030 0.0008422 0.1944790 -0.0020477 0.9809042
47.106530 10.7458725 -0.5656878 4.9572458 0.0014487 0.1769695 -0.0007076 0.9842150
47.315280 10.7755852 -0.5667773 5.0455303 0.0014222 0.1615154 -0.0012242 0.9868684
47.524300 10.8040190 -0.5679035 5.1377001 -0.0002635 0.1550669 -0.0043976 0.9878942
47.733280 10.8337154 -0.5694741 5.2326369 -0.0009778 0.1540934 -0.0040953 0.9880473
47.942180 10.8652020 -0.5706716 5.3306141 0.0004384 0.1540073 -0.0020594 0.9880674
48.150840 10.8975315 -0.5723175 5.4323521 0.0007223 0.1543040 -0.0017924 0.9880216
48.359390 10.9310064 -0.5739750 5.5367861 -0.0014490 0.1551337 -0.0009728 0.9878920
48.567920 10.9648638 -0.5756599 5.6425586 -0.0019121 0.1559457 0.0001123 0.9877638
48.776450 10.9994411 -0.5771044 5.7484899 -0.0018906 0.1562131 0.0017358 0.9877200
48.985000 11.0339975 -0.5785193 5.8547187 -0.0039286 0.1564991 0.0032303 0.9876650
49.193280 11.0689926 -0.5796626 5.9613018 -0.0031000 0.1561889 0.0050528 0.9877094
49.505980 11.1201897 -0.5814401 6.1197767 -0.0012513 0.1552538 0.0056299 0.9878578
49.818560 11.1707439 -0.5842521 6.2790556 -0.0022399 0.1535096 0.0053456 0.9881302
50.131080 11.2205286 -0.5869429 6.4392014 -0.0021675 0.1512565 0.0051584 0.9884787
50.443670 11.2696323 -0.5888834 6.5987425 -0.0035928 0.1489818 0.0064560 0.9888123
50.756210 11.3170691 -0.5905956 6.7548976 -0.0031176 0.1461306 0.0074858 0.9892321
51.068710 11.3619308 -0.5920793 6.9076924 -0.0053439 0.1432449 0.0084338 0.9896369
51.382890 11.4043455 -0.5935072 7.0530014 -0.0035050 0.1397124 0.0080395 0.9901533
51.693900 11.4421253 -0.5953750 7.1897936 -0.0020983 0.1359964 0.0067455 0.9906842
52.006530 11.4756470 -0.5973095 7.3162336 -0.0062323 0.1299142 0.0071663 0.9914798
52.319330 11.5043802 -0.5987872 7.4299288 -0.0048632 0.1245779 0.0060941 0.9921792
52.632080 11.5293818 -0.6008103 7.5305309 -0.0026365 0.1225971 0.0037175 0.9924461
52.944900 11.5506191 -0.6020627 7.6196785 -0.0004074 0.1215851 0.0028287 0.9925769
53.257570 11.5708466 -0.6038784 7.7028828 -0.0006372 0.1168957 0.0036357 0.9931374
53.570100 11.5872622 -0.6055785 7.7831850 -0.0003186 0.1011278 0.0064675 0.9948524
53.881970 11.5966759 -0.6069216 7.8607941 0.0004101 0.0675932 0.0051628 0.9976995
54.193810 11.5972834 -0.6080253 7.9358282 -0.0023637 0.0175067 0.0035711 0.9998376
54.505550 11.5876122 -0.6091165 8.0075798 -0.0043900 -0.0449442 -0.0022071 0.9989774
54.817300 11.5684805 -0.6089554 8.0751953 -0.0081468 -0.1171543 -0.0070277 0.9930555
55.025330 11.5501585 -0.6096197 8.1180115 -0.0124242 -0.1705638 -0.0074504 0.9852401
55.337310 11.5152798 -0.6082088 8.1775665 -0.0149284 -0.2556170 -0.0106955 0.9666037
55.545500 11.4873772 -0.6076191 8.2142582 -0.0154752 -0.3147343 -0.0133898 0.9489592
55.753570 11.4538450 -0.6061640 8.2456512 -0.0185958 -0.3712301 -0.0113886 0.9282848
55.961860 11.4167080 -0.6049309 8.2716961 -0.0213682 -0.4250565 -0.0111642 0.9048457
56.066000 11.3969402 -0.6042952 8.2831192 -0.0232014 -0.4513839 -0.0110024 0.8919603
56.170220 11.3767967 -0.6035323 8.2929134 -0.0234403 -0.4768623 -0.0123155 0.8785791
56.274310 11.3557854 -0.6029351 8.3013802 -0.0224617 -0.5014594 -0.0141390 0.8647739
56.378550 11.3343811 -0.6020303 8.3086214 -0.0201526 -0.5257268 -0.0163249 0.8502581
56.482840 11.3126411 -0.6013801 8.3150253 -0.0191968 -0.5488481 -0.0164809 0.8355392
56.691300 11.2681570 -0.5997030 8.3248844 -0.0166365 -0.5901273 -0.0169655 0.8069604
56.900200 11.2222776 -0.5983776 8.3317738 -0.0137105 -0.6233088 -0.0184979 0.7816367
57.004560 11.1986980 -0.5973896 8.3347378 -0.0141103 -0.6366806 -0.0167502 0.7708165
57.213710 11.1490812 -0.5951248 8.3408289 -0.0192122 -0.6577483 -0.0125518 0.7528881
57.422830 11.0952015 -0.5931076 8.3437462 -0.0176564 -0.6737034 -0.0174308 0.7385852
57.631790 11.0366974 -0.5909911 8.3460083 -0.0176027 -0.6841527 -0.0184815 0.7288921
57.840730 10.9741545 -0.5883541 8.3487034 -0.0169083 -0.6962702 -0.0119843 0.7174805
58.049450 10.9058838 -0.5856017 8.3483076 -0.0187118 -0.7084618 -0.0095237 0.7054368
58.467090 10.7520351 -0.5804633 8.3385553 -0.0159030 -0.7253312 -0.0170636 0.6880047
58.676060 10.6676683 -0.5772791 8.3325548 -0.0152414 -0.7282230 -0.0187192 0.6849150
58.884940 10.5783911 -0.5738986 8.3263178 -0.0124324 -0.7296052 -0.0212167 0.6834263
59.198420 10.4346857 -0.5680758 8.3174419 -0.0066176 -0.7241244 -0.0263602 0.6891336
59.407510 10.3319540 -0.5640538 8.3146124 -0.0052513 -0.7174702 -0.0281072 0.6960021
59.720720 10.1691246 -0.5567897 8.3146601 -0.0016714 -0.7068561 -0.0304617 0.7066991
60.033570 9.9971342 -0.5508726 8.3220215 -0.0010191 -0.6959022 -0.0334060 0.7173585
60.346310 9.8218555 -0.5446485 8.3330555 -0.0022163 -0.6861741 -0.0355193 0.7265663
60.658910 9.6510086 -0.5391954 8.3457174 -0.0031939 -0.6796820 -0.0346807 0.7326796
61.075690 9.4222498 -0.5314034 8.3646088 -0.0024696 -0.6775388 -0.0340669 0.7346935
61.388180 9.2496386 -0.5254329 8.3789167 -0.0018041 -0.6765181 -0.0349443 0.7355942
61.700910 9.0772009 -0.5200436 8.3931341 -0.0011710 -0.6766878 -0.0355390 0.7354109
61.909070 8.9635630 -0.5165945 8.4022093 -0.0002968 -0.6773008 -0.0340897 0.7349159
62.117440 8.8504515 -0.5128211 8.4109573 -0.0016694 -0.6775763 -0.0362031 0.7345590
62.325700 8.7376423 -0.5089849 8.4198790 -0.0021372 -0.6778682 -0.0370375 0.7342467
62.534220 8.6251726 -0.5053179 8.4290428 -0.0009325 -0.6779908 -0.0374323 0.7341161
62.742660 8.5138483 -0.5011942 8.4381533 -0.0013778 -0.6770099 -0.0377959 0.7350014
62.951190 8.4029417 -0.4973696 8.4475307 -0.0011404 -0.6757861 -0.0381090 0.7361110
63.159760 8.2937775 -0.4936711 8.4566669 -0.0007425 -0.6750067 -0.0372215 0.7368717
63.368170 8.1850843 -0.4897377 8.4663239 -0.0001479 -0.6747119 -0.0372515 0.7371405
63.576570 8.0767603 -0.4863037 8.4759769 -0.0003639 -0.6741601 -0.0373822 0.7376385
63.785050 7.9685640 -0.4823087 8.4860468 -0.0010429 -0.6737540 -0.0377026 0.7379925
63.993600 7.8606191 -0.4787223 8.4961643 -0.0006038 -0.6736594 -0.0366552 0.7381321
64.202080 7.7530489 -0.4747328 8.5064182 0.0007311 -0.6734611 -0.0352549 0.7383812
64.410540 7.6456900 -0.4713445 8.5159636 0.0005969 -0.6728068 -0.0354389 0.7389687
64.723370 7.4828506 -0.4665598 8.5319605 -0.0000803 -0.6718733 -0.0354334 0.7398180
65.035920 7.3178711 -0.4606943 8.5484934 -0.0024104 -0.6706635 -0.0356758 0.7408993
65.244430 7.2075338 -0.4568164 8.5597630 -0.0007902 -0.6704063 -0.0321333 0.7412977
65.453010 7.0953898 -0.4538431 8.5706568 0.0003635 -0.6705768 -0.0333925 0.7410881
65.765550 6.9252949 -0.4485319 8.5864716 -0.0017102 -0.6737732 -0.0321863 0.7382349
66.078070 6.7533565 -0.4430970 8.5995598 -0.0019228 -0.6791391 -0.0331918 0.7332563
66.390840 6.5798082 -0.4378938 8.6102047 -0.0002813 -0.6837155 -0.0343439 0.7289400
66.703570 6.4033847 -0.4325328 8.6211796 0.0019009 -0.6851543 -0.0315549 0.7277116
67.017940 6.2273259 -0.4274827 8.6318588 -0.0028655 -0.6860800 -0.0313054 0.7268466
67.328970 6.0507903 -0.4217013 8.6414299 -0.0043451 -0.6867135 -0.0338980 0.7261244
67.641720 5.8773537 -0.4160310 8.6505985 -0.0036364 -0.6871634 -0.0339910 0.7256982
67.954300 5.7052736 -0.4099318 8.6591911 -0.0011462 -0.6877965 -0.0342308 0.7250951
68.266970 5.5321298 -0.4044844 8.6684208 -0.0010521 -0.6880410 -0.0338011 0.7248834
68.579550 5.3590193 -0.4002371 8.6772089 -0.0007166 -0.6877353 -0.0340718 0.7251612
68.892240 5.1856866 -0.3945490 8.6856527 -0.0006652 -0.6876450 -0.0347299 0.7252157
69.204680 5.0122962 -0.3891643 8.6942797 -0.0009957 -0.6876476 -0.0360333 0.7251492
69.517240 4.8408351 -0.3833970 8.7032700 -0.0010192 -0.6879033 -0.0362740 0.7248945
69.829670 4.6711626 -0.3775251 8.7113333 0.0003816 -0.6884634 -0.0386611 0.7242398
70.142350 4.5027032 -0.3726059 8.7189970 0.0069415 -0.6876642 -0.0384608 0.7249762
70.454920 4.3330960 -0.3674030 8.7286367 0.0043892 -0.6852916 -0.0401359 0.7271488
70.767540 4.1635618 -0.3617715 8.7403107 0.0020127 -0.6829475 -0.0402944 0.7293525
71.082350 3.9945269 -0.3556535 8.7522068 0.0042506 -0.6809433 -0.0406205 0.7311963
71.392800 3.8252249 -0.3507093 8.7647381 0.0064383 -0.6799714 -0.0378294 0.7322338
71.705330 3.6552205 -0.3464227 8.7773523 0.0027392 -0.6799470 -0.0372393 0.7323100
72.017800 3.4854596 -0.3413807 8.7893353 -0.0000256 -0.6810100 -0.0370849 0.7313344
72.330290 3.3154044 -0.3356403 8.8005733 0.0000770 -0.6809121 -0.0379820 0.7313796
72.642980 3.1464281 -0.3302760 8.8130989 0.0012815 -0.6805065 -0.0336248 0.7319690
72.955480 2.9752836 -0.3256312 8.8246012 -0.0013616 -0.6813286 -0.0354273 0.7311186
73.267990 2.8046269 -0.3197750 8.8365288 -0.0032323 -0.6841154 -0.0348736 0.7285324
73.580420 2.6340206 -0.3140078 8.8467264 -0.0038706 -0.6877284 -0.0328036 0.7252163
73.892960 2.4630032 -0.3081504 8.8550692 -0.0032652 -0.6901469 -0.0326154 0.7229266
74.205580 2.2894340 -0.3023570 8.8629293 -0.0029714 -0.6917214 -0.0355538 0.7212825
74.518190 2.1186087 -0.2960941 8.8704844 -0.0019414 -0.6923477 -0.0346859 0.7207272
74.726710 2.0043759 -0.2921484 8.8749800 -0.0026705 -0.6930386 -0.0347169 0.7200591
75.039180 1.8335892 -0.2865322 8.8817759 -0.0040896 -0.6947172 -0.0337185 0.7184806
75.247560 1.7215605 -0.2822369 8.8852377 -0.0038234 -0.6959028 -0.0335499 0.7173417
75.456060 1.6112059 -0.2788978 8.8878183 -0.0027586 -0.6974495 -0.0314974 0.7159361
75.664210 1.5016845 -0.2762168 8.8904057 -0.0012011 -0.6994147 -0.0282498 0.7141566
75.872440 1.3919836 -0.2732331 8.8924789 -0.0036604 -0.7010530 -0.0286659 0.7125234
76.080700 1.2825571 -0.2704529 8.8936214 -0.0051569 -0.7020494 -0.0302105 0.7114685
76.289060 1.1743003 -0.2670312 8.8947105 -0.0043046 -0.7021155 -0.0303677 0.7114022
76.497460 1.0666513 -0.2637885 8.8960094 -0.0048617 -0.7020974 -0.0328869 0.7113045
76.810120 0.9075931 -0.2582114 8.8976879 -0.0040465 -0.7024285 -0.0332927 0.7109638
77.018320 0.8040674 -0.2546801 8.8986931 -0.0037101 -0.7037151 -0.0343564 0.7096415
77.226680 0.7031594 -0.2510885 8.8989563 -0.0039669 -0.7050420 -0.0352552 0.7082776
77.539210 0.5554808 -0.2461525 8.8991251 -0.0033892 -0.7076637 -0.0349515 0.7056763
77.747630 0.4585756 -0.2427108 8.8985405 -0.0031388 -0.7090761 -0.0347480 0.7042683
77.955810 0.3639117 -0.2394841 8.8973827 -0.0030589 -0.7102225 -0.0350000 0.7031000
78.164320 0.2728794 -0.2363955 8.8961086 -0.0029283 -0.7111796 -0.0363599 0.7020634
78.372790 0.1846233 -0.2335671 8.8948698 -0.0019419 -0.7106320 -0.0371009 0.7025824
78.581420 0.1001391 -0.2308044 8.8942156 -0.0006528 -0.7088997 -0.0366915 0.7043539
78.789980 0.0172376 -0.2281645 8.8943415 -0.0001420 -0.7070417 -0.0363534 0.7062368
78.998610 -0.0635499 -0.2259385 8.8949299 -0.0002857 -0.7053912 -0.0354218 0.7079325
79.311290 -0.1819992 -0.2222565 8.8958521 -0.0009734 -0.7029549 -0.0347872 0.7103825
79.521320 -0.2587572 -0.2198753 8.8969545 -0.0018521 -0.7021134 -0.0348485 0.7112094
79.728360 -0.3341040 -0.2173020 8.8979769 -0.0018565 -0.7012672 -0.0343935 0.7120660
79.936810 -0.4060327 -0.2152222 8.8986731 -0.0023209 -0.7001469 -0.0347234 0.7131503
80.353800 -0.5425609 -0.2107987 8.9017048 -0.0039859 -0.6967520 -0.0349434 0.7164494
80.562510 -0.6055198 -0.2085663 8.9040403 -0.0047276 -0.6943647 -0.0342103 0.7187942
80.770930 -0.6654196 -0.2066800 8.9066133 -0.0059857 -0.6916785 -0.0343013 0.7213657
81.083960 -0.7489477 -0.2041433 8.9114304 -0.0065900 -0.6853589 -0.0341814 0.7273729
81.396840 -0.8263573 -0.2017986 8.9185696 -0.0056819 -0.6750816 -0.0314378 0.7370511
81.709820 -0.8974813 -0.1997028 8.9277048 -0.0049445 -0.6609221 -0.0289776 0.7498786
82.649060 -1.0708449 -0.1965125 8.9726152 -0.0051038 -0.5911900 -0.0189705 0.8062930
82.962170 -1.1201315 -0.1957278 8.9952126 -0.0091801 -0.5546476 -0.0205745 0.8317803
83.588800 -1.2067797 -0.1955542 9.0536480 -0.0028820 -0.4607255 -0.0145282 0.8874190
83.901950 -1.2472329 -0.1941744 9.0933571 0.0027943 -0.4041418 -0.0111668 0.9146239
84.215120 -1.2847698 -0.1946206 9.1421566 0.0000984 -0.3428338 -0.0087025 0.9393558
84.423690 -1.3081009 -0.1949741 9.1796656 0.0004856 -0.3003985 -0.0073993 0.9537849
84.737260 -1.3404198 -0.1960595 9.2439365 0.0056102 -0.2380985 -0.0076263 0.9711949
85.051210 -1.3693982 -0.1972536 9.3208876 0.0068005 -0.1756419 -0.0116765 0.9843614
85.257700 -1.3846503 -0.1988730 9.3793373 0.0060564 -0.1332268 -0.0121704 0.9909924
85.466110 -1.3962141 -0.2000750 9.4433012 0.0104068 -0.0954049 -0.0126372 0.9953039
85.674100 -1.4046661 -0.2019067 9.5118551 0.0106640 -0.0645373 -0.0101407 0.9978068
85.881970 -1.4100100 -0.2043789 9.5861254 0.0112859 -0.0436817 -0.0060996 0.9989631
86.089690 -1.4143698 -0.2064586 9.6636906 0.0112310 -0.0314436 -0.0036354 0.9994358
86.297530 -1.4186350 -0.2090787 9.7451744 0.0099650 -0.0238728 -0.0011165 0.9996647
86.505090 -1.4220874 -0.2113658 9.8301649 0.0102231 -0.0220245 0.0017657 0.9997036
86.712810 -1.4266037 -0.2141664 9.9183273 0.0093441 -0.0236877 0.0022103 0.9996733
86.920680 -1.4315133 -0.2166174 10.0093985 0.0093879 -0.0267472 0.0030108 0.9995936
87.232860 -1.4395795 -0.2199280 10.1689587 0.0131857 -0.0317978 0.0027871 0.9994035
87.753060 -1.4588120 -0.2299723 10.3883753 0.0082159 -0.0337003 -0.0003843 0.9993981
88.065680 -1.4700806 -0.2346196 10.5370979 0.0075986 -0.0343218 -0.0018522 0.9993802
88.377940 -1.4815617 -0.2388259 10.6839886 0.0064424 -0.0364188 -0.0013538 0.9993149
88.690450 -1.4941909 -0.2434053 10.8299103 0.0034760 -0.0389198 0.0001883 0.9992363
89.003140 -1.5073681 -0.2474117 10.9712296 0.0032390 -0.0422835 0.0009385 0.9991000
89.315720 -1.5206449 -0.2505373 11.1185503 0.0054173 -0.0443027 0.0014958 0.9990023
89.628430 -1.5353584 -0.2543160 11.2581749 0.0037946 -0.0438694 -0.0009499 0.9990296
89.941180 -1.5481687 -0.2580955 11.3906307 0.0040503 -0.0434005 -0.0012059 0.9990488
90.253860 -1.5605716 -0.2613770 11.5125475 0.0049242 -0.0450213 -0.0020914 0.9989717
90.566320 -1.5724585 -0.2647044 11.6244144 0.0030486 -0.0490512 -0.0020673 0.9987895
90.879050 -1.5848224 -0.2670816 11.7253742 0.0045195 -0.0532966 -0.0020226 0.9985664
91.296000 -1.5983129 -0.2710397 11.8433037 0.0043359 -0.0525241 -0.0029268 0.9986060
91.609100 -1.6056318 -0.2732621 11.9230566 0.0052378 -0.0384783 -0.0042045 0.9992369
91.922450 -1.6069245 -0.2758868 12.0012054 0.0057923 -0.0115318 -0.0041919 0.9999080
92.235900 -1.6027255 -0.2790595 12.0765772 0.0116302 0.0278130 -0.0057800 0.9995288
92.549480 -1.5886033 -0.2819270 12.1484499 0.0124510 0.0801276 -0.0013144 0.9967059
92.862950 -1.5670984 -0.2853255 12.2149010 0.0113434 0.1393672 0.0097963 0.9901273
93.072030 -1.5488694 -0.2875948 12.2561150 0.0106468 0.1814928 0.0118233 0.9832636
93.280830 -1.5281687 -0.2894126 12.2963963 0.0137754 0.2264508 0.0076223 0.9738954
93.489710 -1.5017042 -0.2908697 12.3341923 0.0194141 0.2720900 0.0095263 0.9620288
93.698450 -1.4707398 -0.2923972 12.3705368 0.0234881 0.3181024 0.0117784 0.9476922
93.907230 -1.4379454 -0.2942369 12.4072475 0.0190515 0.3667891 -0.0008413 0.9301086
94.115820 -1.3995476 -0.2971102 12.4390564 0.0178363 0.4126397 -0.0013294 0.9107187
94.324500 -1.3555593 -0.2987255 12.4660196 0.0244391 0.4594720 0.0030577 0.8878507
94.533080 -1.3078527 -0.3008372 12.4924746 0.0214692 0.5061356 -0.0053784 0.8621699
94.741610 -1.2544119 -0.3043358 12.5153856 0.0144299 0.5492330 -0.0077654 0.8355086
94.949970 -1.1965873 -0.3071353 12.5326443 0.0167479 0.5857592 -0.0053667 0.8102943
95.158090 -1.1343184 -0.3096079 12.5469065 0.0201695 0.6148056 -0.0048017 0.7884061
95.365960 -1.0669643 -0.3123640 12.5591965 0.0179340 0.6369696 -0.0023952 0.7706766
95.573810 -0.9944930 -0.3150054 12.5697107 0.0148465 0.6571261 -0.0027715 0.7536294
95.781890 -0.9186366 -0.3179421 12.5761805 0.0160104 0.6738282 -0.0043355 0.7387018
95.989690 -0.8376458 -0.3205377 12.5797997 0.0176669 0.6875514 -0.0011798 0.7259198
96.197610 -0.7517089 -0.3234930 12.5828972 0.0134670 0.6985456 -0.0000091 0.7154388
96.405440 -0.6626188 -0.3260545 12.5830088 0.0166739 0.7046773 0.0021762 0.7093287
96.613110 -0.5688863 -0.3285380 12.5827808 0.0186055 0.7074239 0.0044186 0.7065307
96.820940 -0.4719282 -0.3315582 12.5831499 0.0164171 0.7088749 0.0046736 0.7051277
97.132730 -0.3208927 -0.3352643 12.5828409 0.0161855 0.7099249 0.0070190 0.7040564
97.444500 -0.1685193 -0.3397763 12.5833807 0.0164847 0.7068822 0.0087363 0.7070852
97.756480 -0.0160771 -0.3437185 12.5849695 0.0165822 0.7031562 0.0094910 0.7107787
98.068570 0.1378296 -0.3479896 12.5894356 0.0179079 0.7003053 0.0066563 0.7135878
98.380720 0.2951830 -0.3523543 12.5954447 0.0125121 0.6983036 0.0053471 0.7156724
98.693070 0.4517240 -0.3569292 12.6013346 0.0123184 0.6970050 0.0021995 0.7169571
99.005460 0.6091026 -0.3619286 12.6071177 0.0108075 0.6970312 0.0032356 0.7169520
99.317990 0.7654719 -0.3663100 12.6126404 0.0108251 0.6973355 0.0033348 0.7166553
99.630630 0.9197811 -0.3705454 12.6183653 0.0078037 0.6992876 0.0007218 0.7147975
99.943090 1.0737836 -0.3747515 12.6233721 0.0035587 0.7016918 0.0009624 0.7124711
100.255600 1.2241870 -0.3780936 12.6260281 0.0033531 0.7027532 0.0017070 0.7114238
100.568000 1.3725443 -0.3816903 12.6285915 0.0070021 0.7027027 -0.0000337 0.7114491
100.880700 1.5207264 -0.3855393 12.6321392 0.0052769 0.7040262 -0.0010703 0.7101536
101.193100 1.6664391 -0.3893652 12.6339006 0.0024380 0.7057102 -0.0000524 0.7084963
101.505600 1.8103801 -0.3927852 12.6356144 0.0048352 0.7060927 -0.0005411 0.7081026
101.714000 1.9056544 -0.3951118 12.6368227 0.0029909 0.7056064 0.0002522 0.7085976
101.922300 1.9994755 -0.3973286 12.6382561 0.0003846 0.7051289 -0.0000627 0.7090790
102.130600 2.0929227 -0.3995458 12.6392527 0.0019923 0.7050419 -0.0002220 0.7091628
102.339000 2.1849470 -0.4012591 12.6409140 0.0024523 0.7054683 -0.0020928 0.7087342
102.651500 2.3225532 -0.4054562 12.6427050 0.0042211 0.7057748 -0.0036590 0.7084142
102.859900 2.4112034 -0.4081476 12.6430082 0.0141878 0.7049347 -0.0070449 0.7090954
103.172400 2.5452640 -0.4136811 12.6455812 0.0074904 0.7034957 -0.0022033 0.7106566
103.484800 2.6765354 -0.4176241 12.6486340 0.0046252 0.7020193 -0.0025769 0.7121382
103.797500 2.8061235 -0.4215553 12.6523438 0.0026650 0.7027996 -0.0062518 0.7113555
104.006000 2.8910859 -0.4240986 12.6537600 0.0014686 0.7038420 -0.0067974 0.7103224
104.318500 3.0153308 -0.4275603 12.6551933 0.0018378 0.7050750 -0.0046362 0.7091153
104.526700 3.0961132 -0.4300991 12.6565046 0.0009119 0.7044097 -0.0055754 0.7097712
104.735000 3.1757755 -0.4322025 12.6583595 0.0020083 0.7038832 -0.0081676 0.7102659
105.047500 3.2945182 -0.4361438 12.6609039 0.0026580 0.7036588 -0.0083571 0.7104840
105.360200 3.4111791 -0.4399928 12.6630592 0.0011992 0.7039092 -0.0069483 0.7102550
105.672800 3.5263002 -0.4434257 12.6642017 0.0003078 0.7068810 -0.0071510 0.7072962
105.985600 3.6400826 -0.4473425 12.6633463 0.0031722 0.7106554 -0.0074183 0.7034940
106.298500 3.7574089 -0.4510495 12.6603651 0.0030736 0.7167228 -0.0103800 0.6972741
106.611300 3.8808224 -0.4545310 12.6554041 0.0047360 0.7227668 -0.0090032 0.6910172
106.924000 4.0099330 -0.4585623 12.6490879 0.0017693 0.7287025 -0.0075938 0.6847860
107.236600 4.1445456 -0.4621984 12.6387691 0.0059157 0.7342281 -0.0082098 0.6788275
107.549200 4.2864175 -0.4662825 12.6258984 0.0072661 0.7384484 -0.0045527 0.6742554
107.861600 4.4356842 -0.4697387 12.6118908 0.0072283 0.7406448 0.0004788 0.6718578
108.174000 4.5912523 -0.4736143 12.5975695 0.0110112 0.7406442 0.0010425 0.6718064
108.486300 4.7549438 -0.4775822 12.5816488 0.0160361 0.7383542 0.0055445 0.6741996
108.798500 4.9253116 -0.4815914 12.5685349 0.0168303 0.7337566 0.0094908 0.6791376
109.110700 5.1015224 -0.4853775 12.5573492 0.0181273 0.7286961 0.0085047 0.6845444
109.423000 5.2832990 -0.4899765 12.5490150 0.0182260 0.7242422 0.0068368 0.6892709
109.735500 5.4656734 -0.4968573 12.5423889 0.0209448 0.7227102 0.0048569 0.6908167
110.047800 5.6492095 -0.5028203 12.5346498 0.0183512 0.7214532 0.0116166 0.6921225
110.361100 5.8320689 -0.5074643 12.5283556 0.0191442 0.7206271 0.0101351 0.6929844
110.672600 6.0152807 -0.5134080 12.5226250 0.0189564 0.7195582 0.0102237 0.6940980
110.985200 6.1973376 -0.5191356 12.5183182 0.0204341 0.7174744 0.0070692 0.6962492
111.297500 6.3790278 -0.5250355 12.5153265 0.0166380 0.7146158 0.0103038 0.6992433
111.609900 6.5579500 -0.5299541 12.5140743 0.0144140 0.7125852 0.0078498 0.7013936
112.026400 6.7924891 -0.5370573 12.5130033 0.0104339 0.7119638 0.0029697 0.7021323
112.338800 6.9670067 -0.5427383 12.5124340 0.0142435 0.7121426 0.0003237 0.7018902
112.651700 7.1375842 -0.5485726 12.5104933 0.0089952 0.7134386 0.0020805 0.7006569
112.964100 7.3059654 -0.5536414 12.5080929 0.0064472 0.7167886 0.0000578 0.6972606
113.276200 7.4734678 -0.5582557 12.5034790 0.0050985 0.7211111 -0.0012518 0.6927996
113.588800 7.6391387 -0.5631015 12.4965677 0.0063457 0.7262920 -0.0024999 0.6873525
113.901400 7.8050342 -0.5677704 12.4856606 0.0040088 0.7347879 -0.0008827 0.6782845
114.213900 7.9684000 -0.5712728 12.4702940 0.0024552 0.7442151 -0.0002038 0.6679356
114.526500 8.1305399 -0.5746449 12.4509068 0.0047037 0.7537274 0.0008074 0.6571698
114.839100 8.2924767 -0.5778069 12.4250975 0.0070794 0.7641308 0.0035015 0.6450130
115.151800 8.4535789 -0.5813221 12.3944454 0.0124458 0.7722524 0.0068049 0.6351574
115.463800 8.6137323 -0.5848004 12.3608036 0.0188532 0.7744462 0.0106138 0.6322697
115.775900 8.7738056 -0.5888119 12.3293056 0.0244058 0.7707639 0.0147336 0.6364828
116.087800 8.9344492 -0.5923848 12.3002081 0.0248290 0.7646924 0.0223788 0.6435280
116.295900 9.0403118 -0.5941886 12.2826262 0.0290225 0.7609388 0.0200058 0.6478654
116.608000 9.1991920 -0.5991810 12.2599669 0.0281017 0.7548583 0.0188929 0.6550133
116.920200 9.3564634 -0.6032586 12.2416134 0.0273913 0.7487161 0.0206481 0.6620027
117.232900 9.5109148 -0.6079119 12.2241020 0.0296030 0.7466826 0.0182317 0.6642713
117.441200 9.6106186 -0.6105977 12.2130260 0.0271476 0.7461841 0.0227396 0.6647971
117.649600 9.7057762 -0.6130701 12.2028999 0.0249123 0.7458735 0.0249941 0.6651522
117.858100 9.7992554 -0.6149094 12.1925869 0.0291293 0.7454949 0.0221894 0.6655046
118.170700 9.9373207 -0.6182775 12.1778631 0.0292186 0.7459596 0.0200989 0.6650463
118.483500 10.0745373 -0.6210987 12.1616383 0.0269431 0.7472708 0.0261847 0.6634566
118.692000 10.1645279 -0.6232454 12.1505365 0.0284454 0.7482198 0.0279921 0.6622495
118.900700 10.2528286 -0.6248334 12.1401920 0.0335202 0.7479866 0.0236807 0.6624437
119.109400 10.3411942 -0.6270405 12.1299524 0.0338918 0.7462001 0.0245479 0.6644051
119.421900 10.4716005 -0.6299808 12.1172686 0.0297414 0.7418793 0.0257457 0.6693786
119.629500 10.5570698 -0.6321127 12.1094074 0.0306750 0.7394739 0.0243411 0.6720453
119.837900 10.6411276 -0.6345631 12.1026926 0.0310284 0.7376740 0.0240441 0.6740149
120.046300 10.7247391 -0.6365324 12.0960445 0.0277373 0.7363485 0.0271841 0.6754869
120.254600 10.8066683 -0.6381232 12.0893841 0.0279899 0.7356597 0.0249619 0.6763123
120.463100 10.8856401 -0.6397337 12.0839500 0.0276981 0.7357942 0.0198722 0.6763467
120.671400 10.9624109 -0.6419662 12.0782614 0.0243126 0.7360110 0.0201887 0.6762315
120.879900 11.0351591 -0.6438385 12.0726929 0.0217643 0.7362899 0.0228129 0.6759313
121.088200 11.1017780 -0.6456107 12.0675173 0.0213100 0.7363792 0.0204052 0.6759254
121.400800 11.1918840 -0.6476377 12.0603504 0.0243766 0.7355964 0.0179983 0.6767421
121.713700 11.2700748 -0.6502746 12.0550175 0.0233257 0.7354264 0.0157971 0.6770188
121.922200 11.3195887 -0.6517730 12.0507040 0.0250507 0.7372589 0.0138576 0.6750035
122.238500 11.3917704 -0.6544834 12.0439444 0.0254685 0.7421728 0.0132044 0.6695943
122.548000 11.4571257 -0.6567476 12.0356455 0.0260547 0.7473361 0.0154948 0.6637543
122.860900 11.5121517 -0.6587847 12.0283661 0.0260557 0.7514749 0.0149666 0.6590771
123.173800 11.5638008 -0.6605403 12.0204639 0.0280413 0.7554024 0.0155519 0.6544762
123.486500 11.6135387 -0.6619391 12.0119467 0.0277289 0.7607797 0.0165215 0.6482071
123.799400 11.6621771 -0.6634822 12.0033960 0.0270296 0.7676048 0.0151772 0.6401734
124.112400 11.7111034 -0.6649740 11.9925137 0.0280342 0.7783475 0.0127049 0.6270788
124.738300 11.8144341 -0.6672804 11.9614677 0.0258672 0.8090037 0.0085774 0.5871715
124.947000 11.8511343 -0.6686882 11.9469166 0.0261951 0.8217851 0.0070393 0.5691516
125.260000 11.9098444 -0.6704252 11.9201498 0.0216706 0.8441042 0.0032328 0.5357313
125.573000 11.9707623 -0.6721825 11.8839149 0.0205902 0.8683827 0.0047560 0.4954441
125.886700 12.0326853 -0.6735156 11.8380804 0.0188543 0.8930743 0.0061775 0.4494715
126.198900 12.0936584 -0.6743258 11.7820053 0.0177934 0.9167596 0.0081962 0.3989587
126.303100 12.1127186 -0.6745721 11.7607384 0.0167483 0.9240983 0.0084988 0.3816931
126.616000 12.1680326 -0.6750134 11.6910210 0.0155298 0.9444394 0.0084352 0.3282100
126.928800 12.2206497 -0.6752858 11.6088486 0.0161321 0.9608906 0.0081566 0.2763376
127.137100 12.2528687 -0.6756622 11.5482502 0.0154370 0.9701707 0.0085259 0.2417807
127.345600 12.2819948 -0.6754257 11.4825878 0.0138288 0.9784713 0.0115518 0.2055946
127.554100 12.3056736 -0.6747589 11.4119196 0.0155309 0.9855277 0.0170853 0.1679346
127.762600 12.3262749 -0.6738177 11.3370876 0.0129574 0.9914705 0.0177070 0.1284715
127.971300 12.3393192 -0.6717163 11.2595081 0.0181204 0.9956995 0.0171939 0.0892103
128.179700 12.3473797 -0.6707924 11.1799812 0.0192227 0.9985071 0.0138025 0.0492304
128.492100 12.3484831 -0.6690135 11.0546236 0.0231207 0.9996918 0.0090320 0.0001439
128.700300 12.3438082 -0.6685758 10.9678240 0.0237831 0.9992684 0.0117914 -0.0275322
128.908300 12.3355455 -0.6673777 10.8796329 0.0232042 0.9983850 0.0131805 -0.0501528
129.116400 12.3232098 -0.6655169 10.7885103 0.0216657 0.9972072 0.0158018 -0.0697045
129.324500 12.3073978 -0.6632768 10.6971436 0.0199124 0.9955384 0.0210180 -0.0898054
129.532700 12.2876940 -0.6603200 10.6035061 0.0160808 0.9936038 0.0247893 -0.1089886
129.740800 12.2643299 -0.6566859 10.5096064 0.0149729 0.9918392 0.0208803 -0.1248790
130.052900 12.2243786 -0.6521552 10.3644199 0.0135436 0.9896312 0.0157855 -0.1421180
130.365000 12.1772079 -0.6486880 10.2158861 0.0198687 0.9881803 0.0161590 -0.1511418
130.677700 12.1296272 -0.6453220 10.0652246 0.0206558 0.9873760 0.0151268 -0.1563109
130.989400 12.0796709 -0.6423758 9.9130135 0.0246517 0.9875037 0.0148091 -0.1549498
131.302500 12.0321150 -0.6387689 9.7606916 0.0285599 0.9885036 0.0156192 -0.1476516
131.613500 11.9886675 -0.6356189 9.6082001 0.0287388 0.9898613 0.0163300 -0.1381376
131.925800 11.9486866 -0.6322558 9.4575100 0.0289426 0.9911198 0.0165055 -0.1287299
132.238000 11.9130678 -0.6293634 9.3133059 0.0284955 0.9919934 0.0185465 -0.1216267
132.550700 11.8807487 -0.6269603 9.1788254 0.0268400 0.9922666 0.0184786 -0.1197712
132.865500 11.8507185 -0.6241360 9.0537968 0.0263999 0.9921320 0.0185069 -0.1209736
133.178000 11.8201599 -0.6215745 8.9381485 0.0262671 0.9915506 0.0181973 -0.1257228
133.593500 11.7802515 -0.6180227 8.7941523 0.0244950 0.9895023 0.0175891 -0.1413357
133.906600 11.7456951 -0.6159527 8.6927805 0.0240749 0.9855656 0.0180166 -0.1666022
134.220100 11.7058792 -0.6139334 8.6015663 0.0230168 0.9780799 0.0176260 -0.2062023
134.533600 11.6584282 -0.6119850 8.5191917 0.0205435 0.9639267 0.0154177 -0.2649257
134.847300 11.5996761 -0.6095676 8.4480858 0.0210886 0.9428704 0.0123456 -0.3322623
135.160700 11.5321102 -0.6079236 8.3873024 0.0178795 0.9137596 0.0161102 -0.4055417
135.473900 11.4557896 -0.6056536 8.3396301 0.0180249 0.8789595 0.0169191 -0.4762551
135.787000 11.3708239 -0.6026979 8.3017712 -0.0135625 -0.8387035 -0.0218471 0.5439810
135.995500 11.3099680 -0.6013102 8.2844925 -0.0131138 -0.8102722 -0.0219201 0.5854967
136.308100 11.2147312 -0.5980295 8.2662535 -0.0126937 -0.7701201 -0.0250040 0.6372823
136.620200 11.1090527 -0.5932314 8.2567043 -0.0144843 -0.7391225 -0.0276674 0.6728467
136.932000 10.9970570 -0.5885053 8.2528610 -0.0084279 -0.7172799 -0.0263114 0.6962373
137.243700 10.8751402 -0.5834800 8.2532349 -0.0064525 -0.7026368 -0.0281129 0.7109638
137.451700 10.7884865 -0.5801505 8.2566013 -0.0062589 -0.6938103 -0.0296145 0.7195213
137.659600 10.6981812 -0.5768614 8.2616730 -0.0063866 -0.6870985 -0.0285834 0.7259737
138.075500 10.5069990 -0.5696354 8.2734137 -0.0054062 -0.6846191 -0.0283989 0.7283275
144.638200 6.8525991 -0.4464571 8.5956440 -0.0018521 -0.6778869 -0.0316241 0.7344834
147.555000 5.0924911 -0.3915793 8.6898508 -0.0001715 -0.6874741 -0.0344530 0.7253911
150.783500 3.1409097 -0.3311254 8.8326225 -0.0025555 -0.6820135 -0.0278134 0.7308061
152.657600 1.9511877 -0.2911381 8.8880920 -0.0057206 -0.6976818 -0.0326485 0.7156405
153.490800 1.4350169 -0.2748429 8.8983002 -0.0033362 -0.7012863 -0.0268611 0.7123657
157.033800 -0.3081114 -0.2193513 8.9182053 -0.0045455 -0.6708732 -0.0322892 0.7408549
157.658800 -0.5272682 -0.2129493 8.9454947 -0.0134627 -0.6629153 -0.0245968 0.7481691
158.075300 -0.6583887 -0.2085616 8.9606476 -0.0181724 -0.6690526 -0.0221394 0.7426629
158.491900 -0.7714460 -0.2049057 8.9705400 -0.0206377 -0.6759407 -0.0209945 0.7363678
159.846600 -0.9989434 -0.1983299 8.9818363 -0.0127474 -0.6907938 -0.0178634 0.7227187
160.263700 -1.0429704 -0.1973234 8.9829531 -0.0114749 -0.6935634 -0.0157609 0.7201318
161.201800 -1.1400297 -0.1947438 8.9837265 -0.0116210 -0.7007024 -0.0170332 0.7131556
161.618700 -1.1919516 -0.1940902 8.9830389 -0.0052525 -0.7055506 -0.0160658 0.7084579
162.035400 -1.2598252 -0.1926858 8.9817762 -0.0025442 -0.7103611 -0.0142702 0.7036881
162.452400 -1.3476026 -0.1910046 8.9798059 0.0021742 -0.7101545 -0.0177246 0.7038193
162.869300 -1.4557599 -0.1875787 8.9787693 -0.0033201 -0.7084399 -0.0251807 0.7053140
163.286300 -1.5805235 -0.1836866 8.9793139 -0.0116398 -0.7083496 -0.0183860 0.7055262
163.703000 -1.7223668 -0.1779740 8.9785862 -0.0178030 -0.7113789 -0.0151314 0.7024202
164.119900 -1.8798118 -0.1739699 8.9741850 -0.0048032 -0.7141188 -0.0085577 0.6999557
164.536900 -2.0583007 -0.1702748 8.9704580 -0.0097365 -0.7154065 -0.0128855 0.6985218
164.849700 -2.2005868 -0.1669256 8.9669771 -0.0065363 -0.7165192 -0.0120574 0.6974326
165.162300 -2.3466699 -0.1646034 8.9624166 -0.0095453 -0.7169157 -0.0156266 0.6969193
165.475000 -2.4984491 -0.1609364 8.9581375 -0.0091630 -0.7164207 -0.0164793 0.6974137
165.787800 -2.6564083 -0.1577399 8.9548798 -0.0085114 -0.7146161 -0.0169382 0.6992599
166.100600 -2.8196735 -0.1539668 8.9530983 -0.0096300 -0.7130231 -0.0174433 0.7008573
166.413200 -2.9851859 -0.1500179 8.9512062 -0.0099282 -0.7126286 -0.0156260 0.7012972
166.725700 -3.1521556 -0.1467738 8.9486771 -0.0101969 -0.7134985 -0.0172152 0.7003710
167.038400 -3.3215370 -0.1434970 8.9466791 -0.0080922 -0.7148844 -0.0176676 0.6989726
167.246600 -3.4348187 -0.1409214 8.9439392 -0.0089217 -0.7151856 -0.0195551 0.6986040
167.455000 -3.5490863 -0.1376122 8.9423637 -0.0104569 -0.7151947 -0.0189897 0.6985890
167.663200 -3.6627841 -0.1348396 8.9395723 -0.0117952 -0.7151569 -0.0189902 0.6986064
167.871500 -3.7766643 -0.1313119 8.9366045 -0.0091283 -0.7152385 -0.0197314 0.6985422
168.079800 -3.8904803 -0.1291252 8.9336452 -0.0058158 -0.7154339 -0.0200623 0.6983681
168.288000 -4.0055594 -0.1261449 8.9301147 -0.0090143 -0.7155041 -0.0252119 0.6980953
168.496400 -4.1200800 -0.1223806 8.9270401 -0.0104913 -0.7155316 -0.0281536 0.6979340
168.704700 -4.2332191 -0.1185499 8.9239988 -0.0047801 -0.7157010 -0.0239512 0.6979796
168.913000 -4.3466825 -0.1155945 8.9204273 -0.0039900 -0.7150744 -0.0218537 0.6986953
169.121700 -4.4609814 -0.1132218 8.9182215 -0.0065659 -0.7148884 -0.0213040 0.6988831
169.225900 -4.5177860 -0.1119578 8.9167767 -0.0069867 -0.7148490 -0.0206448 0.6989391
169.329900 -4.5743127 -0.1108150 8.9152479 -0.0072414 -0.7148460 -0.0200251 0.6989576
169.538100 -4.6883035 -0.1087119 8.9123020 -0.0068567 -0.7152548 -0.0184064 0.6985877
169.642300 -4.7453613 -0.1072823 8.9107714 -0.0083309 -0.7154291 -0.0184030 0.6983932
169.850700 -4.8607697 -0.1042674 8.9075136 -0.0113875 -0.7156941 -0.0206906 0.6980144
169.954800 -4.9182553 -0.1029443 8.9061899 -0.0106127 -0.7160256 -0.0193559 0.6977249
170.163200 -5.0326757 -0.1000349 8.9020844 -0.0061919 -0.7163798 -0.0181279 0.6974475
170.371500 -5.1485996 -0.0969646 8.8984795 -0.0079172 -0.7165967 -0.0205633 0.6971396
170.580000 -5.2641544 -0.0947702 8.8952551 -0.0090516 -0.7172722 -0.0215020 0.6964024
170.788300 -5.3797579 -0.0914693 8.8909864 -0.0059359 -0.7181222 -0.0218746 0.6955478
170.996500 -5.4959631 -0.0890596 8.8864822 -0.0044893 -0.7193718 -0.0232037 0.6942230
171.204900 -5.6118693 -0.0863252 8.8814869 -0.0039716 -0.7215680 -0.0216898 0.6919923
171.413200 -5.7277293 -0.0840710 8.8762169 -0.0043872 -0.7232337 -0.0179055 0.6903573
171.621400 -5.8436847 -0.0822611 8.8700237 -0.0024808 -0.7249051 -0.0161473 0.6886550
171.933900 -6.0192604 -0.0796688 8.8595142 -0.0061526 -0.7269176 -0.0215268 0.6863596
172.247200 -6.1934013 -0.0758915 8.8484793 -0.0044398 -0.7294256 -0.0176364 0.6838183
172.558700 -6.3685660 -0.0733074 8.8356991 -0.0046386 -0.7320273 -0.0174230 0.6810367
172.766900 -6.4861159 -0.0714246 8.8267002 -0.0046920 -0.7335867 -0.0191536 0.6793097
173.079300 -6.6618743 -0.0682782 8.8113756 -0.0051519 -0.7360553 -0.0178292 0.6766670
173.391600 -6.8361712 -0.0652176 8.7952843 -0.0054477 -0.7382650 -0.0161677 0.6742949
173.704000 -7.0099182 -0.0629002 8.7792482 -0.0068708 -0.7402505 -0.0139029 0.6721523
174.016400 -7.1838913 -0.0602388 8.7618322 -0.0087287 -0.7418944 -0.0143944 0.6703054
174.329000 -7.3573585 -0.0572550 8.7433815 -0.0079746 -0.7431468 -0.0130889 0.6689528
174.641400 -7.5325255 -0.0548643 8.7252169 -0.0100119 -0.7440507 -0.0119724 0.6679409
174.953800 -7.7071962 -0.0521434 8.7060089 -0.0106102 -0.7439533 -0.0103101 0.6680679
175.266300 -7.8821883 -0.0499674 8.6867046 -0.0072669 -0.7435796 -0.0114462 0.6685099
175.578600 -8.0586939 -0.0475197 8.6674814 -0.0092594 -0.7437699 -0.0142677 0.6682193
175.891100 -8.2361813 -0.0449136 8.6483955 -0.0075373 -0.7446309 -0.0134727 0.6672978
176.203400 -8.4129076 -0.0415751 8.6272926 -0.0059954 -0.7445579 -0.0145136 0.6673732
176.515700 -8.5919256 -0.0383134 8.6075649 -0.0071595 -0.7443278 -0.0138257 0.6676329
176.723900 -8.7107592 -0.0369986 8.5942450 -0.0076819 -0.7443726 -0.0132811 0.6675882
177.036200 -8.8896456 -0.0349637 8.5746775 -0.0065356 -0.7444371 -0.0133773 0.6675266
177.244500 -9.0081644 -0.0334124 8.5614557 -0.0081486 -0.7444090 -0.0128839 0.6675499
177.556900 -9.1861019 -0.0312864 8.5425453 -0.0107227 -0.7449527 -0.0110937 0.6669388
177.869000 -9.3636370 -0.0289913 8.5220470 -0.0102420 -0.7448789 -0.0112756 0.6670257
178.077300 -9.4820948 -0.0265656 8.5087242 -0.0139763 -0.7448903 -0.0138931 0.6668959
178.285500 -9.5980606 -0.0250751 8.4956980 -0.0091898 -0.7447746 -0.0087268 0.6671958
178.493800 -9.7129898 -0.0241947 8.4827185 -0.0072114 -0.7444484 -0.0070056 0.6676043
178.702100 -9.8282070 -0.0228308 8.4697094 -0.0136825 -0.7439021 -0.0119117 0.6680423
179.014500 -9.9997063 -0.0198769 8.4515486 -0.0116013 -0.7439898 -0.0082113 0.6680399
179.222700 -10.1112309 -0.0192829 8.4399099 -0.0111741 -0.7446901 -0.0025638 0.6673120
179.430800 -10.2238159 -0.0176956 8.4285164 -0.0244973 -0.7449806 -0.0103389 0.6665559
179.638900 -10.3335190 -0.0147479 8.4157887 -0.0215272 -0.7448484 -0.0119656 0.6667790
179.847200 -10.4396076 -0.0133534 8.4029531 -0.0115903 -0.7449746 -0.0055901 0.6669688
180.159600 -10.5986471 -0.0118406 8.3848209 -0.0146658 -0.7452569 -0.0125024 0.6664988
180.367800 -10.7028570 -0.0095548 8.3727045 -0.0168191 -0.7451984 -0.0155552 0.6664492
180.576000 -10.8048563 -0.0071133 8.3611784 -0.0162288 -0.7456571 -0.0137731 0.6659898
180.784300 -10.9042244 -0.0055833 8.3498926 -0.0140472 -0.7454464 -0.0101908 0.6663396
180.992700 -11.0033312 -0.0040160 8.3388157 -0.0151387 -0.7447159 -0.0100970 0.6671335
181.201300 -11.1007681 -0.0023731 8.3277817 -0.0113851 -0.7435594 -0.0092194 0.6685094
181.409200 -11.1965475 -0.0012202 8.3174191 -0.0100156 -0.7425494 -0.0100811 0.6696405
181.617500 -11.2924786 -0.0003458 8.3079586 -0.0115667 -0.7422042 -0.0113937 0.6699770
181.929700 -11.4322863 0.0010848 8.2926216 -0.0083249 -0.7440480 -0.0121350 0.6679641
182.137800 -11.5253601 0.0017970 8.2822227 -0.0089524 -0.7457499 -0.0141619 0.6660153
182.450100 -11.6622066 0.0038698 8.2657967 -0.0120361 -0.7501087 -0.0121581 0.6610932
182.658200 -11.7517662 0.0054268 8.2538576 -0.0108144 -0.7538080 -0.0075977 0.6569619
182.970500 -11.8853807 0.0071316 8.2328529 -0.0146414 -0.7603077 -0.0122327 0.6492828
183.283100 -12.0149727 0.0091071 8.2095652 -0.0105880 -0.7655044 -0.0100346 0.6432652
183.491500 -12.1007004 0.0100556 8.1933594 -0.0074356 -0.7666487 -0.0152450 0.6418428
183.700300 -12.1848774 0.0110782 8.1774855 -0.0053138 -0.7663267 -0.0193063 0.6421389
183.908700 -12.2691526 0.0130696 8.1620302 -0.0052998 -0.7653964 -0.0214102 0.6431811
184.117400 -12.3509769 0.0148014 8.1471834 -0.0016155 -0.7636974 -0.0241052 0.6451222
184.326100 -12.4300261 0.0163775 8.1340961 0.0025504 -0.7589708 -0.0263900 0.6505847
184.534700 -12.5064735 0.0173235 8.1229458 0.0046887 -0.7504847 -0.0298227 0.6601980
184.743300 -12.5809059 0.0186610 8.1149120 0.0044203 -0.7420363 -0.0291242 0.6697121
184.951900 -12.6533213 0.0198643 8.1089630 0.0040120 -0.7335104 -0.0297826 0.6790136
185.160400 -12.7237835 0.0204710 8.1056156 0.0039814 -0.7242583 -0.0315317 0.6887959
185.473400 -12.8240690 0.0218003 8.1033554 0.0033853 -0.7089064 -0.0307775 0.7046226
185.786200 -12.9202204 0.0235540 8.1062737 0.0021539 -0.6930395 -0.0282227 0.7203437
185.994600 -12.9810286 0.0241024 8.1103363 0.0030724 -0.6824636 -0.0253749 0.7304725
186.307200 -13.0670443 0.0249519 8.1193180 0.0019028 -0.6669398 -0.0241275 0.7447184
186.515700 -13.1216745 0.0254132 8.1268902 -0.0001095 -0.6572544 -0.0237909 0.7532932
186.723900 -13.1735888 0.0259642 8.1349192 -0.0005437 -0.6498909 -0.0231009 0.7596762
186.932200 -13.2232141 0.0263892 8.1436186 -0.0027175 -0.6468132 -0.0205189 0.7623675
187.140300 -13.2711878 0.0268687 8.1513786 -0.0049189 -0.6471455 -0.0198060 0.7620934
187.452300 -13.3383608 0.0278440 8.1608028 -0.0063195 -0.6539308 -0.0189060 0.7562917
187.764200 -13.3992577 0.0281549 8.1665735 -0.0088414 -0.6709061 -0.0172508 0.7412890
188.076000 -13.4546928 0.0290237 8.1675072 -0.0106338 -0.6951002 -0.0169372 0.7186346
188.387800 -13.5048819 0.0300787 8.1628418 -0.0120839 -0.7275957 -0.0176071 0.6856737
188.699700 -13.5507021 0.0306175 8.1521034 -0.0064404 -0.7643407 -0.0183862 0.6445182
189.011700 -13.5926561 0.0317678 8.1370411 -0.0053767 -0.7986513 -0.0171545 0.6015255
189.636500 -13.6671762 0.0330032 8.0948591 0.0037715 -0.8569180 -0.0261420 0.5147756
189.948900 -13.7011862 0.0338689 8.0695820 -0.0036013 0.8801299 0.0266377 -0.4739712
190.261700 -13.7335730 0.0357693 8.0408850 -0.0082721 0.8973696 0.0317515 -0.4400581
190.574800 -13.7656231 0.0367455 8.0107079 -0.0077065 0.9100938 0.0275876 -0.4134110
190.887500 -13.7971163 0.0376386 7.9790573 -0.0048516 0.9206837 0.0217774 -0.3896712
191.200200 -13.8281574 0.0393943 7.9440780 -0.0035688 0.9311430 0.0162618 -0.3642739
191.512700 -13.8582878 0.0400548 7.9045124 0.0015612 0.9436476 0.0205750 -0.3303082
191.825000 -13.8860531 0.0410676 7.8595238 0.0038370 0.9564406 0.0216162 -0.2911001
192.137900 -13.9117365 0.0426268 7.8088140 0.0069350 0.9690465 0.0200451 -0.2459652
192.449700 -13.9336958 0.0451841 7.7501040 0.0032833 0.9802815 0.0166786 -0.1968737
192.762500 -13.9551640 0.0469858 7.6806359 0.0090493 0.9883622 0.0177379 -0.1508100
192.970700 -13.9672575 0.0484375 7.6281791 0.0059275 0.9914002 0.0188681 -0.1293622
193.179500 -13.9804964 0.0503420 7.5705762 0.0059719 0.9927964 0.0198894 -0.1180002
193.388000 -13.9950037 0.0521820 7.5072150 0.0134332 0.9942166 0.0190395 -0.1048354
193.596300 -14.0064898 0.0541359 7.4389057 0.0151508 0.9957833 0.0162668 -0.0890024
193.804800 -14.0178070 0.0570810 7.3632736 0.0176117 0.9970188 0.0172661 -0.0731108
194.117500 -14.0312805 0.0613568 7.2371483 0.0199683 0.9982792 0.0183146 -0.0520050
194.430500 -14.0411272 0.0655575 7.0983505 0.0197955 0.9988772 0.0168285 -0.0396136
194.743500 -14.0515175 0.0697842 6.9493036 0.0202617 0.9990328 0.0171058 -0.0350765
194.952100 -14.0579767 0.0724127 6.8428950 0.0217923 0.9990398 0.0173755 -0.0338042
195.264800 -14.0681305 0.0778932 6.6722860 0.0257707 0.9989638 0.0193841 -0.0321164
195.473300 -14.0747919 0.0816347 6.5528841 0.0260611 0.9990541 0.0167087 -0.0305373
195.681900 -14.0809937 0.0849146 6.4288774 0.0240297 0.9991559 0.0158466 -0.0293096
195.890200 -14.0876760 0.0886566 6.3008900 0.0245335 0.9991211 0.0191282 -0.0280953
196.098500 -14.0945034 0.0933060 6.1705246 0.0270489 0.9989631 0.0249005 -0.0268544
196.411200 -14.1035948 0.0988887 5.9758186 0.0280264 0.9990724 0.0220354 -0.0241521
196.723700 -14.1107817 0.1041362 5.7816176 0.0248413 0.9992138 0.0227848 -0.0208703
196.932000 -14.1136646 0.1077720 5.6521668 0.0244637 0.9992551 0.0233291 -0.0186175
197.244800 -14.1187620 0.1141754 5.4581895 0.0260800 0.9992666 0.0235285 -0.0152501
197.557200 -14.1222515 0.1196573 5.2655215 0.0232120 0.9993595 0.0238622 -0.0131309
197.869800 -14.1253614 0.1256319 5.0740805 0.0226677 0.9993997 0.0232193 -0.0121336
198.182200 -14.1281881 0.1304411 4.8838573 0.0243470 0.9993541 0.0241181 -0.0108106
198.494500 -14.1296406 0.1358737 4.6951094 0.0232341 0.9994051 0.0239266 -0.0087875
198.806900 -14.1303501 0.1406235 4.5073442 0.0224386 0.9994335 0.0243219 -0.0061360
199.223300 -14.1306391 0.1464691 4.2570996 0.0217582 0.9994879 0.0231293 -0.0039302
199.535700 -14.1289082 0.1515543 4.0715771 0.0221387 0.9994832 0.0229334 -0.0041615
199.848200 -14.1283293 0.1561334 3.8890796 0.0194669 0.9995410 0.0217539 -0.0081017
200.160900 -14.1304712 0.1615293 3.7090368 0.0225593 0.9994336 0.0203281 -0.0145001
200.473300 -14.1348705 0.1665397 3.5292034 0.0236170 0.9992102 0.0260112 -0.0185663
200.889800 -14.1397591 0.1752181 3.2917206 0.0160691 0.9993266 0.0243553 -0.0222484
201.202300 -14.1462936 0.1812434 3.1145368 0.0192649 0.9992949 0.0231273 -0.0224436
201.514700 -14.1520948 0.1876200 2.9354291 0.0177989 0.9991831 0.0276933 -0.0234387
201.827200 -14.1592550 0.1937001 2.7603788 0.0188866 0.9991819 0.0259573 -0.0246003
202.139600 -14.1644039 0.1999623 2.5900702 0.0186546 0.9991627 0.0262935 -0.0251889
202.452100 -14.1693468 0.2053643 2.4198551 0.0162504 0.9992262 0.0269680 -0.0235753
202.764600 -14.1731339 0.2107335 2.2483623 0.0156678 0.9992956 0.0265154 -0.0214410
203.077100 -14.1761665 0.2158363 2.0783470 0.0136028 0.9993585 0.0263381 -0.0200969
203.389700 -14.1784439 0.2209964 1.9129802 0.0120487 0.9993576 0.0271261 -0.0200859
203.702200 -14.1810217 0.2262297 1.7494470 0.0098118 0.9993784 0.0263360 -0.0212834
204.015000 -14.1840372 0.2302633 1.5892770 0.0075777 0.9992784 0.0271371 -0.0254735
204.327700 -14.1894236 0.2362160 1.4318064 0.0073476 0.9991320 0.0272986 -0.0305959
204.640500 -14.1954556 0.2414421 1.2777843 0.0070460 0.9990097 0.0269976 -0.0346575
204.953000 -14.2028360 0.2456811 1.1253468 0.0067577 0.9988884 0.0276238 -0.0375938
205.161200 -14.2084017 0.2483603 1.0248352 0.0076760 0.9988310 0.0273292 -0.0391248
205.369400 -14.2131100 0.2513060 0.9252132 0.0078388 0.9987602 0.0278778 -0.0404905
205.577700 -14.2180290 0.2547621 0.8238820 0.0091661 0.9987674 0.0286740 -0.0394652
205.785700 -14.2221804 0.2580175 0.7242496 0.0100611 0.9989442 0.0284677 -0.0346240
205.993700 -14.2250147 0.2613384 0.6248693 0.0108291 0.9991776 0.0286240 -0.0265997
206.201800 -14.2253971 0.2652107 0.5252941 0.0103978 0.9993632 0.0294120 -0.0173187
206.409700 -14.2248068 0.2690108 0.4269273 0.0105697 0.9994749 0.0298364 -0.0069266
206.617900 -14.2225714 0.2729338 0.3290403 0.0119885 0.9995525 0.0270329 0.0044934
206.825800 -14.2165594 0.2762443 0.2303907 0.0136120 0.9993404 0.0282695 0.0182822
207.033600 -14.2083406 0.2799138 0.1325780 0.0157172 0.9988473 0.0274699 0.0360899
207.241600 -14.1970949 0.2827588 0.0345663 0.0161228 0.9979421 0.0266784 0.0560339
207.449700 -14.1810932 0.2859265 -0.0638936 0.0153669 0.9965883 0.0271799 0.0763992
207.657600 -14.1617279 0.2892592 -0.1628320 0.0161353 0.9946540 0.0267647 0.0984211
207.865600 -14.1375332 0.2923391 -0.2609861 0.0164698 0.9921921 0.0247975 0.1211141
208.073600 -14.1083603 0.2951329 -0.3591366 0.0166446 0.9891112 0.0236992 0.1442921
208.281600 -14.0743723 0.2978457 -0.4572384 0.0165795 0.9853870 0.0244299 0.1677519
208.489700 -14.0348663 0.3003392 -0.5556865 0.0186211 0.9810362 0.0256778 0.1912113
208.698000 -13.9899597 0.3031438 -0.6531734 0.0188061 0.9761604 0.0245079 0.2148408
208.905800 -13.9398174 0.3054673 -0.7500925 0.0173987 0.9710889 0.0256974 0.2366921
209.114100 -13.8848610 0.3080925 -0.8457689 0.0172200 0.9659767 0.0219000 0.2571243
209.426600 -13.7934132 0.3111216 -0.9891615 0.0159130 0.9589029 0.0197030 0.2826019
209.739400 -13.6928711 0.3137739 -1.1334467 0.0117484 0.9547292 0.0186188 0.2966605
209.947900 -13.6231985 0.3151252 -1.2304273 0.0117193 0.9533810 0.0177391 0.3010193
210.156700 -13.5513477 0.3168908 -1.3291154 0.0120480 0.9526286 0.0158018 0.3034861
210.364800 -13.4793005 0.3176551 -1.4280906 0.0113156 0.9521469 0.0158816 0.3050178
210.574900 -13.4066162 0.3182983 -1.5280838 0.0103348 0.9521245 0.0163862 0.3050960
210.886000 -13.2951670 0.3199383 -1.6793489 0.0080508 0.9534979 0.0157349 0.3008808
211.198700 -13.1876068 0.3212485 -1.8301315 0.0063800 0.9562862 0.0166226 0.2918898
211.511200 -13.0838976 0.3232346 -1.9841018 0.0053734 0.9597525 0.0164016 0.2803163
211.823900 -12.9855690 0.3248027 -2.1393113 0.0076494 0.9631715 0.0182084 0.2681613
212.136100 -12.8900871 0.3267253 -2.2951722 0.0132071 0.9646544 0.0192451 0.2624823
212.448400 -12.7969675 0.3286487 -2.4479508 0.0150321 0.9654635 0.0205173 0.2592941
212.760400 -12.7073421 0.3309884 -2.5993943 0.0192080 0.9657872 0.0220162 0.2576847
213.072700 -12.6198940 0.3337157 -2.7471545 0.0218230 0.9659242 0.0220592 0.2569583
213.384900 -12.5333843 0.3348928 -2.8898795 0.0236810 0.9661523 0.0236908 0.2557883
213.697100 -12.4475307 0.3363730 -3.0310452 0.0232888 0.9662951 0.0244545 0.2552126
214.009100 -12.3652020 0.3388786 -3.1626360 0.0237652 0.9644639 0.0265555 0.2618002
214.321100 -12.2855358 0.3404474 -3.2803504 0.0253315 0.9606658 0.0253859 0.2753817
214.633200 -12.2106895 0.3417004 -3.3851151 0.0234722 0.9576156 0.0264531 0.2858701
214.945500 -12.1445198 0.3427053 -3.4760985 0.0216617 0.9551538 0.0248041 0.2942731
215.153700 -12.1032743 0.3434325 -3.5328929 0.0217931 0.9531856 0.0250289 0.3005591
215.466200 -12.0471687 0.3448257 -3.6078961 0.0225835 0.9491000 0.0251636 0.3131548
215.674000 -12.0106964 0.3446422 -3.6525252 0.0234282 0.9451302 0.0243588 0.3249411
215.882200 -11.9743929 0.3449555 -3.6946242 0.0236058 0.9405322 0.0227714 0.3381174
216.090300 -11.9388056 0.3454669 -3.7333021 0.0248472 0.9352216 0.0222255 0.3524901
216.298300 -11.9047146 0.3451181 -3.7682521 0.0263709 0.9286660 0.0220846 0.3693188
216.506400 -11.8716469 0.3451713 -3.7984982 0.0268759 0.9199256 0.0226413 0.3905149
216.714400 -11.8395367 0.3446476 -3.8239651 0.0256469 0.9094122 0.0211819 0.4145636
216.923100 -11.8094044 0.3442665 -3.8444047 0.0213415 0.8983206 0.0179923 0.4384528
217.130700 -11.7823334 0.3437890 -3.8601046 0.0196897 0.8879655 0.0138565 0.4592794
217.339000 -11.7560577 0.3431680 -3.8752451 0.0202287 0.8768148 0.0105161 0.4802875
217.547200 -11.7291412 0.3423875 -3.8877010 0.0178378 0.8635085 0.0109562 0.5038997
217.859600 -11.6877661 0.3415776 -3.9028678 0.0130228 0.8407971 0.0095438 0.5411096
218.172000 -11.6457844 0.3407944 -3.9146352 0.0104294 0.8168583 0.0065736 0.5767066
218.380200 -11.6155519 0.3401139 -3.9201717 0.0102849 0.7993796 0.0051127 0.6007165
218.588500 -11.5831728 0.3392462 -3.9256876 0.0119956 0.7807865 0.0048194 0.6246641
218.900800 -11.5280342 0.3379659 -3.9307570 0.0149496 0.7507376 0.0030768 0.6604241
219.109000 -11.4874859 0.3368795 -3.9317393 0.0165546 0.7293784 0.0027426 0.6839046
219.421400 -11.4195356 0.3351905 -3.9273574 0.0149354 0.6972615 -0.0007983 0.7166607
219.735500 -11.3408337 0.3332312 -3.9182386 0.0134643 0.6675042 0.0023671 0.7444806
219.942400 -11.2823553 0.3312614 -3.9077718 0.0130657 0.6509539 0.0039284 0.7589946
220.151400 -11.2184486 0.3301985 -3.8941047 0.0134183 0.6332396 0.0032686 0.7738326
220.359200 -11.1496649 0.3289878 -3.8761044 0.0132507 0.6135943 0.0067432 0.7894815
220.567600 -11.0768404 0.3272198 -3.8531919 0.0130679 0.5923854 0.0138287 0.8054301
220.775800 -11.0005989 0.3259850 -3.8247352 0.0155039 0.5689597 0.0179918 0.8220224
220.984200 -10.9226246 0.3246090 -3.7910244 0.0237770 0.5445695 0.0205216 0.8381274
221.192700 -10.8417997 0.3225821 -3.7495947 0.0251673 0.5228063 0.0209704 0.8518218
221.401400 -10.7570276 0.3197654 -3.7015886 0.0219908 0.5045211 0.0215161 0.8628510
221.610100 -10.6702585 0.3167077 -3.6485875 0.0206522 0.4915307 0.0198356 0.8703893
221.818800 -10.5805101 0.3140628 -3.5904169 0.0196093 0.4842508 0.0156164 0.8745701
222.027700 -10.4878464 0.3112665 -3.5303109 0.0166262 0.4825647 0.0130682 0.8756050
222.241200 -10.3921356 0.3075495 -3.4692950 0.0172583 0.4832471 0.0113553 0.8752402
222.549900 -10.2431536 0.3022440 -3.3737974 0.0165054 0.4848229 0.0108773 0.8743889
222.758100 -10.1389618 0.2994284 -3.3073170 0.0142039 0.4861610 0.0108663 0.8736863
223.070900 -9.9808159 0.2936284 -3.2077069 0.0146179 0.4894928 0.0071971 0.8718551
223.383700 -9.8134699 0.2884608 -3.1068447 0.0110633 0.4927261 0.0060705 0.8700930
223.696300 -9.6438637 0.2842084 -3.0050218 0.0089347 0.4997270 0.0049854 0.8661225
224.008900 -9.4686651 0.2794285 -2.9048119 0.0089041 0.5074151 0.0087858 0.8616110
224.321300 -9.2918262 0.2746865 -2.8051047 0.0094409 0.5169140 0.0073234 0.8559539
224.633700 -9.1124563 0.2708255 -2.7108099 0.0082424 0.5260243 0.0068147 0.8504023
224.945800 -8.9351425 0.2666512 -2.6236744 0.0053962 0.5335222 0.0069657 0.8457401
225.257700 -8.7585106 0.2634142 -2.5392718 0.0077415 0.5374193 0.0089516 0.8432322
225.569800 -8.5822754 0.2586335 -2.4550328 0.0109872 0.5376965 0.0095032 0.8430133
225.881700 -8.4070864 0.2543360 -2.3719811 0.0087841 0.5383831 0.0086968 0.8426095
226.089900 -8.2906370 0.2516088 -2.3183470 0.0135667 0.5376208 0.0083995 0.8430358
226.401900 -8.1168795 0.2462481 -2.2370136 0.0155082 0.5377733 0.0086784 0.8429022
226.714100 -7.9439955 0.2399691 -2.1554198 0.0152912 0.5382864 0.0108583 0.8425533
226.922100 -7.8289948 0.2360172 -2.1029844 0.0168660 0.5377342 0.0100652 0.8428856
227.130200 -7.7144122 0.2317884 -2.0484335 0.0144799 0.5383378 0.0107850 0.8425357
227.338400 -7.5994568 0.2282275 -1.9954528 0.0133884 0.5377135 0.0117254 0.8429397
227.442300 -7.5425558 0.2262191 -1.9689236 0.0143291 0.5368716 0.0118932 0.8434585
227.650500 -7.4299579 0.2223987 -1.9156929 0.0161947 0.5351244 0.0114384 0.8445406
227.858600 -7.3183107 0.2180739 -1.8617291 0.0145707 0.5335946 0.0118571 0.8455317
228.066700 -7.2072573 0.2141107 -1.8073781 0.0149361 0.5328624 0.0092991 0.8460190
228.275000 -7.0968089 0.2104285 -1.7529438 0.0096016 0.5351964 0.0068828 0.8446450
228.483200 -6.9866366 0.2072273 -1.6996782 0.0047526 0.5411992 0.0041077 0.8408710
228.691700 -6.8775358 0.2039672 -1.6496313 0.0077846 0.5495846 -0.0025878 0.8353978
228.900100 -6.7670202 0.2001268 -1.6025121 0.0040469 0.5587084 -0.0023470 0.8293510
229.109100 -6.6554694 0.1972564 -1.5580747 0.0037276 0.5671839 -0.0014514 0.8235815
229.316600 -6.5433602 0.1941867 -1.5162115 0.0078015 0.5725855 -0.0011094 0.8198071
229.524700 -6.4305077 0.1906932 -1.4753757 0.0055329 0.5760874 0.0036363 0.8173613
229.837100 -6.2633505 0.1860697 -1.4152646 0.0091209 0.5820811 -0.0030381 0.8130739
230.045200 -6.1507215 0.1821744 -1.3761425 0.0073614 0.5844349 -0.0019132 0.8114050
230.357400 -5.9810309 0.1772810 -1.3183391 0.0023901 0.5856249 -0.0014286 0.8105773
230.565700 -5.8693027 0.1745035 -1.2799731 0.0005806 0.5890913 -0.0068154 0.8080375
230.878200 -5.7006197 0.1687635 -1.2266413 0.0075739 0.5965719 -0.0100009 0.8024616
231.190900 -5.5281248 0.1623406 -1.1775177 0.0058507 0.6059066 -0.0060019 0.7954916
231.399400 -5.4130030 0.1585811 -1.1472563 0.0064451 0.6125994 -0.0049864 0.7903515
231.607700 -5.2967920 0.1545642 -1.1185777 0.0074489 0.6189198 -0.0045353 0.7854058
231.815900 -5.1800532 0.1509036 -1.0921428 0.0071119 0.6240712 -0.0023944 0.7813314
232.024100 -5.0625520 0.1476939 -1.0667369 0.0074272 0.6287770 -0.0008641 0.7775497
232.232300 -4.9454408 0.1437289 -1.0418457 0.0102378 0.6313162 0.0010967 0.7754571
232.440500 -4.8287067 0.1397862 -1.0186504 0.0119897 0.6328470 0.0022787 0.7741807
232.651700 -4.7132821 0.1365778 -0.9954549 0.0089138 0.6349496 0.0047956 0.7724872
232.856900 -4.5982814 0.1336421 -0.9732441 0.0103246 0.6372071 0.0055948 0.7706031
233.169100 -4.4270525 0.1287267 -0.9423954 0.0103492 0.6393150 0.0076841 0.7688369
233.377100 -4.3131571 0.1256300 -0.9214540 0.0107855 0.6408519 0.0069461 0.7675574
233.585300 -4.1993322 0.1227173 -0.9016583 0.0106173 0.6416863 0.0056369 0.7668730
233.793200 -4.0854082 0.1196829 -0.8828682 0.0100562 0.6424971 0.0084571 0.7661754
234.001200 -3.9723678 0.1168709 -0.8643566 0.0115870 0.6430458 0.0090980 0.7656859
234.209300 -3.8605151 0.1139388 -0.8451749 0.0143892 0.6444007 0.0098710 0.7644889
234.417200 -3.7489526 0.1112098 -0.8261313 0.0127425 0.6457928 0.0113024 0.7633227
234.625400 -3.6374676 0.1087146 -0.8074555 0.0121915 0.6472804 0.0114924 0.7620678
234.833700 -3.5270324 0.1060473 -0.7891584 0.0139913 0.6487517 0.0090531 0.7608176
235.041400 -3.4175925 0.1028675 -0.7719821 0.0154005 0.6507608 0.0088588 0.7590749
235.249300 -3.3087201 0.0994548 -0.7558442 0.0141865 0.6527722 0.0065670 0.7573929
235.457500 -3.2000227 0.0961305 -0.7403513 0.0119965 0.6546559 0.0075647 0.7557940
235.665500 -3.0923615 0.0928468 -0.7257589 0.0145943 0.6558289 0.0068355 0.7547376
235.873600 -2.9857345 0.0893649 -0.7137284 0.0163578 0.6563431 0.0070190 0.7542526
236.081600 -2.8788631 0.0858531 -0.7042927 0.0162182 0.6557189 0.0085208 0.7547828
236.290500 -2.7734051 0.0826121 -0.6906939 0.0161563 0.6566733 0.0106355 0.7539271
236.497800 -2.6690190 0.0797367 -0.6788319 0.0170649 0.6571562 0.0104198 0.7534891
236.705900 -2.5653703 0.0761666 -0.6661490 0.0182042 0.6574231 0.0096446 0.7532399
236.914000 -2.4636104 0.0732898 -0.6549921 0.0181674 0.6573134 0.0108640 0.7533200
237.122100 -2.3644102 0.0700033 -0.6425179 0.0172299 0.6577718 0.0108456 0.7529421
237.330200 -2.2684057 0.0670618 -0.6302606 0.0177936 0.6583712 0.0110972 0.7524013
237.538300 -2.1734931 0.0638379 -0.6181514 0.0154405 0.6589578 0.0147850 0.7518761
237.642300 -2.1262116 0.0629429 -0.6117337 0.0133442 0.6594479 0.0163814 0.7514533
237.850500 -2.0379436 0.0613618 -0.6004175 0.0131806 0.6603670 0.0177675 0.7506171
238.058700 -1.9536914 0.0596961 -0.5888938 0.0142486 0.6614529 0.0153602 0.7496939
238.266900 -1.8729367 0.0582340 -0.5789523 0.0159872 0.6621322 0.0128564 0.7491062
238.475100 -1.7959461 0.0558230 -0.5692949 0.0160564 0.6620737 0.0139985 0.7491360
238.683400 -1.7227086 0.0536638 -0.5598235 0.0145454 0.6611980 0.0149571 0.7499213
238.891600 -1.6527051 0.0518947 -0.5507149 0.0147675 0.6607014 0.0154022 0.7503455
239.204200 -1.5551373 0.0492954 -0.5380071 0.0162889 0.6619995 0.0131355 0.7492121
239.516800 -1.4645399 0.0464127 -0.5279308 0.0184111 0.6642181 0.0157542 0.7471460
239.829500 -1.3829622 0.0441263 -0.5186917 0.0195497 0.6662679 0.0162850 0.7452783
240.142100 -1.3129249 0.0416614 -0.5110231 0.0223086 0.6678120 0.0126579 0.7438878
240.454600 -1.2534928 0.0394012 -0.5045406 0.0243841 0.6684067 0.0114066 0.7433087
240.767000 -1.2049893 0.0374552 -0.4981814 0.0250727 0.6658163 0.0093862 0.7456352
241.391100 -1.1235297 0.0334924 -0.4836585 0.0240989 0.6422097 0.0083052 0.7661051
242.015700 -1.0587031 0.0308035 -0.4639274 0.0148870 0.6113749 0.0080933 0.7911597
250.248700 -1.0259436 0.0292293 -0.4508458 0.0229260 0.5907690 -0.0015727 0.8065134
250.560600 -1.0027477 0.0276998 -0.4399563 0.0223322 0.5681239 -0.0021401 0.8226372
250.872200 -0.9699401 0.0263138 -0.4217305 0.0197568 0.5324020 0.0010252 0.8462604
251.183700 -0.9309484 0.0246370 -0.3947431 0.0149823 0.4839583 0.0001832 0.8749627
251.495200 -0.8885262 0.0221771 -0.3560392 0.0097863 0.4245825 -0.0040757 0.9053271
251.806700 -0.8445432 0.0205960 -0.3041133 0.0100266 0.3568029 -0.0056947 0.9341086
252.118500 -0.8028268 0.0189814 -0.2390950 0.0056799 0.2859034 -0.0047927 0.9582296
252.430600 -0.7649408 0.0172245 -0.1568535 0.0049436 0.2163248 -0.0061709 0.9762895
252.743200 -0.7289810 0.0163567 -0.0555931 0.0034902 0.1542848 -0.0006413 0.9880201
252.951700 -0.7117302 0.0146833 0.0213295 0.0053510 0.1193907 0.0060540 0.9928145
253.264300 -0.6920378 0.0128875 0.1498909 0.0064414 0.0679582 0.0098443 0.9976188
253.473000 -0.6858736 0.0107651 0.2454818 0.0082103 0.0391503 0.0104355 0.9991451
254.203500 -0.6960915 0.0004150 0.6183816 0.0107937 -0.0173438 -0.0003917 0.9997913
254.934000 -0.7181669 -0.0109845 1.0319703 0.0051016 -0.0208945 -0.0020986 0.9997665
255.559500 -0.7379379 -0.0181408 1.4238834 -0.0003180 -0.0260466 -0.0018418 0.9996590
256.184500 -0.7623425 -0.0260677 1.8155986 0.0001045 -0.0308092 -0.0029610 0.9995209
256.913500 -0.7919127 -0.0364470 2.2659848 0.0056482 -0.0319728 -0.0009717 0.9994723
257.538200 -0.8174161 -0.0440662 2.6447799 0.0032366 -0.0320700 0.0043420 0.9994709
258.267200 -0.8465098 -0.0559639 3.0763457 0.0015915 -0.0313779 -0.0007676 0.9995061
259.308600 -0.8901345 -0.0689209 3.6813574 -0.0002685 -0.0343861 -0.0017817 0.9994070
260.037600 -0.9199280 -0.0772378 4.0970821 -0.0000789 -0.0363919 -0.0003570 0.9993376
260.558300 -0.9421501 -0.0826701 4.3925328 -0.0000166 -0.0336712 0.0005948 0.9994328
261.079100 -0.9616491 -0.0889054 4.6814947 0.0065427 -0.0298491 -0.0008585 0.9995326
261.600100 -0.9778585 -0.0961039 4.9696827 -0.0006874 -0.0224865 -0.0008195 0.9997466
262.225000 -0.9940541 -0.1067927 5.3079348 0.0105031 -0.0204535 -0.0007362 0.9997354
262.745600 -1.0113068 -0.1114768 5.5919127 -0.0027861 -0.0237161 -0.0019869 0.9997129
263.266600 -1.0321620 -0.1159396 5.8933063 0.0086284 -0.0274293 0.0032138 0.9995813
263.683200 -1.0498179 -0.1230706 6.1460423 0.0056713 -0.0289576 0.0041261 0.9995560
264.099900 -1.0745503 -0.1291305 6.4055824 0.0063761 -0.0333148 0.0020623 0.9994224
264.516300 -1.1136227 -0.1355137 6.6676774 0.0029018 -0.0393485 0.0018866 0.9992195
264.828700 -1.1366520 -0.1399469 6.8648701 0.0019262 -0.0422355 0.0014922 0.9991047
265.141200 -1.1554043 -0.1445712 7.0656509 0.0041157 -0.0423502 0.0007676 0.9990941
265.349500 -1.1679770 -0.1479083 7.1983333 0.0011316 -0.0431399 0.0020094 0.9990664
265.557700 -1.1774166 -0.1503065 7.3299956 -0.0011574 -0.0448469 0.0025197 0.9989900
265.766000 -1.1903056 -0.1529593 7.4609547 0.0016203 -0.0460142 0.0015950 0.9989382
265.870100 -1.1961234 -0.1546868 7.5244370 0.0028092 -0.0460993 0.0018702 0.9989312
266.078300 -1.2083747 -0.1576825 7.6525130 0.0017762 -0.0448298 0.0015638 0.9989918
266.286700 -1.2198806 -0.1607101 7.7780800 0.0013608 -0.0434350 0.0015315 0.9990541
266.495100 -1.2306361 -0.1634630 7.9017797 0.0014408 -0.0420739 0.0011840 0.9991128
266.703500 -1.2412980 -0.1664307 8.0245113 0.0010731 -0.0405639 0.0001925 0.9991763
266.911700 -1.2513738 -0.1693948 8.1451435 0.0028391 -0.0391150 0.0001343 0.9992307
267.120100 -1.2615314 -0.1724091 8.2652283 0.0048665 -0.0373972 -0.0016241 0.9992873
267.328500 -1.2702832 -0.1755334 8.3840494 0.0058623 -0.0355976 0.0012211 0.9993483
267.536900 -1.2787764 -0.1792019 8.5025120 0.0039329 -0.0346199 0.0014753 0.9993917
267.745200 -1.2886915 -0.1830498 8.6206255 0.0099772 -0.0334813 -0.0031808 0.9993845
267.953500 -1.2980840 -0.1870729 8.7399311 0.0105426 -0.0341165 -0.0073257 0.9993354
268.161700 -1.3073702 -0.1907305 8.8597622 0.0094902 -0.0364822 -0.0072743 0.9992628
268.370100 -1.3159515 -0.1938060 8.9804764 0.0066822 -0.0383503 -0.0020677 0.9992399
268.578500 -1.3264790 -0.1967838 9.1023016 -0.0014702 -0.0400204 0.0003663 0.9991977
268.786700 -1.3356880 -0.1980613 9.2257442 -0.0027906 -0.0415571 0.0041021 0.9991238
269.099200 -1.3526942 -0.2010475 9.4120874 0.0056939 -0.0431949 0.0027823 0.9990466
270.036700 -1.4040812 -0.2169043 9.9956036 0.0058594 -0.0403006 0.0012681 0.9991696
270.349200 -1.4199979 -0.2238166 10.1927013 0.0104326 -0.0396791 0.0040410 0.9991499
270.661700 -1.4357617 -0.2274357 10.4059105 0.0063476 -0.0395253 -0.0001000 0.9991984
270.974100 -1.4527858 -0.2354830 10.5854454 0.0055365 -0.0383976 -0.0007014 0.9992470
271.807200 -1.4969831 -0.2497687 11.0966902 0.0018889 -0.0363414 -0.0012885 0.9993368
272.536200 -1.5293536 -0.2613794 11.4972181 0.0067492 -0.0345642 -0.0015282 0.9993785
273.161500 -1.5534172 -0.2703890 11.8293352 0.0060311 -0.0312371 0.0037937 0.9994866
273.682500 -1.5696303 -0.2794997 12.1060877 0.0102187 -0.0271917 0.0058127 0.9995611
274.099100 -1.5833802 -0.2891756 12.3245850 0.0179895 -0.0328402 0.0058071 0.9992818
274.515600 -1.6077688 -0.2981280 12.5431509 0.0023533 -0.0485540 0.0000290 0.9988178
274.932600 -1.6350210 -0.3018568 12.7694550 0.0057604 -0.0538666 -0.0045316 0.9985213
275.349900 -1.6593034 -0.3066118 13.0116873 0.0094777 -0.0492169 0.0032791 0.9987378
275.766900 -1.6838419 -0.3158840 13.2631950 0.0098341 -0.0467165 0.0021263 0.9988575
276.079600 -1.7027086 -0.3208732 13.4593992 0.0079624 -0.0450623 0.0040694 0.9989442
276.392200 -1.7205853 -0.3278648 13.6605158 0.0130911 -0.0447307 0.0072424 0.9988871
276.704900 -1.7399960 -0.3347865 13.8650999 0.0066603 -0.0440729 0.0052834 0.9989921
276.913100 -1.7526095 -0.3388714 14.0011282 0.0053856 -0.0436326 0.0037778 0.9990260
277.121500 -1.7653639 -0.3430139 14.1368494 0.0067734 -0.0435147 0.0024590 0.9990268
277.329900 -1.7773371 -0.3472890 14.2703238 0.0094678 -0.0434187 0.0037856 0.9990049
277.538200 -1.7886064 -0.3519626 14.4027433 0.0088838 -0.0431390 0.0062206 0.9990102
277.746600 -1.8005846 -0.3565496 14.5343914 0.0046382 -0.0427671 0.0055880 0.9990587
277.954900 -1.8122861 -0.3607172 14.6638622 0.0078095 -0.0424171 0.0019410 0.9990676
278.163200 -1.8244402 -0.3652980 14.7933445 0.0077526 -0.0417732 -0.0003899 0.9990970
278.371500 -1.8353294 -0.3697261 14.9191036 0.0056193 -0.0423767 0.0007834 0.9990856
278.579900 -1.8464900 -0.3735417 15.0422907 0.0041435 -0.0436202 0.0013527 0.9990387
278.788100 -1.8578919 -0.3775401 15.1623621 0.0062376 -0.0448971 0.0006794 0.9989719
278.996200 -1.8693833 -0.3815987 15.2791710 0.0053438 -0.0462016 0.0001150 0.9989178
279.204500 -1.8804951 -0.3852596 15.3924875 0.0001701 -0.0474621 0.0000660 0.9988730
279.516900 -1.8969777 -0.3889308 15.5546780 0.0029507 -0.0483810 -0.0006009 0.9988244
279.829400 -1.9131048 -0.3932114 15.7151527 0.0050118 -0.0490578 0.0005656 0.9987832
280.037700 -1.9233799 -0.3963623 15.8213139 0.0046379 -0.0485339 -0.0005262 0.9988106
280.246100 -1.9343717 -0.3999332 15.9264936 0.0091597 -0.0463470 -0.0033940 0.9988776
280.558800 -1.9500096 -0.4054578 16.0839405 0.0127939 -0.0426459 -0.0073362 0.9989814
280.871400 -1.9632772 -0.4123941 16.2433701 0.0106288 -0.0380144 -0.0068015 0.9991975
281.184000 -1.9749620 -0.4173811 16.4043388 0.0089269 -0.0332272 -0.0054126 0.9993933
281.496600 -1.9861619 -0.4220411 16.5697250 0.0058652 -0.0278265 -0.0071538 0.9995700
281.809300 -1.9950782 -0.4263840 16.7389145 0.0081587 -0.0218799 -0.0063188 0.9997073
282.121900 -2.0013413 -0.4316991 16.9138718 0.0133894 -0.0162491 -0.0038505 0.9997709
282.434500 -2.0067902 -0.4388323 17.0936756 0.0109699 -0.0097973 -0.0043529 0.9998823
282.747000 -2.0091221 -0.4455080 17.2771530 0.0139697 -0.0035823 -0.0041021 0.9998876
283.059600 -2.0102212 -0.4541556 17.4647827 0.0161867 0.0029315 -0.0047697 0.9998533
283.372200 -2.0090539 -0.4614285 17.6573048 0.0097731 0.0094670 -0.0038637 0.9999000
283.684800 -2.0034413 -0.4682538 17.8522263 0.0110619 0.0135424 -0.0007302 0.9998468
283.997100 -1.9983737 -0.4756962 18.0505390 0.0138788 0.0149432 -0.0010014 0.9997915
284.309500 -1.9932030 -0.4836785 18.2538738 0.0123767 0.0156540 0.0003287 0.9998008
284.517700 -1.9890587 -0.4894834 18.3913918 0.0133677 0.0149905 0.0013446 0.9997973
284.830100 -1.9834466 -0.4976609 18.5972729 0.0080421 0.0141433 0.0026501 0.9998641
285.142400 -1.9789042 -0.5043989 18.8011322 0.0094976 0.0129356 0.0030823 0.9998665
285.454600 -1.9748603 -0.5123734 19.0035286 0.0102185 0.0108546 0.0017163 0.9998874
285.766900 -1.9718739 -0.5202533 19.2045612 0.0102949 0.0089779 -0.0003188 0.9999067
286.079200 -1.9704642 -0.5287457 19.4039135 0.0096090 0.0064665 -0.0001601 0.9999329
286.391500 -1.9693832 -0.5364389 19.6008358 0.0124578 0.0032212 0.0034606 0.9999112
286.703900 -1.9695089 -0.5428866 19.7974892 0.0015882 0.0015612 0.0018208 0.9999959
286.912200 -1.9709315 -0.5466583 19.9255600 0.0076596 0.0010096 -0.0040760 0.9999619
287.120500 -1.9724464 -0.5509940 20.0519714 0.0097078 0.0006531 -0.0072282 0.9999266
287.328700 -1.9733980 -0.5553104 20.1787605 0.0062826 -0.0002550 -0.0096854 0.9999333
