0.000000 -0.7946731 0.0108706 -0.8347301 -0.0019388 -0.0107566 0.0000374 0.9999403
0.208477 -0.7936195 0.0097930 -0.7800837 -0.0008889 -0.0133581 0.0014378 0.9999093
0.312729 -0.7942945 0.0092821 -0.7530515 -0.0002653 -0.0144144 0.0016594 0.9998947
0.416979 -0.7947707 0.0089669 -0.7261860 0.0006403 -0.0155392 0.0026590 0.9998755
0.521227 -0.7954618 0.0085833 -0.6992916 0.0016498 -0.0163212 0.0038669 0.9998580
0.729727 -0.7969738 0.0076071 -0.6442569 0.0016768 -0.0179849 0.0044782 0.9998268
0.938359 -0.7992494 0.0062479 -0.5879772 0.0030888 -0.0190729 0.0044782 0.9998033
1.251125 -0.8026915 0.0047688 -0.5001313 0.0069635 -0.0212287 0.0021110 0.9997482
1.459603 -0.8051579 0.0037920 -0.4381171 -0.0017174 -0.0223885 0.0004675 0.9997478
1.668106 -0.8082881 0.0026499 -0.3733271 -0.0045947 -0.0235661 -0.0012611 0.9997109
1.876603 -0.8119898 0.0025626 -0.3067490 0.0020236 -0.0244027 -0.0021961 0.9996977
2.085105 -0.8150232 0.0024013 -0.2358107 -0.0032812 -0.0253215 -0.0008854 0.9996735
2.293607 -0.8186851 0.0021903 -0.1617430 -0.0084161 -0.0258111 0.0000628 0.9996314
2.502107 -0.8217245 0.0027853 -0.0849409 -0.0065490 -0.0259848 0.0013438 0.9996400
2.710606 -0.8253145 0.0027575 -0.0051653 -0.0020688 -0.0254872 0.0017652 0.9996715
2.919104 -0.8286629 0.0021471 0.0774958 0.0037736 -0.0246510 0.0026160 0.9996856
3.127481 -0.8317354 0.0006105 0.1639690 0.0039338 -0.0251116 0.0015794 0.9996757
3.440232 -0.8358856 -0.0022144 0.2976548 0.0062229 -0.0259841 -0.0022173 0.9996405
3.752729 -0.8422870 -0.0062078 0.4400095 0.0060777 -0.0265391 -0.0032863 0.9996239
4.065354 -0.8494668 -0.0098162 0.5899783 0.0040157 -0.0275119 -0.0040405 0.9996052
4.377982 -0.8567753 -0.0132791 0.7432785 0.0046210 -0.0284741 -0.0045010 0.9995737
4.690605 -0.8655603 -0.0163561 0.8974559 0.0002916 -0.0293720 -0.0045729 0.9995580
5.003109 -0.8744819 -0.0188173 1.0543610 0.0010748 -0.0306125 -0.0043180 0.9995214
5.315611 -0.8852900 -0.0211613 1.2093223 -0.0016965 -0.0314743 -0.0043937 0.9994935
5.628235 -0.8957636 -0.0239571 1.3643110 0.0021965 -0.0321026 -0.0062590 0.9994625
5.940858 -0.9063526 -0.0269391 1.5202167 0.0000092 -0.0320401 -0.0070681 0.9994616
6.253481 -0.9156949 -0.0291854 1.6739156 0.0008690 -0.0319128 -0.0056544 0.9994743
6.566109 -0.9248001 -0.0328361 1.8269595 0.0045770 -0.0320072 -0.0043645 0.9994676
6.878731 -0.9350527 -0.0362950 1.9817523 0.0015193 -0.0316387 -0.0020281 0.9994962
7.191236 -0.9441866 -0.0391957 2.1331973 -0.0005626 -0.0313420 0.0007837 0.9995083
7.503734 -0.9538367 -0.0423370 2.2849264 0.0050668 -0.0315165 0.0007003 0.9994901
7.816232 -0.9633115 -0.0466373 2.4379318 0.0025495 -0.0309059 -0.0037947 0.9995118
8.128736 -0.9723561 -0.0495541 2.5899060 0.0010127 -0.0313334 -0.0022898 0.9995059
8.441112 -0.9819552 -0.0526508 2.7433741 -0.0002553 -0.0322965 -0.0004507 0.9994782
8.753612 -0.9922885 -0.0562042 2.8945258 0.0017997 -0.0333448 -0.0017215 0.9994408
8.961860 -0.9998196 -0.0581840 2.9952030 -0.0023022 -0.0338427 -0.0030756 0.9994198
9.170238 -1.0069748 -0.0597960 3.0954995 -0.0016103 -0.0345854 -0.0033603 0.9993948
9.482610 -1.0176681 -0.0624154 3.2426190 -0.0013705 -0.0356737 -0.0023074 0.9993599
9.690863 -1.0250103 -0.0640904 3.3369813 -0.0034206 -0.0361901 -0.0016836 0.9993377
9.899109 -1.0318146 -0.0654601 3.4282315 -0.0039557 -0.0379081 -0.0008432 0.9992731
10.107490 -1.0390867 -0.0671258 3.5149426 -0.0031755 -0.0413298 -0.0003905 0.9991404
10.315740 -1.0467073 -0.0685575 3.5972371 -0.0039328 -0.0445760 -0.0007433 0.9989980
10.524110 -1.0545506 -0.0698018 3.6745653 -0.0052062 -0.0476093 -0.0015288 0.9988513
10.732490 -1.0625889 -0.0708562 3.7475648 -0.0056939 -0.0502639 -0.0033592 0.9987141
10.940860 -1.0703667 -0.0721108 3.8149290 -0.0032094 -0.0530225 -0.0047852 0.9985767
11.149240 -1.0785766 -0.0732557 3.8763130 0.0000807 -0.0551164 -0.0068549 0.9984564
11.462110 -1.0888000 -0.0751318 3.9596727 -0.0002170 -0.0537443 -0.0110493 0.9984936
11.775110 -1.0962814 -0.0768560 4.0334520 -0.0033202 -0.0422891 -0.0127427 0.9990186
11.983860 -1.0987127 -0.0776516 4.0774922 -0.0041074 -0.0296889 -0.0120748 0.9994778
12.297110 -1.0984449 -0.0791188 4.1376996 -0.0003106 -0.0025738 -0.0110507 0.9999356
12.924370 -1.0811433 -0.0819239 4.2466002 0.0056983 0.0923045 -0.0029281 0.9957102
13.237880 -1.0644355 -0.0837335 4.2951832 0.0067554 0.1581009 -0.0028480 0.9873958
13.551240 -1.0404270 -0.0851369 4.3406353 0.0060815 0.2310059 -0.0019808 0.9729313
13.864360 -1.0103112 -0.0872515 4.3827066 0.0107144 0.3059894 -0.0038508 0.9519668
14.177490 -0.9724408 -0.0893964 4.4217935 0.0128303 0.3846505 -0.0082671 0.9229361
14.386120 -0.9423614 -0.0906698 4.4428554 0.0114264 0.4356398 -0.0060646 0.9000281
14.594740 -0.9094888 -0.0917887 4.4611731 0.0090772 0.4860352 -0.0047679 0.8738791
14.803370 -0.8737018 -0.0936719 4.4761772 0.0060422 0.5356274 -0.0040980 0.8444228
15.011990 -0.8350502 -0.0949859 4.4884100 0.0079702 0.5808111 -0.0086007 0.8139539
15.220240 -0.7922911 -0.0964298 4.4967580 0.0116628 0.6172979 -0.0066475 0.7866150
15.428120 -0.7456566 -0.0976661 4.5027928 0.0161810 0.6432235 -0.0032964 0.7655004
15.636010 -0.6950355 -0.0993581 4.5089626 0.0106953 0.6636500 -0.0045736 0.7479528
15.843870 -0.6403685 -0.1012519 4.5130734 0.0074710 0.6810917 -0.0030679 0.7321535
16.051740 -0.5819498 -0.1033707 4.5142660 0.0127494 0.6948954 0.0002956 0.7189977
16.259530 -0.5190021 -0.1046049 4.5151463 0.0153674 0.7038809 -0.0041611 0.7101396
16.467120 -0.4526764 -0.1066384 4.5147500 0.0170040 0.7071829 0.0000605 0.7068261
16.674850 -0.3813446 -0.1090079 4.5150695 0.0164731 0.7062786 0.0010615 0.7077416
16.882610 -0.3068434 -0.1114162 4.5161648 0.0153401 0.7053242 -0.0012327 0.7087178
17.090490 -0.2288178 -0.1139306 4.5175619 0.0152605 0.7047698 -0.0017033 0.7092699
17.402740 -0.1051571 -0.1182328 4.5189390 0.0135349 0.7045420 0.0001715 0.7095332
17.610870 -0.0212685 -0.1205731 4.5202594 0.0114363 0.7054834 -0.0000919 0.7086341
17.819120 0.0648349 -0.1232817 4.5208459 0.0112103 0.7063523 0.0028139 0.7077661
18.131620 0.1971177 -0.1268501 4.5223255 0.0127330 0.7076731 -0.0019456 0.7064226
18.444000 0.3320512 -0.1316024 4.5238333 0.0087080 0.7092424 -0.0025007 0.7049065
18.756500 0.4673669 -0.1350665 4.5242653 0.0018504 0.7094162 -0.0010923 0.7047865
19.069120 0.5995461 -0.1391234 4.5243206 0.0124701 0.7085682 -0.0067770 0.7054996
19.381800 0.7328831 -0.1439516 4.5245304 0.0086402 0.7077491 0.0009709 0.7064103
19.694390 0.8620389 -0.1479533 4.5259566 0.0065264 0.7090653 -0.0023069 0.7051089
20.007130 0.9894980 -0.1519865 4.5258808 0.0057099 0.7112781 -0.0036432 0.7028781
20.319990 1.1144040 -0.1566557 4.5247102 0.0038416 0.7134576 -0.0037033 0.7006781
20.528590 1.1963012 -0.1587913 4.5239143 0.0045982 0.7146099 -0.0040380 0.6994963
20.841310 1.3176621 -0.1622125 4.5221539 0.0043099 0.7162493 -0.0030170 0.6978247
21.153990 1.4326065 -0.1657957 4.5201006 0.0024976 0.7172690 -0.0030005 0.6967854
21.466850 1.5421021 -0.1690069 4.5181265 0.0043506 0.7175254 -0.0062478 0.6964907
21.779630 1.6493300 -0.1726211 4.5159168 0.0049565 0.7178754 -0.0056553 0.6961310
21.988560 1.7194084 -0.1751643 4.5148411 0.0029324 0.7178977 -0.0080004 0.6960965
22.301210 1.8229589 -0.1785910 4.5117149 0.0016263 0.7192845 -0.0075327 0.6946729
22.614140 1.9265059 -0.1817096 4.5071025 0.0046952 0.7253889 -0.0090186 0.6882641
22.822680 1.9961419 -0.1841575 4.5032067 0.0034030 0.7300276 -0.0110870 0.6833192
23.135720 2.1021211 -0.1879090 4.4960165 0.0012524 0.7348481 -0.0124282 0.6781166
23.343940 2.1746757 -0.1899835 4.4900422 0.0001120 0.7363312 -0.0091780 0.6765591
23.552380 2.2485440 -0.1920532 4.4842434 -0.0014121 0.7373201 -0.0085224 0.6754882
23.760760 2.3235774 -0.1941502 4.4776306 0.0037967 0.7376131 -0.0085154 0.6751593
23.969260 2.3998280 -0.1966856 4.4707274 0.0085361 0.7381244 -0.0076825 0.6745669
24.177660 2.4768462 -0.1992828 4.4645038 0.0059630 0.7383199 -0.0054815 0.6744021
24.386170 2.5532029 -0.2020675 4.4576607 0.0056468 0.7386945 -0.0037346 0.6740063
24.594630 2.6290944 -0.2044082 4.4512539 0.0056156 0.7400734 -0.0050594 0.6724836
24.803130 2.7054801 -0.2067092 4.4440217 0.0062943 0.7414588 -0.0047033 0.6709524
25.012020 2.7824066 -0.2091588 4.4369540 0.0053748 0.7427438 -0.0056516 0.6695302
25.220150 2.8586216 -0.2118330 4.4293237 0.0055131 0.7434166 -0.0067632 0.6687717
25.532890 2.9761748 -0.2152552 4.4179025 0.0034064 0.7446491 -0.0063255 0.6674175
25.741410 3.0552683 -0.2174161 4.4098296 0.0022251 0.7460604 -0.0057443 0.6658497
26.054250 3.1758356 -0.2208367 4.3961668 0.0044678 0.7479622 -0.0072744 0.6636864
26.367040 3.2987106 -0.2249038 4.3813848 0.0093853 0.7482997 -0.0085870 0.6632389
26.679760 3.4247928 -0.2296920 4.3663225 0.0089781 0.7477928 -0.0056137 0.6638477
26.888310 3.5105371 -0.2326216 4.3570576 0.0069139 0.7467140 -0.0036486 0.6650993
27.096690 3.5968122 -0.2350850 4.3482356 0.0054090 0.7456686 -0.0026968 0.6662896
27.409410 3.7262690 -0.2393496 4.3358607 0.0096302 0.7442482 -0.0084521 0.6677803
27.722410 3.8561122 -0.2435622 4.3234606 0.0073881 0.7433259 -0.0061732 0.6688601
28.034970 3.9840224 -0.2487537 4.3114576 0.0067731 0.7429299 -0.0048683 0.6693172
28.347630 4.1126976 -0.2531356 4.2989545 0.0094201 0.7421845 -0.0038791 0.6701182
28.660380 4.2406421 -0.2576586 4.2879739 0.0035634 0.7419167 -0.0069513 0.6704465
28.869010 4.3240986 -0.2606564 4.2805629 0.0031364 0.7427407 -0.0112112 0.6694780
29.077510 4.4064832 -0.2639862 4.2725568 0.0040377 0.7431616 -0.0122974 0.6689869
29.286110 4.4889503 -0.2674704 4.2644262 0.0047858 0.7436444 -0.0114280 0.6684606
29.598790 4.6101923 -0.2731442 4.2524972 0.0060594 0.7444773 -0.0134722 0.6674843
29.807270 4.6897116 -0.2768748 4.2444539 0.0053103 0.7463325 -0.0142287 0.6654000
30.015910 4.7680931 -0.2803947 4.2356472 0.0062417 0.7484244 -0.0164558 0.6629866
30.224420 4.8455114 -0.2843089 4.2263570 0.0064720 0.7505232 -0.0153233 0.6606347
30.537140 4.9594321 -0.2902971 4.2125731 0.0087548 0.7524645 -0.0221089 0.6582034
30.850030 5.0726581 -0.2969117 4.1972523 0.0081138 0.7555655 -0.0177888 0.6547813
31.162620 5.1845913 -0.3028283 4.1829276 0.0081532 0.7580786 -0.0212441 0.6517661
31.371140 5.2572594 -0.3072779 4.1721740 0.0117996 0.7595168 -0.0222960 0.6499984
31.683900 5.3653307 -0.3144456 4.1560745 0.0132968 0.7620595 -0.0237918 0.6469332
31.892590 5.4368052 -0.3191493 4.1443453 0.0138278 0.7654949 -0.0194516 0.6429992
32.101220 5.5076184 -0.3233845 4.1323638 0.0127567 0.7705037 -0.0203130 0.6369841
32.309930 5.5770741 -0.3279706 4.1186886 0.0129286 0.7779406 -0.0211859 0.6278474
32.518590 5.6457019 -0.3327760 4.1028500 0.0142485 0.7858280 -0.0200664 0.6179553
32.727140 5.7135096 -0.3374233 4.0854936 0.0165947 0.7928929 -0.0170224 0.6088970
32.935760 5.7802448 -0.3419718 4.0667720 0.0198394 0.7984198 -0.0131064 0.6016314
33.144180 5.8463311 -0.3459880 4.0476904 0.0206281 0.8020954 -0.0107127 0.5967435
33.352510 5.9119835 -0.3500584 4.0282745 0.0228526 0.8036060 -0.0038741 0.5947102
33.560850 5.9755354 -0.3539372 4.0089254 0.0257153 0.8039230 -0.0031703 0.5941687
33.769250 6.0385008 -0.3571354 3.9901533 0.0276364 0.8033084 -0.0037407 0.5949100
33.977780 6.1008320 -0.3609209 3.9716220 0.0275078 0.8022878 -0.0003406 0.5963032
34.185940 6.1618381 -0.3642900 3.9537599 0.0288994 0.8011411 -0.0008633 0.5977767
34.394020 6.2222099 -0.3677377 3.9366298 0.0301045 0.7982193 -0.0000005 0.6016142
34.602300 6.2812800 -0.3711213 3.9206145 0.0294888 0.7950516 0.0021766 0.6058205
34.810660 6.3392282 -0.3741555 3.9054756 0.0292540 0.7926081 0.0034452 0.6090195
34.914790 6.3678079 -0.3755127 3.8980727 0.0297873 0.7914551 0.0052357 0.6104786
35.123490 6.4239626 -0.3782293 3.8839297 0.0292381 0.7892061 0.0067875 0.6133945
35.331690 6.4784179 -0.3811716 3.8711405 0.0299356 0.7866762 0.0042588 0.6166248
35.539930 6.5321598 -0.3838063 3.8588746 0.0317754 0.7828108 0.0029500 0.6214409
35.852390 6.6117053 -0.3878680 3.8431766 0.0297423 0.7726455 0.0035266 0.6341308
36.060640 6.6640692 -0.3908485 3.8348839 0.0289614 0.7632608 0.0038689 0.6454294
36.372770 6.7419152 -0.3949081 3.8270450 0.0270321 0.7428253 0.0023676 0.6689352
36.581010 6.7929420 -0.3977694 3.8253524 0.0244266 0.7281204 -0.0027634 0.6850083
36.789390 6.8439002 -0.4004464 3.8258362 0.0200507 0.7163535 -0.0077053 0.6974068
36.998010 6.8948331 -0.4032758 3.8267362 0.0127980 0.7120925 -0.0120540 0.7018654
37.207180 6.9450679 -0.4059579 3.8259995 0.0070523 0.7187377 -0.0131883 0.6951205
37.416200 6.9944153 -0.4083123 3.8229041 0.0066194 0.7277116 -0.0113182 0.6857579
37.625170 7.0429335 -0.4105161 3.8186703 0.0059076 0.7365517 -0.0113937 0.6762595
37.834140 7.0905185 -0.4120618 3.8133028 0.0054817 0.7478213 -0.0111413 0.6637840
38.043370 7.1363921 -0.4140407 3.8056164 0.0060882 0.7575801 -0.0087588 0.6526551
38.251530 7.1818624 -0.4158505 3.7975032 0.0047277 0.7667127 -0.0084419 0.6419175
38.460120 7.2257085 -0.4176873 3.7876329 0.0066158 0.7740513 -0.0068588 0.6330512
38.668540 7.2690344 -0.4195880 3.7777381 0.0090324 0.7796289 -0.0065974 0.6261419
38.876940 7.3110828 -0.4214577 3.7677455 0.0087037 0.7820424 -0.0057906 0.6231375
39.189420 7.3743982 -0.4237872 3.7530029 0.0100269 0.7832123 -0.0036404 0.6216629
39.502140 7.4372654 -0.4259907 3.7384233 0.0110327 0.7863376 -0.0061932 0.6176676
39.815010 7.5026326 -0.4285617 3.7214637 0.0107914 0.7915186 -0.0052601 0.6110271
40.128060 7.5712852 -0.4310640 3.7025859 0.0122897 0.7968359 -0.0064083 0.6040368
40.440800 7.6427789 -0.4333517 3.6813030 0.0164977 0.8016152 -0.0038326 0.5976003
40.753570 7.7157311 -0.4362278 3.6592789 0.0137941 0.8050049 -0.0015247 0.5931059
41.066270 7.7894311 -0.4389606 3.6363287 0.0138922 0.8069153 0.0026023 0.5904980
41.482890 7.8866320 -0.4415949 3.6064134 0.0158817 0.8057731 0.0016819 0.5920090
41.795430 7.9581833 -0.4438511 3.5850310 0.0177935 0.8033830 0.0015206 0.5951948
42.107930 8.0264187 -0.4464453 3.5656404 0.0189719 0.7999967 0.0007547 0.5997039
42.420400 8.0894604 -0.4488881 3.5483336 0.0167293 0.7954873 0.0046054 0.6057218
42.732820 8.1461735 -0.4508799 3.5344310 0.0155684 0.7868955 0.0071813 0.6168482
43.148930 8.2158127 -0.4532593 3.5224364 0.0184616 0.7639496 0.0026688 0.6450062
43.460950 8.2670641 -0.4553517 3.5195942 0.0144095 0.7356116 0.0012679 0.6772491
43.773070 8.3169365 -0.4570965 3.5225735 0.0068588 0.7030306 -0.0014989 0.7111250
44.085170 8.3662128 -0.4586368 3.5294869 0.0025998 0.6679973 0.0004305 0.7441590
44.293150 8.3981447 -0.4594066 3.5369902 0.0023114 0.6412950 -0.0001930 0.7672909
44.501140 8.4302683 -0.4600020 3.5471473 0.0046731 0.6107990 -0.0016227 0.7917703
44.813580 8.4778919 -0.4613137 3.5696528 0.0041260 0.5569693 -0.0086529 0.8304777
45.021230 8.5100393 -0.4623554 3.5889652 0.0069803 0.5162956 -0.0097732 0.8563262
45.229310 8.5427313 -0.4635336 3.6118565 0.0114533 0.4731098 -0.0069911 0.8809013
45.541680 8.5914774 -0.4658394 3.6575091 0.0064686 0.4068687 -0.0106848 0.9134012
45.958150 8.6544132 -0.4683852 3.7370231 0.0064943 0.3200755 -0.0088184 0.9473287
46.167710 8.6841679 -0.4699861 3.7850773 0.0052357 0.2824908 -0.0094033 0.9592096
46.375430 8.7130423 -0.4710805 3.8386235 0.0030769 0.2513478 -0.0091297 0.9678489
46.584500 8.7416859 -0.4721982 3.8974319 -0.0002213 0.2275339 -0.0081887 0.9737357
46.793320 8.7701635 -0.4733234 3.9605947 -0.0004785 0.2091340 -0.0045645 0.9778762
47.002150 8.7979336 -0.4737509 4.0279837 0.0000597 0.1914720 -0.0009220 0.9814976
47.210900 8.8236961 -0.4747334 4.0997782 0.0004791 0.1745697 -0.0009517 0.9846442
47.419800 8.8487473 -0.4756549 4.1755123 -0.0006708 0.1630064 -0.0028807 0.9866205
47.628840 8.8742638 -0.4765308 4.2536521 -0.0021637 0.1600705 -0.0055089 0.9870878
47.837650 8.9006147 -0.4772712 4.3339329 -0.0016604 0.1597667 -0.0034642 0.9871473
48.046420 8.9283772 -0.4783558 4.4173036 0.0000948 0.1597820 -0.0017410 0.9871508
48.255170 8.9567566 -0.4795541 4.5030670 -0.0009824 0.1604858 -0.0015852 0.9870364
48.463660 8.9857340 -0.4808479 4.5904069 -0.0027700 0.1613762 0.0000858 0.9868891
48.776450 9.0298700 -0.4827896 4.7230911 -0.0029014 0.1620291 0.0017038 0.9867802
49.089180 9.0753708 -0.4836349 4.8574195 -0.0046288 0.1621942 0.0042846 0.9867387
49.407810 9.1199036 -0.4850232 4.9903722 -0.0023842 0.1615983 0.0054069 0.9868389
49.714270 9.1636496 -0.4865615 5.1227627 -0.0028161 0.1597565 0.0052011 0.9871387
50.026950 9.2070951 -0.4883893 5.2556725 -0.0030248 0.1577451 0.0047946 0.9874636
50.339430 9.2498627 -0.4899546 5.3889380 -0.0039852 0.1554555 0.0060920 0.9878161
50.652030 9.2914171 -0.4914061 5.5199680 -0.0043088 0.1527377 0.0075622 0.9882284
50.964550 9.3311234 -0.4924487 5.6486516 -0.0043098 0.1498221 0.0081759 0.9886698
51.277040 9.3682652 -0.4935307 5.7715235 -0.0065003 0.1461349 0.0088967 0.9892033
51.589660 9.4024954 -0.4946811 5.8880196 -0.0021326 0.1423166 0.0069556 0.9897944
51.902300 9.4321995 -0.4962907 5.9953289 -0.0057953 0.1372053 0.0080962 0.9904926
52.215240 9.4581032 -0.4975947 6.0933619 -0.0064286 0.1311559 0.0066156 0.9913188
52.527830 9.4808664 -0.4988975 6.1805563 -0.0041349 0.1285159 0.0041889 0.9916900
52.840660 9.5002680 -0.5000084 6.2571840 -0.0008854 0.1267708 0.0035948 0.9919251
53.154550 9.5174150 -0.5014703 6.3267717 -0.0019556 0.1241844 0.0029601 0.9922528
53.465960 9.5333958 -0.5027001 6.3943892 -0.0015481 0.1131172 0.0061663 0.9935613
53.777930 9.5436792 -0.5037973 6.4594226 -0.0002526 0.0857233 0.0059370 0.9963012
54.089790 9.5471487 -0.5048158 6.5223703 -0.0023108 0.0407928 0.0049524 0.9991527
54.401580 9.5426731 -0.5057216 6.5827560 -0.0052277 -0.0179730 0.0003733 0.9998247
54.713450 9.5298710 -0.5058937 6.6395569 -0.0077243 -0.0870201 -0.0058292 0.9961596
55.025330 9.5088482 -0.5059071 6.6934161 -0.0134067 -0.1654578 -0.0070056 0.9861009
55.233280 9.4900751 -0.5057409 6.7265806 -0.0164896 -0.2204687 -0.0093267 0.9752101
55.441330 9.4685516 -0.5052131 6.7575235 -0.0173034 -0.2786825 -0.0122771 0.9601489
55.649410 9.4427366 -0.5040308 6.7853127 -0.0183403 -0.3355884 -0.0121342 0.9417520
55.857760 9.4138393 -0.5029590 6.8096886 -0.0219732 -0.3909612 -0.0105860 0.9200839
55.961860 9.3985958 -0.5022321 6.8199425 -0.0230682 -0.4178235 -0.0104433 0.9081753
56.066000 9.3824615 -0.5018154 6.8296394 -0.0252643 -0.4442737 -0.0099312 0.8954798
56.170220 9.3659458 -0.5011055 6.8380365 -0.0254240 -0.4698972 -0.0112472 0.8822833
56.274310 9.3487530 -0.5006971 6.8452129 -0.0246982 -0.4945856 -0.0128016 0.8686836
56.482840 9.3134537 -0.4993525 6.8569765 -0.0214950 -0.5422355 -0.0149150 0.8398191
56.691300 9.2767849 -0.4979463 6.8655272 -0.0187876 -0.5838091 -0.0153428 0.8115286
56.900200 9.2388334 -0.4966121 6.8716016 -0.0155053 -0.6174581 -0.0168757 0.7862698
57.109200 9.1990366 -0.4950040 6.8776798 -0.0188303 -0.6428839 -0.0119648 0.7656386
57.318320 9.1562729 -0.4930677 6.8815708 -0.0203195 -0.6608645 -0.0128832 0.7501194
57.422830 9.1335678 -0.4924064 6.8829618 -0.0194715 -0.6682410 -0.0155869 0.7435267
57.631790 9.0850534 -0.4909026 6.8854141 -0.0193323 -0.6787733 -0.0168971 0.7338989
57.840730 9.0335360 -0.4887134 6.8882785 -0.0185901 -0.6909274 -0.0103168 0.7226114
58.049450 8.9769363 -0.4864218 6.8883901 -0.0201212 -0.7031200 -0.0079342 0.7107422
58.258220 8.9156666 -0.4847198 6.8854022 -0.0186830 -0.7131814 -0.0134668 0.7006011
58.467090 8.8506441 -0.4825264 6.8823571 -0.0175316 -0.7201270 -0.0155669 0.6934461
58.676060 8.7809734 -0.4795368 6.8785286 -0.0167401 -0.7230977 -0.0170360 0.6903328
58.884940 8.7067118 -0.4765899 6.8735981 -0.0139752 -0.7241866 -0.0193350 0.6891913
59.093910 8.6288948 -0.4736296 6.8691511 -0.0098367 -0.7216011 -0.0230288 0.6918560
59.407510 8.5039415 -0.4689574 6.8660979 -0.0068262 -0.7119341 -0.0265797 0.7017099
59.720720 8.3711271 -0.4636310 6.8670149 -0.0036592 -0.7013078 -0.0289058 0.7122629
60.033570 8.2305613 -0.4586270 6.8728619 -0.0030852 -0.6900867 -0.0317135 0.7230250
60.346310 8.0853252 -0.4537091 6.8825846 -0.0044649 -0.6801860 -0.0338908 0.7322421
60.658910 7.9425182 -0.4486191 6.8954134 -0.0052406 -0.6736156 -0.0330645 0.7383233
61.075690 7.7525897 -0.4421546 6.9138179 -0.0045510 -0.6715557 -0.0324627 0.7402286
61.388180 7.6083002 -0.4371377 6.9279470 -0.0038960 -0.6707081 -0.0333043 0.7409631
61.700910 7.4641767 -0.4325185 6.9416504 -0.0031959 -0.6708900 -0.0339353 0.7407731
62.013230 7.3216681 -0.4280027 6.9550762 -0.0022308 -0.6716156 -0.0336262 0.7401329
62.221590 7.2270284 -0.4252827 6.9640212 -0.0045335 -0.6721838 -0.0356149 0.7395133
62.429920 7.1327257 -0.4215772 6.9730763 -0.0033462 -0.6725685 -0.0357557 0.7391630
62.638450 7.0390568 -0.4183141 6.9816484 -0.0031857 -0.6721328 -0.0359724 0.7395493
62.849550 6.9453559 -0.4152974 6.9905066 -0.0033132 -0.6708519 -0.0369552 0.7406626
63.055520 6.8520713 -0.4118420 6.9999561 -0.0029601 -0.6700044 -0.0363676 0.7414598
63.263940 6.7593641 -0.4087190 7.0094652 -0.0023722 -0.6696085 -0.0359285 0.7418409
63.472300 6.6677856 -0.4055039 7.0185938 -0.0020624 -0.6691279 -0.0363935 0.7422528
63.680820 6.5762544 -0.4019423 7.0285864 -0.0028074 -0.6686714 -0.0364175 0.7426604
63.889570 6.4850359 -0.3989853 7.0383096 -0.0029393 -0.6684659 -0.0365417 0.7428387
64.097830 6.3942342 -0.3953394 7.0482335 -0.0017545 -0.6683513 -0.0344988 0.7430432
64.306310 6.3032598 -0.3919612 7.0578771 -0.0008280 -0.6679282 -0.0342433 0.7434371
64.515140 6.2111521 -0.3893009 7.0682034 -0.0018064 -0.6672826 -0.0341814 0.7440177
64.827560 6.0720506 -0.3843677 7.0836420 -0.0037377 -0.6661195 -0.0333107 0.7450914
65.140170 5.9309659 -0.3801166 7.1000929 -0.0039246 -0.6652223 -0.0328454 0.7459122
65.453010 5.7890649 -0.3756633 7.1160784 -0.0017463 -0.6653658 -0.0321642 0.7458222
65.765550 5.6450615 -0.3709399 7.1320353 -0.0039786 -0.6687140 -0.0307025 0.7428749
66.078070 5.4996881 -0.3662971 7.1451554 -0.0040053 -0.6741520 -0.0319439 0.7378907
66.390840 5.3526974 -0.3611057 7.1561375 -0.0026048 -0.6788069 -0.0323689 0.7335985
66.703570 5.2038307 -0.3565150 7.1675205 -0.0007324 -0.6803224 -0.0293097 0.7323263
67.017940 5.0544281 -0.3522738 7.1788702 -0.0057208 -0.6813511 -0.0286854 0.7313721
67.328970 4.9055696 -0.3476208 7.1889262 -0.0072090 -0.6820180 -0.0314311 0.7306241
67.641720 4.7589025 -0.3423823 7.1982102 -0.0063075 -0.6824104 -0.0317728 0.7302511
67.954300 4.6127725 -0.3370603 7.2075071 -0.0036992 -0.6830793 -0.0321154 0.7296284
68.266970 4.4659448 -0.3325892 7.2170444 -0.0037899 -0.6833143 -0.0316452 0.7294284
68.579550 4.3187404 -0.3286726 7.2266388 -0.0033628 -0.6831479 -0.0318119 0.7295791
68.892240 4.1721306 -0.3238563 7.2355437 -0.0034749 -0.6830767 -0.0324152 0.7296187
69.204680 4.0251231 -0.3191928 7.2448001 -0.0038539 -0.6831943 -0.0335935 0.7294533
69.413100 3.9275689 -0.3157923 7.2508459 -0.0041168 -0.6833417 -0.0343324 0.7292794
69.725600 3.7817464 -0.3108783 7.2595658 -0.0035550 -0.6837900 -0.0352504 0.7288182
70.038070 3.6368937 -0.3056012 7.2678523 0.0023408 -0.6839269 -0.0357604 0.7286698
70.350780 3.4913297 -0.3018458 7.2766566 0.0025345 -0.6814008 -0.0376395 0.7309376
70.663330 3.3463719 -0.2972603 7.2883263 -0.0002317 -0.6791737 -0.0380455 0.7329909
70.976260 3.2023096 -0.2924941 7.2999506 -0.0000092 -0.6768513 -0.0388715 0.7350928
71.288550 3.0568912 -0.2872519 7.3117352 0.0034910 -0.6753935 -0.0355399 0.7365924
71.601510 2.9117627 -0.2835628 7.3240366 0.0005853 -0.6750476 -0.0355555 0.7369167
71.913580 2.7662559 -0.2791282 7.3365388 -0.0007699 -0.6759670 -0.0345979 0.7361189
72.226050 2.6197355 -0.2732377 7.3477974 -0.0040150 -0.6761782 -0.0374327 0.7357756
72.538690 2.4741819 -0.2686478 7.3603220 0.0001293 -0.6759210 -0.0308855 0.7363266
72.851340 2.3272996 -0.2642909 7.3719673 -0.0041396 -0.6760018 -0.0331244 0.7361435
73.163840 2.1799469 -0.2591464 7.3838339 -0.0046552 -0.6780335 -0.0326574 0.7342904
73.476280 2.0324345 -0.2544045 7.3944306 -0.0065717 -0.6817282 -0.0308766 0.7309241
73.788870 1.8855405 -0.2496511 7.4038272 -0.0059088 -0.6844065 -0.0305320 0.7284371
74.101330 1.7375438 -0.2442634 7.4119935 -0.0060908 -0.6861196 -0.0323542 0.7267435
74.414060 1.5906428 -0.2390949 7.4202924 -0.0047383 -0.6868547 -0.0324608 0.7260540
74.726710 1.4439242 -0.2340939 7.4283776 -0.0053659 -0.6878600 -0.0318560 0.7251241
74.935080 1.3478777 -0.2310467 7.4335184 -0.0061919 -0.6889451 -0.0321829 0.7240722
75.143430 1.2519344 -0.2275447 7.4377666 -0.0061342 -0.6900601 -0.0308709 0.7230674
75.351710 1.1576519 -0.2246307 7.4417119 -0.0060975 -0.6913539 -0.0301840 0.7218598
75.560080 1.0644072 -0.2222713 7.4450030 -0.0047047 -0.6931213 -0.0264731 0.7203193
75.768340 0.9713423 -0.2196960 7.4478912 -0.0044562 -0.6946959 -0.0253406 0.7188433
76.080700 0.8333067 -0.2160444 7.4521103 -0.0077863 -0.6967492 -0.0274563 0.7167469
76.289060 0.7412539 -0.2132355 7.4537730 -0.0068822 -0.6967394 -0.0276702 0.7167574
76.601900 0.6054885 -0.2089090 7.4575930 -0.0075186 -0.6967698 -0.0306730 0.7165992
76.914470 0.4726069 -0.2040541 7.4605732 -0.0065804 -0.6975465 -0.0306053 0.7158554
77.122590 0.3858645 -0.2009913 7.4623103 -0.0066122 -0.6988795 -0.0317980 0.7145017
77.436110 0.2603008 -0.1969753 7.4635754 -0.0060883 -0.7010071 -0.0320948 0.7124057
77.643330 0.1776999 -0.1941707 7.4641037 -0.0055647 -0.7025964 -0.0320060 0.7108467
77.851700 0.0971051 -0.1915452 7.4643569 -0.0056681 -0.7036821 -0.0319394 0.7097741
78.060100 0.0188257 -0.1891355 7.4643030 -0.0057474 -0.7046332 -0.0330859 0.7087766
78.268580 -0.0566535 -0.1867510 7.4645314 -0.0050037 -0.7050193 -0.0343558 0.7083378
78.477150 -0.1296701 -0.1841269 7.4644485 -0.0032168 -0.7035753 -0.0348402 0.7097588
78.685710 -0.2001817 -0.1819496 7.4655232 -0.0023111 -0.7017153 -0.0344409 0.7116207
78.894170 -0.2693032 -0.1796348 7.4664989 -0.0021512 -0.6996255 -0.0335892 0.7137165
79.102740 -0.3364950 -0.1775422 7.4683971 -0.0019584 -0.6979313 -0.0323405 0.7154315
79.311290 -0.4022728 -0.1758749 7.4699197 -0.0028930 -0.6963094 -0.0324866 0.7170002
79.521320 -0.4665474 -0.1739026 7.4720445 -0.0038544 -0.6954828 -0.0325214 0.7177960
79.728360 -0.5291249 -0.1719418 7.4739475 -0.0039052 -0.6946019 -0.0320373 0.7186700
79.936810 -0.5894107 -0.1702272 7.4755249 -0.0043454 -0.6934457 -0.0323859 0.7197675
80.353800 -0.7034338 -0.1666639 7.4805608 -0.0060894 -0.6901229 -0.0325157 0.7229357
80.562510 -0.7553293 -0.1649935 7.4832759 -0.0069121 -0.6876283 -0.0318703 0.7253302
80.770930 -0.8048490 -0.1633547 7.4864831 -0.0081636 -0.6850080 -0.0318672 0.7277924
81.083960 -0.8736783 -0.1613343 7.4921632 -0.0088102 -0.6787621 -0.0317858 0.7336171
81.709820 -0.9959265 -0.1581438 7.5083852 -0.0073258 -0.6543115 -0.0268251 0.7557136
82.649060 -1.1381276 -0.1557212 7.5485649 -0.0078164 -0.5843329 -0.0171329 0.8112955
82.962170 -1.1787395 -0.1550117 7.5682869 -0.0121226 -0.5477059 -0.0187929 0.8363720
83.901950 -1.2785432 -0.1533037 7.6524267 -0.0005847 -0.3986490 -0.0097417 0.9170517
84.215120 -1.3095150 -0.1536381 7.6936421 -0.0034078 -0.3372432 -0.0077312 0.9413797
84.423690 -1.3270655 -0.1538128 7.7244020 -0.0032864 -0.2948659 -0.0061697 0.9555131
84.632280 -1.3433785 -0.1542573 7.7584915 -0.0000547 -0.2534055 -0.0063249 0.9673395
84.840760 -1.3575425 -0.1541375 7.7958660 0.0026859 -0.2124178 -0.0079230 0.9771431
85.051210 -1.3708795 -0.1545713 7.8388176 0.0028077 -0.1709012 -0.0100831 0.9852326
85.257700 -1.3814487 -0.1555604 7.8871140 0.0019216 -0.1287523 -0.0102873 0.9916216
85.466110 -1.3891734 -0.1557750 7.9392371 0.0062909 -0.0910712 -0.0108745 0.9957651
85.778090 -1.3999062 -0.1591703 8.0247116 0.0062574 -0.0472027 -0.0071560 0.9988401
85.985830 -1.4017584 -0.1603226 8.0869675 0.0064581 -0.0321254 -0.0030985 0.9994582
86.193550 -1.4011188 -0.1609901 8.1528139 0.0059096 -0.0226618 -0.0002231 0.9997257
86.401450 -1.3995199 -0.1609282 8.2212458 0.0055205 -0.0193309 0.0029817 0.9997935
86.608970 -1.3968756 -0.1590431 8.2925615 0.0065995 -0.0207755 0.0053963 0.9997478
86.816720 -1.3953812 -0.1576509 8.3673944 0.0068194 -0.0247345 0.0045112 0.9996606
87.024550 -1.3999372 -0.1603890 8.4457941 0.0081126 -0.0271702 0.0065427 0.9995765
87.648940 -1.4042816 -0.1624957 8.6947708 0.0058655 -0.0344814 0.0029967 0.9993836
87.961420 -1.4111490 -0.1653196 8.8188419 0.0082494 -0.0361069 -0.0002894 0.9993138
88.273850 -1.4194007 -0.1693478 8.9390106 0.0058597 -0.0380069 0.0002795 0.9992602
88.586360 -1.4293993 -0.1730786 9.0602942 0.0036079 -0.0407236 0.0018316 0.9991623
88.898830 -1.4403827 -0.1763799 9.1784849 0.0018022 -0.0435813 0.0026305 0.9990448
89.211590 -1.4528912 -0.1792678 9.2952938 0.0028923 -0.0455086 0.0024357 0.9989568
89.524190 -1.4653084 -0.1822638 9.4097681 0.0041015 -0.0461369 0.0011056 0.9989261
89.836930 -1.4767389 -0.1852248 9.5211926 0.0016357 -0.0454397 0.0014656 0.9989647
90.149600 -1.4884926 -0.1878205 9.6242409 0.0042743 -0.0459572 -0.0008461 0.9989339
90.462220 -1.4991753 -0.1905930 9.7198896 0.0013066 -0.0489035 -0.0008293 0.9988023
90.774680 -1.5091975 -0.1928436 9.8054399 0.0026619 -0.0533088 -0.0005862 0.9985744
91.087510 -1.5200950 -0.1946319 9.8818455 0.0031758 -0.0557932 -0.0008870 0.9984369
91.400350 -1.5280772 -0.1967927 9.9500122 0.0030893 -0.0497030 -0.0020956 0.9987571
91.713820 -1.5325570 -0.1983355 10.0150642 0.0042735 -0.0310082 -0.0041957 0.9995012
92.026880 -1.5323452 -0.2005939 10.0782423 0.0060594 -0.0003471 -0.0033011 0.9999761
92.340330 -1.5270938 -0.2022846 10.1383104 0.0112825 0.0442397 -0.0044139 0.9989475
92.654030 -1.5136023 -0.2044063 10.1954966 0.0111634 0.0996449 0.0029680 0.9949560
92.968320 -1.4939117 -0.2068267 10.2480259 0.0095028 0.1600512 0.0118879 0.9869914
93.280830 -1.4693480 -0.2092628 10.2975540 0.0126964 0.2265498 0.0075261 0.9738877
93.594110 -1.4356918 -0.2110007 10.3434277 0.0204588 0.2952848 0.0118493 0.9551167
93.802820 -1.4096074 -0.2120450 10.3730211 0.0217690 0.3428050 0.0065658 0.9391314
94.011550 -1.3809838 -0.2145108 10.4016304 0.0153652 0.3896807 -0.0042687 0.9208120
94.220100 -1.3468752 -0.2162413 10.4256401 0.0199131 0.4364703 0.0006548 0.8994980
94.428710 -1.3096213 -0.2173808 10.4473200 0.0226400 0.4836619 -0.0012668 0.8749611
94.639870 -1.2684000 -0.2195949 10.4679632 0.0158964 0.5287064 -0.0090279 0.8486078
94.845720 -1.2224834 -0.2222024 10.4844618 0.0135074 0.5691328 -0.0071605 0.8221035
95.054000 -1.1732391 -0.2246126 10.4973078 0.0178459 0.6017895 -0.0056210 0.7984355
95.262120 -1.1198111 -0.2261158 10.5082722 0.0184059 0.6268963 -0.0059866 0.7788623
95.469850 -1.0621322 -0.2285155 10.5176020 0.0142830 0.6476523 -0.0041327 0.7617909
95.677890 -1.0007409 -0.2309642 10.5246735 0.0127123 0.6663361 -0.0062316 0.7455171
95.885910 -0.9354638 -0.2330416 10.5287170 0.0173820 0.6814637 -0.0039580 0.7316347
96.093730 -0.8665522 -0.2351894 10.5315266 0.0145034 0.6938421 -0.0019072 0.7199786
96.301480 -0.7940912 -0.2380679 10.5326223 0.0129949 0.7026150 -0.0005232 0.7114514
96.613110 -0.6794856 -0.2407091 10.5325232 0.0177986 0.7078924 0.0028639 0.7060902
96.820940 -0.5988059 -0.2432300 10.5324478 0.0155254 0.7092922 0.0030550 0.7047370
97.028860 -0.5154062 -0.2457018 10.5320597 0.0156951 0.7100953 0.0035434 0.7039217
97.340580 -0.3884110 -0.2492028 10.5315628 0.0145911 0.7084796 0.0074912 0.7055407
97.652490 -0.2617430 -0.2524661 10.5325737 0.0161810 0.7049810 0.0077908 0.7089988
97.964520 -0.1339874 -0.2563214 10.5357914 0.0166475 0.7017988 0.0066322 0.7121498
98.276660 -0.0042343 -0.2598858 10.5399027 0.0131623 0.6994663 0.0043902 0.7145309
98.588990 0.1263255 -0.2634960 10.5446873 0.0114950 0.6978702 0.0009227 0.7161314
98.901370 0.2573776 -0.2677639 10.5495396 0.0105052 0.6976600 0.0009060 0.7163514
99.213720 0.3883030 -0.2720510 10.5539112 0.0106576 0.6982950 0.0022794 0.7157272
99.526340 0.5178365 -0.2760282 10.5580101 0.0078230 0.6995631 0.0004917 0.7145278
99.838860 0.6456938 -0.2795573 10.5616074 0.0051397 0.7020329 -0.0005394 0.7121257
100.151300 0.7726158 -0.2826911 10.5645056 0.0008797 0.7040334 0.0009603 0.7101656
100.463900 0.8974448 -0.2855562 10.5667992 0.0057316 0.7044477 -0.0013076 0.7097316
100.776300 1.0211598 -0.2889868 10.5686741 0.0052847 0.7051260 -0.0023841 0.7090583
101.089600 1.1437638 -0.2922087 10.5700073 0.0024260 0.7068077 -0.0008693 0.7074010
101.401500 1.2631973 -0.2953723 10.5709152 0.0033513 0.7078502 -0.0020573 0.7063516
101.714000 1.3822308 -0.2980743 10.5714846 0.0023167 0.7072744 -0.0010825 0.7069345
102.026500 1.4998189 -0.3012620 10.5728779 0.0007748 0.7067672 -0.0004428 0.7074456
102.339000 1.6157064 -0.3035801 10.5744867 0.0018612 0.7072478 -0.0031018 0.7069565
102.651500 1.7300695 -0.3072519 10.5752544 0.0034507 0.7075110 -0.0048725 0.7066771
102.964100 1.8421232 -0.3106823 10.5754547 0.0121480 0.7065086 -0.0060942 0.7075739
103.276500 1.9536020 -0.3152468 10.5773897 0.0065779 0.7045542 -0.0021808 0.7096163
103.484800 2.0267055 -0.3174047 10.5790434 0.0040440 0.7038798 -0.0036404 0.7102982
103.693400 2.0989723 -0.3197775 10.5807495 0.0022024 0.7040804 -0.0066706 0.7100855
103.901800 2.1706228 -0.3218471 10.5818033 0.0015750 0.7051407 -0.0076816 0.7090240
104.214400 2.2767477 -0.3251094 10.5832071 0.0016888 0.7066701 -0.0056016 0.7075190
104.526700 2.3786533 -0.3283149 10.5845137 0.0004585 0.7063753 -0.0064989 0.7078075
104.839200 2.4782078 -0.3312275 10.5860271 0.0022286 0.7057855 -0.0096453 0.7083564
105.151800 2.5763021 -0.3346189 10.5876846 0.0003414 0.7055000 -0.0096723 0.7086439
105.360200 2.6409829 -0.3366451 10.5884628 0.0005413 0.7058758 -0.0080798 0.7082893
105.672800 2.7377224 -0.3394385 10.5891809 -0.0000344 0.7088465 -0.0080038 0.7053173
105.985600 2.8334372 -0.3426228 10.5883398 0.0029237 0.7126863 -0.0082212 0.7014287
106.298500 2.9321723 -0.3457213 10.5856133 0.0028442 0.7187747 -0.0113174 0.6951452
106.611300 3.0348966 -0.3491842 10.5806894 0.0041255 0.7247921 -0.0100421 0.6888821
106.924000 3.1427083 -0.3524540 10.5750389 0.0014253 0.7308167 -0.0084662 0.6825199
107.236600 3.2537830 -0.3555043 10.5652800 0.0056220 0.7362130 -0.0090934 0.6766655
107.549200 3.3713610 -0.3587912 10.5537281 0.0068548 0.7404139 -0.0056574 0.6720924
107.861600 3.4953454 -0.3622133 10.5416508 0.0066780 0.7426928 -0.0004634 0.6695989
108.174000 3.6242015 -0.3651685 10.5288048 0.0106564 0.7426112 0.0000100 0.6696380
108.486300 3.7593966 -0.3686220 10.5154285 0.0155410 0.7405317 0.0044123 0.6718273
108.798500 3.8999834 -0.3720612 10.5040016 0.0163655 0.7359623 0.0084422 0.6767721
109.110700 4.0457697 -0.3752877 10.4938822 0.0177714 0.7308981 0.0075174 0.6822138
109.423000 4.1960311 -0.3792553 10.4864550 0.0178930 0.7265341 0.0059237 0.6868719
109.735500 4.3469543 -0.3849340 10.4796638 0.0205816 0.7248640 0.0039091 0.6885734
110.047800 4.4994373 -0.3897921 10.4728718 0.0179186 0.7237574 0.0104185 0.6897432
110.361100 4.6514673 -0.3934847 10.4673243 0.0187751 0.7230704 0.0087796 0.6904633
110.672600 4.8041697 -0.3981802 10.4617519 0.0186378 0.7219634 0.0087061 0.6916254
110.985200 4.9553976 -0.4032848 10.4569664 0.0200892 0.7198840 0.0056649 0.6937805
111.297500 5.1054544 -0.4084561 10.4532957 0.0160806 0.7170183 0.0087247 0.6968142
111.609900 5.2534080 -0.4127893 10.4514170 0.0137115 0.7150503 0.0061695 0.6989113
111.922300 5.3994837 -0.4172094 10.4497414 0.0092092 0.7141392 0.0024823 0.6999388
112.234700 5.5430942 -0.4222874 10.4480753 0.0122322 0.7144153 -0.0014693 0.6996135
112.547100 5.6862226 -0.4276052 10.4463596 0.0092249 0.7154626 0.0004285 0.6985900
112.859700 5.8261304 -0.4319678 10.4443140 0.0062988 0.7182254 -0.0014638 0.6957805
113.172100 5.9672194 -0.4359654 10.4398680 0.0045417 0.7225232 -0.0020931 0.6913286
113.484600 6.1072874 -0.4398097 10.4339876 0.0061410 0.7271076 -0.0037941 0.6864855
113.692900 6.2004700 -0.4426574 10.4289818 0.0048720 0.7317717 -0.0043077 0.6815188
114.005500 6.3395324 -0.4463598 10.4178057 0.0035401 0.7408565 -0.0011652 0.6716530
114.213900 6.4314494 -0.4480462 10.4081926 0.0024830 0.7470768 -0.0018572 0.6647305
114.423500 6.5234628 -0.4495510 10.3966761 0.0032771 0.7532421 -0.0010344 0.6577345
114.630800 6.6146221 -0.4518072 10.3834066 0.0052989 0.7599747 -0.0016873 0.6499289
114.943300 6.7515650 -0.4553855 10.3590269 0.0087868 0.7703732 0.0020266 0.6375295
115.255800 6.8884802 -0.4587376 10.3299885 0.0140314 0.7763605 0.0072383 0.6300914
115.568000 7.0242968 -0.4621399 10.3012581 0.0215042 0.7766942 0.0096920 0.6294360
115.879800 7.1604824 -0.4659758 10.2740259 0.0244527 0.7713695 0.0158254 0.6357206
116.191900 7.2965164 -0.4691483 10.2497063 0.0266387 0.7659516 0.0196654 0.6420450
116.504000 7.4308414 -0.4730445 10.2281666 0.0303400 0.7602074 0.0162838 0.6487673
116.816100 7.5671349 -0.4769697 10.2095652 0.0273933 0.7535678 0.0187082 0.6565327
117.128700 7.7015109 -0.4811596 10.1939487 0.0288423 0.7500536 0.0158079 0.6605587
117.441200 7.8312020 -0.4852018 10.1785965 0.0270246 0.7494280 0.0204024 0.6612194
117.649600 7.9122238 -0.4876092 10.1689529 0.0248027 0.7491058 0.0227574 0.6615946
117.858100 7.9922514 -0.4893580 10.1591730 0.0288491 0.7487012 0.0197242 0.6619858
118.066500 8.0708094 -0.4913169 10.1497221 0.0293209 0.7488104 0.0174267 0.6619061
118.379200 8.1895399 -0.4941359 10.1353712 0.0281335 0.7499387 0.0216695 0.6605535
118.587700 8.2681503 -0.4961903 10.1257515 0.0274309 0.7509418 0.0258802 0.6592907
118.796200 8.3447170 -0.4978538 10.1162386 0.0315541 0.7516625 0.0238066 0.6583624
119.005100 8.4208031 -0.4993876 10.1061363 0.0357674 0.7503490 0.0221234 0.6597026
119.317100 8.5325203 -0.5029298 10.0936604 0.0310654 0.7463311 0.0245918 0.6643945
119.629500 8.6435432 -0.5061974 10.0829611 0.0306263 0.7426643 0.0220608 0.6685993
119.837900 8.7166739 -0.5083459 10.0764751 0.0310069 0.7407226 0.0216674 0.6707452
120.046300 8.7890415 -0.5102307 10.0700178 0.0273988 0.7393623 0.0245193 0.6723031
120.254600 8.8600807 -0.5119607 10.0636797 0.0276955 0.7386950 0.0223563 0.6730994
120.463100 8.9291439 -0.5138833 10.0580244 0.0275213 0.7386813 0.0176002 0.6732627
120.671400 8.9959354 -0.5158765 10.0525351 0.0241168 0.7389050 0.0177728 0.6731433
120.984100 9.0887375 -0.5185235 10.0444098 0.0211024 0.7392132 0.0197634 0.6728507
121.192500 9.1446934 -0.5200421 10.0398388 0.0226564 0.7391154 0.0166561 0.6729916
121.400800 9.1960907 -0.5215510 10.0348806 0.0243249 0.7383988 0.0157869 0.6737406
121.713700 9.2648191 -0.5239980 10.0297375 0.0232675 0.7382467 0.0135006 0.6739942
122.026500 9.3293629 -0.5264530 10.0237188 0.0249973 0.7416790 0.0104680 0.6702073
122.339400 9.3910456 -0.5287829 10.0166550 0.0257124 0.7467292 0.0113719 0.6645337
122.652800 9.4458170 -0.5307257 10.0092554 0.0256339 0.7515514 0.0137861 0.6590321
122.965100 9.4923458 -0.5323786 10.0026073 0.0270386 0.7555844 0.0117751 0.6543872
123.278000 9.5367689 -0.5340874 9.9954777 0.0277849 0.7601604 0.0139527 0.6489910
123.591600 9.5800838 -0.5354462 9.9878883 0.0274096 0.7656271 0.0135437 0.6425577
123.903600 9.6224174 -0.5370543 9.9796600 0.0277496 0.7733938 0.0118079 0.6332082
124.216600 9.6652899 -0.5382571 9.9691563 0.0279404 0.7859923 0.0089910 0.6175391
124.529700 9.7097349 -0.5399289 9.9566097 0.0255090 0.8006805 0.0070819 0.5985063
124.842600 9.7569237 -0.5412339 9.9392185 0.0262862 0.8180447 0.0054450 0.5745279
125.155700 9.8072033 -0.5432686 9.9179678 0.0232571 0.8392035 0.0018642 0.5433168
125.468700 9.8595610 -0.5446522 9.8886614 0.0210366 0.8627222 0.0009598 0.5052396
125.677400 9.8956814 -0.5462610 9.8645697 0.0197052 0.8792775 0.0029482 0.4758930
125.886700 9.9315710 -0.5471904 9.8365860 0.0189099 0.8955777 0.0036294 0.4444883
126.198900 9.9838772 -0.5480309 9.7867241 0.0181049 0.9189336 0.0056065 0.3939567
126.408300 10.0178652 -0.5487720 9.7486105 0.0159181 0.9333032 0.0056400 0.3586920
126.616000 10.0500612 -0.5491418 9.7061338 0.0158775 0.9463902 0.0058837 0.3225818
126.928800 10.0946207 -0.5498961 9.6347427 0.0168154 0.9625305 0.0056506 0.2705927
127.241400 10.1341791 -0.5502326 9.5547714 0.0149004 0.9757785 0.0068091 0.2181465
127.449800 10.1568346 -0.5504071 9.4954014 0.0163133 0.9832608 0.0121049 0.1810677
127.658400 10.1762142 -0.5498996 9.4314623 0.0144202 0.9896182 0.0152386 0.1421816
127.867100 10.1901159 -0.5489256 9.3646088 0.0163215 0.9944715 0.0150089 0.1026385
128.075400 10.1985464 -0.5477377 9.2953243 0.0200375 0.9977477 0.0134858 0.0625803
128.283700 10.2021933 -0.5471960 9.2242336 0.0208858 0.9994238 0.0085381 0.0253562
128.492100 10.2008524 -0.5467106 9.1511526 0.0238873 0.9996730 0.0065130 -0.0063930
128.700300 10.1958675 -0.5466675 9.0756340 0.0247429 0.9990707 0.0093390 -0.0340331
128.908300 10.1877565 -0.5460382 8.9992352 0.0241404 0.9980421 0.0107318 -0.0566924
129.116400 10.1765804 -0.5451806 8.9208145 0.0224039 0.9967302 0.0136193 -0.0764293
129.324500 10.1617231 -0.5433572 8.8415871 0.0207889 0.9949419 0.0187753 -0.0964667
129.532700 10.1437626 -0.5411082 8.7609882 0.0169700 0.9928806 0.0225604 -0.1157206
129.740800 10.1225500 -0.5385043 8.6803179 0.0158156 0.9909999 0.0188114 -0.1315871
129.948900 10.0993814 -0.5360256 8.5981894 0.0130902 0.9894007 0.0127795 -0.1440542
130.261000 10.0588207 -0.5329103 8.4718275 0.0196380 0.9875307 0.0149558 -0.1554791
130.573100 10.0172482 -0.5306095 8.3447857 0.0210426 0.9865245 0.0127821 -0.1617502
130.885300 9.9738369 -0.5285267 8.2175875 0.0235522 0.9863039 0.0125959 -0.1627613
131.197300 9.9305925 -0.5262939 8.0882931 0.0280491 0.9870677 0.0126244 -0.1573251
131.509500 9.8918686 -0.5242091 7.9607263 0.0295527 0.9884458 0.0136829 -0.1480353
131.821600 9.8563471 -0.5220870 7.8335981 0.0299927 0.9897944 0.0137801 -0.1386279
132.133900 9.8233223 -0.5201376 7.7113023 0.0290757 0.9909170 0.0154961 -0.1303766
132.448000 9.7939968 -0.5182142 7.5973473 0.0275062 0.9914420 0.0162556 -0.1265779
132.760700 9.7673082 -0.5162213 7.4920087 0.0270954 0.9914622 0.0154874 -0.1266045
133.072500 9.7413731 -0.5146241 7.3956399 0.0270365 0.9909852 0.0158470 -0.1302547
133.489200 9.7082214 -0.5134801 7.2766995 0.0258159 0.9893265 0.0154515 -0.1425757
133.802200 9.6806908 -0.5120761 7.1909399 0.0249965 0.9861328 0.0157947 -0.1633027
134.220100 9.6365280 -0.5096346 7.0892091 0.0240213 0.9766229 0.0153097 -0.2130642
134.533600 9.5965881 -0.5082929 7.0214882 0.0214593 0.9620450 0.0132162 -0.2717245
134.951900 9.5297079 -0.5061547 6.9466763 0.0218092 0.9316602 0.0105338 -0.3625226
135.265300 9.4714079 -0.5048228 6.9000516 0.0186189 0.8996728 0.0143194 -0.4359325
135.578300 9.4049873 -0.5023584 6.8646231 -0.0180755 -0.8624145 -0.0157108 0.5056359
135.787000 9.3572903 -0.5009893 6.8449597 -0.0153040 -0.8347471 -0.0198036 0.5500644
135.995500 9.3077726 -0.4993959 6.8308477 -0.0145813 -0.8057687 -0.0199556 0.5917144
136.204000 9.2562513 -0.4974606 6.8205662 -0.0134629 -0.7778944 -0.0216214 0.6278785
136.308100 9.2292700 -0.4962021 6.8170500 -0.0141139 -0.7652368 -0.0230077 0.6431828
136.517700 9.1720495 -0.4941073 6.8124776 -0.0167687 -0.7435845 -0.0250209 0.6679633
136.726800 9.1128626 -0.4916693 6.8092599 -0.0140627 -0.7256119 -0.0256998 0.6874803
136.932000 9.0504656 -0.4887195 6.8087363 -0.0098827 -0.7120424 -0.0246235 0.7016350
137.141300 8.9847813 -0.4860415 6.8094530 -0.0076593 -0.7018746 -0.0254193 0.7118056
137.347700 8.9149246 -0.4833801 6.8120761 -0.0084463 -0.6926222 -0.0272184 0.7207373
137.555600 8.8419399 -0.4807173 6.8163815 -0.0076646 -0.6845239 -0.0279325 0.7284148
137.763500 8.7659540 -0.4778411 6.8220296 -0.0082625 -0.6796826 -0.0264689 0.7329821
137.971500 8.6873569 -0.4748751 6.8280878 -0.0074196 -0.6786361 -0.0262282 0.7339687
138.179500 8.6050873 -0.4719253 6.8337874 -0.0066119 -0.6790395 -0.0275473 0.7335549
147.555000 4.0932302 -0.3214281 7.2400303 -0.0030561 -0.6829074 -0.0322180 0.7297877
147.971700 3.8791914 -0.3142199 7.2531013 -0.0037015 -0.6836382 -0.0342020 0.7290099
150.367100 2.6413105 -0.2749062 7.3625784 -0.0085239 -0.6720359 -0.0320579 0.7397752
150.887800 2.3646846 -0.2660653 7.3854871 -0.0068997 -0.6783280 -0.0268722 0.7342352
153.594900 0.9078093 -0.2183732 7.4558525 -0.0080322 -0.6965948 -0.0246443 0.7169964
157.242100 -0.5704544 -0.1714120 7.4995766 -0.0089271 -0.6583731 -0.0272279 0.7521461
157.658800 -0.6898812 -0.1682752 7.5167480 -0.0156360 -0.6560318 -0.0221887 0.7542450
158.075300 -0.7980596 -0.1648855 7.5310402 -0.0203957 -0.6621327 -0.0197707 0.7488481
158.491900 -0.8914343 -0.1617337 7.5410299 -0.0227271 -0.6691196 -0.0185593 0.7425753
159.534000 -1.0483904 -0.1576094 7.5528479 -0.0167829 -0.6820198 -0.0171880 0.7309390
159.950900 -1.0876321 -0.1567795 7.5544548 -0.0146267 -0.6847978 -0.0149580 0.7284328
160.367900 -1.1236852 -0.1558703 7.5562153 -0.0130048 -0.6878421 -0.0133668 0.7256207
161.306000 -1.2041261 -0.1538491 7.5575690 -0.0109381 -0.6953136 -0.0148001 0.7184709
161.722800 -1.2504103 -0.1530395 7.5574431 -0.0072600 -0.7001791 -0.0135720 0.7138013
162.139700 -1.3105620 -0.1516710 7.5569072 -0.0025582 -0.7041667 -0.0125244 0.7099196
162.556600 -1.3873190 -0.1503653 7.5563002 -0.0014150 -0.7027756 -0.0165373 0.7112179
162.973500 -1.4809426 -0.1479632 7.5576186 -0.0102939 -0.7012467 -0.0219834 0.7125053
163.390600 -1.5877490 -0.1441175 7.5587573 -0.0122289 -0.7018312 -0.0166970 0.7120426
163.807300 -1.7097245 -0.1398087 7.5592875 -0.0184472 -0.7052383 -0.0124561 0.7086209
164.224100 -1.8450125 -0.1362305 7.5569682 -0.0090344 -0.7076771 -0.0076452 0.7064368
164.641600 -1.9942837 -0.1333596 7.5535235 -0.0091260 -0.7089427 -0.0105057 0.7051288
164.953900 -2.1138546 -0.1315478 7.5515809 -0.0090815 -0.7096934 -0.0128874 0.7043342
165.266500 -2.2404125 -0.1283580 7.5498776 -0.0115565 -0.7101865 -0.0153806 0.7037506
165.579300 -2.3716259 -0.1250981 7.5475311 -0.0092467 -0.7090217 -0.0148580 0.7049695
165.892000 -2.5065794 -0.1216872 7.5452237 -0.0102399 -0.7068757 -0.0162197 0.7070777
166.204900 -2.6450484 -0.1182992 7.5440068 -0.0113728 -0.7052546 -0.0152922 0.7086980
166.517400 -2.7869651 -0.1150300 7.5432491 -0.0116330 -0.7051384 -0.0143584 0.7088289
166.829900 -2.9307575 -0.1114716 7.5416059 -0.0096187 -0.7057060 -0.0157139 0.7082652
167.142500 -3.0751572 -0.1082024 7.5393319 -0.0091270 -0.7058931 -0.0176312 0.7080401
167.351000 -3.1724608 -0.1060704 7.5388761 -0.0104701 -0.7058343 -0.0175465 0.7080822
167.559000 -3.2701311 -0.1037578 7.5380659 -0.0121030 -0.7053770 -0.0179192 0.7085025
167.767400 -3.3688078 -0.1012972 7.5373306 -0.0115933 -0.7052932 -0.0181411 0.7085887
167.975600 -3.4663548 -0.0987770 7.5365043 -0.0083610 -0.7050574 -0.0179991 0.7088724
168.183900 -3.5642874 -0.0967527 7.5353580 -0.0070020 -0.7049215 -0.0215560 0.7089231
168.288000 -3.6133616 -0.0953536 7.5351052 -0.0098587 -0.7049723 -0.0241839 0.7087538
168.496400 -3.7117126 -0.0919468 7.5345240 -0.0111051 -0.7048748 -0.0270432 0.7087291
168.600500 -3.7602706 -0.0902111 7.5342069 -0.0081539 -0.7049455 -0.0255431 0.7087545
168.808900 -3.8576572 -0.0878459 7.5337605 -0.0039020 -0.7045882 -0.0208903 0.7092982
169.017300 -3.9554873 -0.0856737 7.5335565 -0.0053407 -0.7043209 -0.0207443 0.7095584
169.225900 -4.0529761 -0.0832993 7.5338593 -0.0076790 -0.7042457 -0.0195698 0.7096450
169.329900 -4.1020598 -0.0823192 7.5339155 -0.0078069 -0.7043539 -0.0188344 0.7095561
169.538100 -4.1997275 -0.0804651 7.5333538 -0.0073223 -0.7048038 -0.0172057 0.7091558
169.642300 -4.2482061 -0.0793394 7.5331602 -0.0085415 -0.7050542 -0.0175469 0.7088848
169.850700 -4.3469663 -0.0768368 7.5326867 -0.0116459 -0.7054707 -0.0197687 0.7083676
170.059000 -4.4447246 -0.0743286 7.5323930 -0.0077461 -0.7061302 -0.0179830 0.7078112
170.267400 -4.5423360 -0.0719879 7.5316458 -0.0060688 -0.7064784 -0.0183444 0.7074708
170.475800 -4.6412325 -0.0696285 7.5306339 -0.0089403 -0.7065969 -0.0212738 0.7072399
170.684100 -4.7392721 -0.0676535 7.5293980 -0.0072331 -0.7071377 -0.0206795 0.7067364
170.892400 -4.8375201 -0.0653919 7.5282083 -0.0041681 -0.7083208 -0.0226215 0.7055158
171.100700 -4.9360628 -0.0629447 7.5262771 -0.0030642 -0.7099543 -0.0215122 0.7039124
171.308900 -5.0347223 -0.0610521 7.5245671 -0.0051206 -0.7119900 -0.0188743 0.7019172
171.517300 -5.1330533 -0.0592134 7.5222359 -0.0026368 -0.7136018 -0.0157250 0.7003701
171.725500 -5.2318993 -0.0578793 7.5192051 -0.0028342 -0.7152122 -0.0172754 0.6986881
172.038000 -5.3795619 -0.0555202 7.5134296 -0.0059176 -0.7171770 -0.0212865 0.6965408
172.247200 -5.4777155 -0.0535468 7.5089674 -0.0040387 -0.7187141 -0.0171623 0.6950821
172.454600 -5.5762005 -0.0524138 7.5043502 -0.0037572 -0.7205809 -0.0156400 0.6931842
172.766900 -5.7258229 -0.0503662 7.4963837 -0.0048197 -0.7232010 -0.0182376 0.6903799
173.079300 -5.8752112 -0.0477914 7.4867902 -0.0048547 -0.7256620 -0.0172275 0.6878185
173.287500 -5.9741154 -0.0461237 7.4806390 -0.0046490 -0.7275432 -0.0153230 0.6858750
173.599900 -6.1223416 -0.0445316 7.4698501 -0.0060041 -0.7292324 -0.0132291 0.6841119
174.120500 -6.3700023 -0.0406051 7.4516091 -0.0080473 -0.7321618 -0.0128631 0.6809617
174.329000 -6.4699655 -0.0390822 7.4432201 -0.0081729 -0.7328447 -0.0117218 0.6802459
174.641400 -6.6196542 -0.0371920 7.4311113 -0.0099952 -0.7336971 -0.0107059 0.6793188
174.953800 -6.7693286 -0.0350665 7.4185758 -0.0106079 -0.7337250 -0.0089966 0.6793042
175.162100 -6.8692455 -0.0339091 7.4093890 -0.0080799 -0.7331336 -0.0083460 0.6799855
175.474500 -7.0205455 -0.0321876 7.3970404 -0.0093577 -0.7334479 -0.0116122 0.6795821
175.787300 -7.1720724 -0.0298714 7.3837829 -0.0083748 -0.7340584 -0.0126582 0.6789167
176.099300 -7.3231993 -0.0277348 7.3697829 -0.0056214 -0.7342306 -0.0135096 0.6787424
176.411600 -7.4758906 -0.0257934 7.3568807 -0.0064761 -0.7342609 -0.0138042 0.6786962
176.619800 -7.5782666 -0.0243338 7.3484721 -0.0074842 -0.7340875 -0.0132738 0.6788839
176.932200 -7.7313433 -0.0229825 7.3347421 -0.0055047 -0.7339680 -0.0107815 0.6790762
177.244500 -7.8831511 -0.0211377 7.3214350 -0.0079557 -0.7339714 -0.0119079 0.6790294
177.556900 -8.0360317 -0.0192616 7.3092084 -0.0106674 -0.7347543 -0.0098641 0.6781777
177.764900 -8.1376390 -0.0180132 7.3000360 -0.0096959 -0.7348557 -0.0090249 0.6780941
178.077300 -8.2901783 -0.0157151 7.2865295 -0.0138732 -0.7346328 -0.0127507 0.6782032
178.285500 -8.3888969 -0.0147672 7.2775097 -0.0091353 -0.7345033 -0.0074935 0.6785022
178.598000 -8.5373449 -0.0139623 7.2641296 -0.0105438 -0.7338369 -0.0084396 0.6791915
178.806200 -8.6353893 -0.0125192 7.2557750 -0.0146432 -0.7336487 -0.0119416 0.6792662
179.118400 -8.7795153 -0.0108189 7.2438140 -0.0100267 -0.7334726 -0.0021308 0.6796417
179.326700 -8.8753376 -0.0102932 7.2355661 -0.0175660 -0.7342777 -0.0054303 0.6786001
179.534800 -8.9706135 -0.0078854 7.2271748 -0.0246471 -0.7338496 -0.0112306 0.6787719
179.744400 -9.0625162 -0.0059759 7.2186203 -0.0156799 -0.7338502 -0.0076885 0.6790868
179.951300 -9.1533680 -0.0053884 7.2103415 -0.0095990 -0.7341213 -0.0036590 0.6789407
180.159600 -9.2443991 -0.0044025 7.2023339 -0.0147356 -0.7341446 -0.0108530 0.6787465
180.367800 -9.3332424 -0.0027402 7.1941943 -0.0167182 -0.7343248 -0.0141255 0.6784454
180.576000 -9.4203043 -0.0011762 7.1866279 -0.0165694 -0.7348705 -0.0122880 0.6778937
180.784300 -9.5058155 0.0000547 7.1787925 -0.0142626 -0.7347308 -0.0087649 0.6781523
180.992700 -9.5909424 0.0012408 7.1714368 -0.0152684 -0.7339969 -0.0087996 0.6789242
181.201300 -9.6746578 0.0026116 7.1641321 -0.0116467 -0.7329361 -0.0078634 0.6801523
181.409200 -9.7565975 0.0033665 7.1570134 -0.0104725 -0.7324202 -0.0086414 0.6807175
181.617500 -9.8377132 0.0039333 7.1502705 -0.0120120 -0.7327514 -0.0100464 0.6803162
181.825600 -9.9186506 0.0046968 7.1433945 -0.0098716 -0.7342146 -0.0101463 0.6787698
182.033900 -9.9977140 0.0055816 7.1356778 -0.0094021 -0.7363275 -0.0108757 0.6764725
182.241800 -10.0769043 0.0063982 7.1277533 -0.0118105 -0.7391227 -0.0120717 0.6733590
182.450100 -10.1559429 0.0079218 7.1193371 -0.0123239 -0.7425851 -0.0105630 0.6695549
182.658200 -10.2321901 0.0085664 7.1097727 -0.0114028 -0.7465730 -0.0060729 0.6651781
182.970500 -10.3473024 0.0103001 7.0931277 -0.0152723 -0.7529967 -0.0103524 0.6577655
183.283100 -10.4591990 0.0117189 7.0751696 -0.0113534 -0.7585429 -0.0080930 0.6514739
183.491500 -10.5334320 0.0124598 7.0624218 -0.0081118 -0.7598251 -0.0134277 0.6499382
183.804500 -10.6428680 0.0138304 7.0436573 -0.0056646 -0.7591012 -0.0185754 0.6506829
184.012900 -10.7150888 0.0149476 7.0318565 -0.0057621 -0.7581273 -0.0217129 0.6517195
184.221600 -10.7849960 0.0163727 7.0206323 -0.0002960 -0.7554033 -0.0233233 0.6548448
184.430300 -10.8521681 0.0174813 7.0111365 0.0025170 -0.7485031 -0.0264240 0.6625998
184.639000 -10.9171696 0.0182449 7.0039091 0.0031761 -0.7397970 -0.0275476 0.6722585
184.847900 -10.9797401 0.0190576 6.9988909 0.0019777 -0.7314864 -0.0267719 0.6813273
185.056200 -11.0405655 0.0199277 6.9954567 0.0022180 -0.7227775 -0.0283063 0.6904973
185.264800 -11.0997744 0.0209284 6.9939666 0.0016576 -0.7126886 -0.0288532 0.7008850
185.473400 -11.1575956 0.0219444 6.9943719 0.0016948 -0.7023053 -0.0282711 0.7113122
185.681900 -11.2135782 0.0230533 6.9965668 0.0011108 -0.6917819 -0.0262782 0.7216273
185.890400 -11.2668171 0.0235200 7.0000448 0.0010506 -0.6806278 -0.0240096 0.7322351
186.098800 -11.3179369 0.0239884 7.0052819 0.0017312 -0.6701978 -0.0227567 0.7418315
186.307200 -11.3669548 0.0244950 7.0118332 0.0001990 -0.6600318 -0.0216621 0.7509252
186.515700 -11.4141417 0.0247355 7.0191994 -0.0019388 -0.6502613 -0.0213368 0.7594084
186.828000 -11.4809303 0.0253212 7.0310221 -0.0035450 -0.6408133 -0.0191635 0.7674493
187.140300 -11.5429096 0.0256774 7.0420465 -0.0067269 -0.6399701 -0.0174690 0.7681718
187.452300 -11.6002665 0.0260833 7.0506730 -0.0085730 -0.6466975 -0.0165326 0.7625192
187.868000 -11.6690445 0.0267599 7.0576811 -0.0108114 -0.6713178 -0.0150268 0.7409385
188.387800 -11.7423162 0.0278600 7.0546846 -0.0142200 -0.7208101 -0.0149763 0.6928248
188.803700 -11.7922983 0.0285782 7.0422349 -0.0079350 -0.7695212 -0.0143132 0.6384115
189.115800 -11.8269739 0.0294140 7.0285335 -0.0064233 -0.8030483 -0.0150614 0.5956889
189.428300 -11.8589249 0.0299368 7.0107012 0.0002425 -0.8331850 -0.0185712 0.5526824
189.740600 -11.8893681 0.0304703 6.9904222 0.0007396 -0.8589991 -0.0239385 0.5114167
190.053200 -11.9183903 0.0315519 6.9684134 -0.0041938 0.8814178 0.0250994 -0.4716516
190.366500 -11.9460087 0.0327858 6.9434891 -0.0093131 0.8965466 0.0281580 -0.4419554
190.678900 -11.9739017 0.0328592 6.9182711 -0.0051887 0.9086245 0.0235322 -0.4169183
190.991800 -12.0009966 0.0339752 6.8911324 -0.0037995 0.9195180 0.0155840 -0.3927204
191.304400 -12.0279121 0.0349968 6.8606024 -0.0018715 0.9307144 0.0150035 -0.3654341
191.616900 -12.0538015 0.0354579 6.8258200 0.0035810 0.9441010 0.0173094 -0.3291820
191.825000 -12.0698996 0.0359216 6.8003025 0.0037761 0.9529076 0.0185933 -0.3026668
192.137900 -12.0925417 0.0369511 6.7577257 0.0067171 0.9660381 0.0168694 -0.2577610
192.345600 -12.1065035 0.0381575 6.7254257 0.0055249 0.9742034 0.0138637 -0.2251777
192.657900 -12.1257792 0.0394953 6.6698918 0.0072845 0.9841623 0.0146911 -0.1765098
192.970700 -12.1429691 0.0408323 6.6053739 0.0054554 0.9898285 0.0157681 -0.1412843
193.179500 -12.1553020 0.0421878 6.5568452 0.0055581 0.9913746 0.0167715 -0.1298625
193.388000 -12.1683054 0.0435493 6.5033302 0.0127776 0.9929370 0.0158306 -0.1168854
193.596300 -12.1800413 0.0451521 6.4451828 0.0142458 0.9947033 0.0130031 -0.1009620
193.909100 -12.1958981 0.0480733 6.3464947 0.0174658 0.9967558 0.0154323 -0.0770369
194.221800 -12.2089100 0.0512902 6.2364392 0.0182734 0.9980540 0.0134245 -0.0580870
194.534900 -12.2193327 0.0537789 6.1188431 0.0190178 0.9985371 0.0141620 -0.0485951
194.847700 -12.2297297 0.0573307 5.9908614 0.0191851 0.9987220 0.0136607 -0.0447171
195.056300 -12.2368498 0.0592761 5.8998117 0.0214000 0.9987288 0.0146585 -0.0432212
195.369000 -12.2478266 0.0632372 5.7529116 0.0240863 0.9987565 0.0152356 -0.0409050
195.577500 -12.2552662 0.0656747 5.6496181 0.0234315 0.9988756 0.0120515 -0.0394109
195.786100 -12.2626200 0.0680046 5.5420332 0.0216474 0.9989588 0.0132194 -0.0379192
195.994400 -12.2700911 0.0704346 5.4313092 0.0231965 0.9988870 0.0187948 -0.0365168
196.202800 -12.2774162 0.0735347 5.3216219 0.0263298 0.9988301 0.0213826 -0.0344651
196.515400 -12.2856722 0.0768910 5.1587744 0.0248866 0.9990223 0.0185744 -0.0314659
196.828000 -12.2938175 0.0817885 4.9970427 0.0219867 0.9991763 0.0192629 -0.0281465
197.140500 -12.3011532 0.0848850 4.8327808 0.0234387 0.9992380 0.0198060 -0.0241206
197.453100 -12.3064041 0.0881120 4.6701317 0.0221287 0.9993107 0.0206797 -0.0214680
197.765600 -12.3109684 0.0922689 4.5072646 0.0200531 0.9993801 0.0206189 -0.0203015
198.078100 -12.3157177 0.0956435 4.3464322 0.0208864 0.9993990 0.0199104 -0.0192078
198.390400 -12.3201809 0.0986203 4.1878233 0.0206485 0.9994107 0.0210871 -0.0175237
198.702800 -12.3241329 0.1019164 4.0287995 0.0193488 0.9994758 0.0214259 -0.0146485
199.015000 -12.3268967 0.1052526 3.8713109 0.0185044 0.9995854 0.0184096 -0.0121503
199.327500 -12.3281317 0.1084535 3.7144334 0.0175668 0.9995584 0.0209685 -0.0116025
199.639900 -12.3301468 0.1113286 3.5592935 0.0173204 0.9996038 0.0184471 -0.0123278
199.952500 -12.3330173 0.1138246 3.4061973 0.0153643 0.9995540 0.0186019 -0.0175990
200.265000 -12.3377762 0.1174439 3.2544870 0.0193474 0.9993812 0.0180188 -0.0231969
200.577400 -12.3431616 0.1209379 3.1029210 0.0160466 0.9991720 0.0261688 -0.0267020
200.889800 -12.3483315 0.1250297 2.9529204 0.0118974 0.9992837 0.0211677 -0.0290240
201.202300 -12.3561420 0.1291479 2.8013287 0.0152280 0.9992717 0.0199589 -0.0287374
201.514700 -12.3625078 0.1336133 2.6494195 0.0135983 0.9991657 0.0245957 -0.0296342
201.827200 -12.3698721 0.1377885 2.5004971 0.0140456 0.9991887 0.0229519 -0.0299666
202.139600 -12.3768606 0.1419948 2.3509450 0.0140397 0.9992328 0.0233730 -0.0281156
202.452100 -12.3813896 0.1460817 2.2049839 0.0116054 0.9993127 0.0239437 -0.0258106
202.764600 -12.3851204 0.1497202 2.0579305 0.0110965 0.9993847 0.0235195 -0.0235347
203.077100 -12.3886375 0.1532807 1.9110267 0.0086626 0.9994495 0.0234648 -0.0217963
203.389700 -12.3914585 0.1570650 1.7684801 0.0075526 0.9994491 0.0241785 -0.0214447
203.702200 -12.3939466 0.1605887 1.6272535 0.0051895 0.9994534 0.0234056 -0.0227610
204.015000 -12.3983974 0.1638004 1.4863465 0.0030916 0.9993638 0.0239490 -0.0262459
204.223400 -12.4017191 0.1661561 1.3950126 0.0034562 0.9992496 0.0246761 -0.0296556
204.536200 -12.4073133 0.1700423 1.2595587 0.0038276 0.9991258 0.0237834 -0.0341660
204.848800 -12.4139023 0.1737535 1.1256169 0.0032874 0.9990202 0.0239613 -0.0370646
205.057100 -12.4185572 0.1753920 1.0374595 0.0033144 0.9989507 0.0242104 -0.0387359
205.369400 -12.4261942 0.1787811 0.9056669 0.0040129 0.9988714 0.0242766 -0.0406252
205.577700 -12.4311886 0.1816662 0.8169674 0.0052432 0.9988934 0.0249522 -0.0395208
205.785700 -12.4354687 0.1842705 0.7300470 0.0060351 0.9990858 0.0245835 -0.0344502
205.993700 -12.4386730 0.1864478 0.6432384 0.0068093 0.9993291 0.0248053 -0.0260714
206.201800 -12.4395628 0.1891177 0.5562773 0.0064229 0.9995145 0.0256095 -0.0165451
206.409700 -12.4394951 0.1918520 0.4699486 0.0066920 0.9996206 0.0260342 -0.0060053
206.617900 -12.4380188 0.1944134 0.3847833 0.0082375 0.9996774 0.0233486 0.0056753
206.825800 -12.4338465 0.1970699 0.2992968 0.0097688 0.9994553 0.0244726 0.0198692
207.033600 -12.4273157 0.1997222 0.2141382 0.0119129 0.9989264 0.0237212 0.0379664
207.241600 -12.4174099 0.2015630 0.1297477 0.0122877 0.9979820 0.0230324 0.0578837
207.449700 -12.4033928 0.2037067 0.0449005 0.0114801 0.9965876 0.0236570 0.0782416
207.657600 -12.3864422 0.2059870 -0.0401530 0.0122215 0.9946257 0.0233325 0.1001298
207.865600 -12.3655682 0.2081805 -0.1244774 0.0124992 0.9921073 0.0214525 0.1229091
208.073600 -12.3404408 0.2101176 -0.2090576 0.0125719 0.9889742 0.0203902 0.1461381
208.281600 -12.3109798 0.2119932 -0.2936981 0.0123276 0.9852134 0.0212660 0.1695592
208.489700 -12.2769508 0.2138752 -0.3780797 0.0143826 0.9808233 0.0225377 0.1930564
208.698000 -12.2381144 0.2158009 -0.4617443 0.0146354 0.9759030 0.0216215 0.2166372
208.905800 -12.1952190 0.2175775 -0.5444741 0.0133025 0.9707806 0.0228387 0.2385091
209.114100 -12.1477747 0.2194245 -0.6265612 0.0130247 0.9656335 0.0192415 0.2588670
209.426600 -12.0696669 0.2216656 -0.7492352 0.0115985 0.9584612 0.0171237 0.2844720
209.635200 -12.0132570 0.2229058 -0.8313541 0.0086215 0.9552763 0.0166389 0.2951203
209.843700 -11.9546642 0.2240775 -0.9138374 0.0072033 0.9533952 0.0159188 0.3012179
210.156700 -11.8626671 0.2259038 -1.0406623 0.0077172 0.9520325 0.0132557 0.3056121
210.364800 -11.8005590 0.2264585 -1.1259580 0.0068050 0.9515457 0.0133801 0.3071408
210.574900 -11.7384777 0.2269030 -1.2112455 0.0064098 0.9514885 0.0140460 0.3072966
210.886000 -11.6440315 0.2277994 -1.3407478 0.0040770 0.9527907 0.0134919 0.3033006
211.198700 -11.5527334 0.2284289 -1.4708085 0.0024492 0.9555110 0.0143183 0.2945977
211.511200 -11.4637604 0.2298659 -1.6030655 0.0014685 0.9589791 0.0140738 0.2831232
211.823900 -11.3792067 0.2307766 -1.7371533 0.0038422 0.9624320 0.0158299 0.2710337
212.136100 -11.2972622 0.2323725 -1.8728905 0.0096179 0.9639081 0.0168280 0.2655288
212.448400 -11.2166195 0.2337842 -2.0067298 0.0110706 0.9647084 0.0179238 0.2624765
212.760400 -11.1384754 0.2354299 -2.1395271 0.0156941 0.9650009 0.0195964 0.2610419
213.072700 -11.0623159 0.2374555 -2.2711651 0.0187989 0.9650306 0.0199603 0.2606995
213.384900 -10.9886436 0.2395689 -2.3971267 0.0207430 0.9651910 0.0211904 0.2598597
213.697100 -10.9158993 0.2409025 -2.5221179 0.0207234 0.9651929 0.0219372 0.2597922
214.009100 -10.8468809 0.2431119 -2.6381738 0.0219505 0.9634985 0.0241553 0.2657168
214.321100 -10.7838411 0.2440070 -2.7390141 0.0234241 0.9605573 0.0230794 0.2761310
214.633200 -10.7234259 0.2451908 -2.8314104 0.0221000 0.9576163 0.0241960 0.2861766
214.945500 -10.6672840 0.2459736 -2.9124532 0.0202000 0.9549844 0.0225024 0.2951108
215.153700 -10.6328115 0.2463090 -2.9608939 0.0205679 0.9531706 0.0228590 0.3008659
215.466200 -10.5844545 0.2475416 -3.0265458 0.0211516 0.9491241 0.0228248 0.3133609
215.778200 -10.5376415 0.2477019 -3.0851977 0.0219650 0.9427722 0.0208082 0.3320622
215.986200 -10.5073528 0.2476445 -3.1206524 0.0228853 0.9378003 0.0202192 0.3458293
216.194900 -10.4772720 0.2473370 -3.1532557 0.0243475 0.9318836 0.0199088 0.3613915
216.402400 -10.4472752 0.2472516 -3.1826358 0.0252745 0.9241902 0.0201012 0.3805650
216.610300 -10.4188442 0.2468198 -3.2070913 0.0247925 0.9144843 0.0199842 0.4033664
216.818400 -10.3917980 0.2463662 -3.2268174 0.0221226 0.9033558 0.0172983 0.4279715
217.026600 -10.3672886 0.2457564 -3.2425663 0.0180551 0.8926498 0.0140488 0.4501700
217.234800 -10.3443098 0.2453833 -3.2560594 0.0181146 0.8820024 0.0095959 0.4707989
217.547200 -10.3091688 0.2444245 -3.2733331 0.0159764 0.8629189 0.0089132 0.5050112
217.963700 -10.2615185 0.2433475 -3.2901897 0.0100442 0.8324246 0.0071995 0.5540006
218.172000 -10.2369070 0.2427381 -3.2964420 0.0082882 0.8161256 0.0048878 0.5777944
218.380200 -10.2107563 0.2423733 -3.3015797 0.0081671 0.7984735 0.0033064 0.6019654
218.588500 -10.1825676 0.2416385 -3.3066039 0.0098605 0.7797302 0.0031898 0.6260298
218.796700 -10.1510305 0.2411581 -3.3098807 0.0116088 0.7597587 0.0017680 0.6500991
219.004900 -10.1171122 0.2403576 -3.3114934 0.0128915 0.7389775 0.0006537 0.6736065
219.213100 -10.0797749 0.2395163 -3.3115463 0.0141263 0.7173877 -0.0001518 0.6965309
219.525600 -10.0171261 0.2380964 -3.3068242 0.0112654 0.6850182 -0.0018143 0.7284365
219.838100 -9.9446554 0.2362158 -3.2972627 0.0110525 0.6571112 0.0020078 0.7537099
220.046600 -9.8911409 0.2351053 -3.2865996 0.0102977 0.6402765 0.0021802 0.7680724
220.255100 -9.8337231 0.2342948 -3.2726874 0.0105335 0.6216402 0.0023482 0.7832286
220.463500 -9.7723923 0.2331507 -3.2552524 0.0104839 0.6008171 0.0081935 0.7992758
220.671700 -9.7075596 0.2323238 -3.2327452 0.0106838 0.5785885 0.0148375 0.8154147
220.880200 -9.6409836 0.2311533 -3.2059906 0.0161746 0.5544004 0.0183781 0.8318899
221.088500 -9.5717010 0.2302236 -3.1738815 0.0230744 0.5304173 0.0196920 0.8471938
221.296900 -9.5005836 0.2280349 -3.1351953 0.0206903 0.5102909 0.0204831 0.8595089
221.505700 -9.4268169 0.2261829 -3.0916901 0.0182946 0.4942765 0.0201601 0.8688784
221.714400 -9.3505774 0.2237102 -3.0435350 0.0172372 0.4839836 0.0168387 0.8747452
221.923300 -9.2717543 0.2219853 -2.9920518 0.0153501 0.4794350 0.0129885 0.8773470
222.132200 -9.1903257 0.2194354 -2.9391780 0.0131996 0.4796124 0.0113011 0.8773084
222.445200 -9.0633850 0.2157618 -2.8584368 0.0152306 0.4806985 0.0099290 0.8766975
222.758100 -8.9302235 0.2118039 -2.7744539 0.0110824 0.4825247 0.0099662 0.8757555
223.070900 -8.7932491 0.2081397 -2.6896822 0.0119741 0.4853278 0.0066958 0.8742246
223.383700 -8.6489439 0.2051257 -2.6019616 0.0086427 0.4898880 0.0054167 0.8717257
223.696300 -8.5022345 0.2018778 -2.5153937 0.0067078 0.4972922 0.0049116 0.8675433
224.008900 -8.3489332 0.1981382 -2.4299207 0.0067747 0.5046757 0.0090582 0.8632349
224.321300 -8.1933441 0.1947021 -2.3452511 0.0075315 0.5135580 0.0076523 0.8579877
224.633700 -8.0375757 0.1912030 -2.2655263 0.0062072 0.5235474 0.0075753 0.8519403
224.945800 -7.8804111 0.1880554 -2.1892695 0.0035668 0.5317434 0.0080898 0.8468593
225.257700 -7.7253151 0.1857247 -2.1157763 0.0059368 0.5358602 0.0102713 0.8442233
225.465900 -7.6222100 0.1835496 -2.0675778 0.0106669 0.5361514 0.0095402 0.8440005
225.673700 -7.5191894 0.1811439 -2.0187948 0.0078751 0.5366259 0.0103929 0.8437195
225.881700 -7.4167833 0.1790712 -1.9718111 0.0068477 0.5371069 0.0098781 0.8434286
226.089900 -7.3146615 0.1769313 -1.9245752 0.0113741 0.5370093 0.0093034 0.8434483
226.297800 -7.2121429 0.1743603 -1.8766453 0.0141132 0.5376214 0.0095870 0.8430138
226.505900 -7.1092148 0.1712557 -1.8291117 0.0126176 0.5378684 0.0107056 0.8428664
226.714100 -7.0070572 0.1682973 -1.7817900 0.0130245 0.5384876 0.0116823 0.8424518
226.922100 -6.9046607 0.1653447 -1.7342840 0.0145427 0.5387756 0.0108648 0.8422537
227.130200 -6.8025527 0.1624060 -1.6869146 0.0122696 0.5392064 0.0115156 0.8420056
227.338400 -6.7011089 0.1598174 -1.6403904 0.0111934 0.5389532 0.0124059 0.8421699
227.546300 -6.6010551 0.1569650 -1.5939685 0.0134687 0.5374578 0.0120613 0.8430968
227.754500 -6.5020390 0.1538790 -1.5473722 0.0132459 0.5358813 0.0123789 0.8440987
227.962600 -6.4043913 0.1507976 -1.5009242 0.0122488 0.5346389 0.0120681 0.8449056
228.170900 -6.3083448 0.1476076 -1.4552802 0.0118588 0.5348389 0.0085155 0.8448280
228.379100 -6.2112994 0.1451318 -1.4095273 0.0033785 0.5389270 0.0076668 0.8423108
228.587400 -6.1155987 0.1428829 -1.3659259 0.0048719 0.5458231 0.0018462 0.8378842
228.795900 -6.0194988 0.1400588 -1.3252497 0.0050484 0.5545948 -0.0016583 0.8321036
229.004600 -5.9218540 0.1378384 -1.2862842 0.0006834 0.5634069 -0.0001658 0.8261792
229.212500 -5.8241901 0.1355923 -1.2491913 0.0044645 0.5705461 -0.0004689 0.8212533
229.420600 -5.7258162 0.1328934 -1.2139579 0.0057761 0.5747933 0.0047872 0.8182642
229.628900 -5.6283603 0.1306796 -1.1788774 0.0042298 0.5785514 0.0026692 0.8156306
229.941100 -5.4818578 0.1268500 -1.1294646 0.0061153 0.5834767 -0.0024146 0.8121033
230.149200 -5.3828545 0.1241397 -1.0967271 0.0040796 0.5847615 0.0000870 0.8111950
230.461600 -5.2355094 0.1212040 -1.0484309 -0.0025923 0.5866619 -0.0036755 0.8098195
230.774000 -5.0899134 0.1169415 -1.0020956 0.0036115 0.5933594 -0.0115660 0.8048465
231.086700 -4.9418426 0.1123056 -0.9590009 0.0035879 0.6020789 -0.0062282 0.7984043
231.399400 -4.7934933 0.1079898 -0.9185969 0.0033705 0.6124616 -0.0050450 0.7904771
231.607700 -4.6949105 0.1048775 -0.8948126 0.0042596 0.6187521 -0.0046265 0.7855611
231.815900 -4.5956759 0.1023697 -0.8722903 0.0039598 0.6241806 -0.0025822 0.7812658
232.024100 -4.4968443 0.0998426 -0.8522445 0.0038686 0.6287842 -0.0013052 0.7775691
232.232300 -4.3982835 0.0974809 -0.8326503 0.0070777 0.6312619 0.0005824 0.7755372
232.440500 -4.2999215 0.0947235 -0.8139085 0.0091243 0.6328744 0.0021357 0.7741978
232.651700 -4.2026119 0.0919451 -0.7950327 0.0058868 0.6349602 0.0046625 0.7725084
232.856900 -4.1057396 0.0899836 -0.7765805 0.0074509 0.6372648 0.0056750 0.7705880
233.065000 -4.0090222 0.0881567 -0.7591854 0.0080990 0.6390355 0.0070580 0.7691023
233.273100 -3.9127781 0.0861552 -0.7419452 0.0079911 0.6405072 0.0073103 0.7678758
233.481200 -3.8175373 0.0840968 -0.7250761 0.0083584 0.6418632 0.0058225 0.7667515
233.689400 -3.7222068 0.0819994 -0.7086843 0.0078632 0.6430851 0.0068314 0.7657239
233.897200 -3.6276784 0.0800762 -0.6935940 0.0080231 0.6441628 0.0088151 0.7647955
234.105200 -3.5338407 0.0782934 -0.6788397 0.0112953 0.6449772 0.0090880 0.7640643
234.313200 -3.4399903 0.0763151 -0.6649935 0.0119600 0.6459218 0.0104886 0.7632378
234.521300 -3.3463526 0.0741491 -0.6506836 0.0095286 0.6470208 0.0116575 0.7623237
234.729300 -3.2544444 0.0723424 -0.6368162 0.0112370 0.6482286 0.0104240 0.7612915
234.937900 -3.1622453 0.0705025 -0.6226413 0.0129741 0.6497669 0.0097497 0.7599603
235.145400 -3.0705612 0.0678862 -0.6097087 0.0137935 0.6517183 0.0078660 0.7582949
235.353500 -2.9802506 0.0656477 -0.5961816 0.0113361 0.6540141 0.0074322 0.7563609
235.561500 -2.8900576 0.0633541 -0.5839547 0.0107879 0.6556038 0.0070082 0.7549955
235.769400 -2.8018579 0.0604959 -0.5722432 0.0138654 0.6569425 0.0066961 0.7537834
235.977600 -2.7140789 0.0580935 -0.5612301 0.0139288 0.6583319 0.0071610 0.7525648
236.185900 -2.6278384 0.0554598 -0.5512264 0.0140256 0.6593209 0.0096108 0.7516693
236.394600 -2.5436406 0.0533855 -0.5408223 0.0137529 0.6607549 0.0103005 0.7504051
236.601800 -2.4599760 0.0511441 -0.5309706 0.0157685 0.6619068 0.0101429 0.7493516
236.705900 -2.4187319 0.0497953 -0.5261865 0.0162622 0.6622875 0.0097306 0.7490100
236.914000 -2.3363271 0.0475695 -0.5164876 0.0162154 0.6631478 0.0108299 0.7482345
237.122100 -2.2558072 0.0450947 -0.5069159 0.0155405 0.6641248 0.0112327 0.7473758
237.330200 -2.1769586 0.0429245 -0.4980385 0.0159442 0.6648870 0.0111903 0.7466899
237.538300 -2.0988295 0.0410272 -0.4896449 0.0138605 0.6654213 0.0150335 0.7461879
237.747400 -2.0228837 0.0401729 -0.4812795 0.0113461 0.6664048 0.0179816 0.7452869
237.954600 -1.9495658 0.0392333 -0.4741415 0.0124582 0.6670610 0.0173231 0.7446975
238.162700 -1.8795773 0.0382756 -0.4672236 0.0136865 0.6677033 0.0141710 0.7441668
238.371000 -1.8126163 0.0366734 -0.4603814 0.0155237 0.6681563 0.0133564 0.7437390
238.579300 -1.7491469 0.0349796 -0.4535371 0.0138286 0.6674833 0.0144222 0.7443567
238.787500 -1.6889685 0.0334511 -0.4467345 0.0128922 0.6667287 0.0156266 0.7450251
238.995800 -1.6316383 0.0319228 -0.4402079 0.0134526 0.6665596 0.0150329 0.7451788
239.308600 -1.5507514 0.0301069 -0.4316428 0.0157931 0.6685086 0.0140169 0.7434046
239.621100 -1.4769323 0.0279724 -0.4246115 0.0171928 0.6706235 0.0172216 0.7413986
239.933700 -1.4108065 0.0263565 -0.4183845 0.0176829 0.6726420 0.0155458 0.7395934
240.246200 -1.3549465 0.0241886 -0.4136490 0.0224129 0.6738889 0.0119632 0.7383958
240.558700 -1.3080683 0.0227985 -0.4092889 0.0235680 0.6735984 0.0104836 0.7386473
240.871000 -1.2693994 0.0211794 -0.4048452 0.0232466 0.6690188 0.0090443 0.7428268
241.495100 -1.2022517 0.0181053 -0.3930311 0.0220007 0.6408305 0.0083304 0.7673218
249.832300 -1.1437221 0.0157381 -0.3748961 0.0194208 0.6092308 0.0027475 0.7927504
250.144600 -1.1352514 0.0152693 -0.3713674 0.0217381 0.6009806 -0.0005937 0.7989677
250.456700 -1.1178021 0.0145347 -0.3636385 0.0209262 0.5827933 -0.0019589 0.8123486
250.768500 -1.0923889 0.0137666 -0.3511455 0.0194573 0.5514205 -0.0000669 0.8340005
251.080000 -1.0611912 0.0124148 -0.3314288 0.0159080 0.5073788 0.0017122 0.8615746
251.391500 -1.0260450 0.0102419 -0.3032800 0.0099771 0.4518589 -0.0019595 0.8920315
251.702800 -0.9878303 0.0093319 -0.2650418 0.0080417 0.3850520 -0.0038752 0.9228517
252.118500 -0.9380064 0.0078410 -0.1964948 0.0049446 0.2899007 -0.0034133 0.9570379
252.430600 -0.9058458 0.0064054 -0.1299344 0.0040546 0.2198104 -0.0056938 0.9755176
252.743200 -0.8774074 0.0054576 -0.0474659 0.0024576 0.1593151 -0.0005753 0.9872246
252.951700 -0.8601501 0.0044149 0.0151460 0.0045114 0.1228387 0.0062050 0.9923970
253.368700 -0.8384173 0.0009288 0.1563342 0.0055149 0.0558487 0.0103537 0.9983703
254.203500 -0.8343841 -0.0075346 0.4999535 0.0093819 -0.0173496 -0.0003437 0.9998054
254.829700 -0.8453139 -0.0148222 0.8132066 0.0063979 -0.0222692 -0.0020689 0.9997294
255.455200 -0.8621963 -0.0203413 1.1473445 -0.0005142 -0.0265437 -0.0017840 0.9996459
256.080400 -0.8831810 -0.0264219 1.4789944 0.0000488 -0.0316674 -0.0040216 0.9994904
256.705200 -0.9035379 -0.0325145 1.8026062 0.0027046 -0.0330379 -0.0018850 0.9994487
259.517000 -0.9983631 -0.0614194 3.1849470 -0.0006120 -0.0369433 -0.0006153 0.9993170
260.037600 -1.0176872 -0.0660674 3.4314167 -0.0014874 -0.0378738 0.0002565 0.9992814
260.558300 -1.0362415 -0.0700963 3.6755264 -0.0015452 -0.0352810 0.0011251 0.9993756
261.079100 -1.0531867 -0.0746872 3.9178729 0.0049384 -0.0316518 -0.0001346 0.9994867
261.600100 -1.0683732 -0.0799827 4.1585851 -0.0023229 -0.0241214 -0.0000389 0.9997063
262.120700 -1.0801446 -0.0867710 4.3956389 0.0102822 -0.0223599 0.0010589 0.9996966
262.641500 -1.0899268 -0.0920197 4.6379080 -0.0021862 -0.0251833 0.0000654 0.9996805
263.058100 -1.0986029 -0.0936031 4.8374138 -0.0033311 -0.0287398 0.0044465 0.9995715
263.475000 -1.1104157 -0.0971651 5.0480442 0.0086422 -0.0308704 0.0072415 0.9994598
263.891500 -1.1254433 -0.1033942 5.2657747 0.0039830 -0.0332941 0.0061528 0.9994187
264.308100 -1.1455417 -0.1081712 5.4897947 0.0005529 -0.0361734 0.0053439 0.9993311
264.724600 -1.1647229 -0.1137239 5.7194424 -0.0001904 -0.0401232 0.0056494 0.9991788
265.037100 -1.1801034 -0.1159440 5.8876114 0.0000505 -0.0404714 0.0046599 0.9991698
265.245300 -1.1903435 -0.1183243 5.9982362 0.0006134 -0.0405597 0.0049896 0.9991645
265.453600 -1.2009284 -0.1204661 6.1089697 -0.0037144 -0.0417206 0.0056474 0.9991065
265.661800 -1.2113008 -0.1220051 6.2206473 -0.0033983 -0.0434191 0.0057589 0.9990346
265.870100 -1.2220285 -0.1238533 6.3314652 0.0000186 -0.0441119 0.0049564 0.9990143
266.078300 -1.2332255 -0.1260949 6.4397759 -0.0010179 -0.0427245 0.0042260 0.9990774
266.286700 -1.2431176 -0.1285176 6.5452719 -0.0016035 -0.0412479 0.0041896 0.9991389
266.495100 -1.2526799 -0.1300023 6.6498299 -0.0012682 -0.0396357 0.0036564 0.9992067
266.703500 -1.2619042 -0.1322511 6.7521567 -0.0018475 -0.0379947 0.0026542 0.9992727
266.911700 -1.2707007 -0.1343380 6.8532000 -0.0001297 -0.0362856 0.0024695 0.9993384
267.120100 -1.2792543 -0.1365882 6.9534283 0.0017219 -0.0344035 0.0005734 0.9994064
267.328500 -1.2864981 -0.1388451 7.0524011 0.0025773 -0.0325739 0.0032283 0.9994608
267.536900 -1.2938764 -0.1412483 7.1514797 0.0006633 -0.0313614 0.0033792 0.9995022
267.745200 -1.3021538 -0.1438248 7.2503562 0.0067175 -0.0302548 -0.0015062 0.9995185
267.953500 -1.3104142 -0.1464185 7.3507462 0.0072993 -0.0306747 -0.0061191 0.9994841
268.161700 -1.3191094 -0.1489605 7.4513702 0.0062550 -0.0327227 -0.0062041 0.9994256
268.370100 -1.3281517 -0.1518147 7.5512090 0.0031988 -0.0339688 -0.0012780 0.9994169
268.578500 -1.3361381 -0.1534614 7.6548967 -0.0048104 -0.0357882 0.0011279 0.9993472
268.786700 -1.3446894 -0.1547375 7.7564549 -0.0063858 -0.0367290 0.0045420 0.9992945
269.099200 -1.3556098 -0.1547804 7.9114509 0.0024033 -0.0386297 0.0033415 0.9992451
269.411800 -1.3681326 -0.1584600 8.0682859 0.0039555 -0.0366827 0.0037288 0.9993122
269.724200 -1.3781481 -0.1597456 8.2285280 0.0049262 -0.0365191 0.0043786 0.9993112
270.036700 -1.3782907 -0.1584605 8.3956337 0.0036740 -0.0387463 0.0031395 0.9992374
270.349200 -1.3785174 -0.1583164 8.5657358 0.0097179 -0.0410081 0.0050862 0.9990986
270.661700 -1.3706322 -0.1420420 8.7457962 0.0146235 -0.0475850 0.0001913 0.9987601
270.974100 -1.3906195 -0.1573310 8.9080009 0.0098219 -0.0449926 0.0002125 0.9989390
271.703000 -1.4334502 -0.1784667 9.2661600 -0.0001638 -0.0388046 0.0007404 0.9992465
272.536200 -1.4660993 -0.1887615 9.6441708 0.0053791 -0.0361421 -0.0000566 0.9993322
273.161500 -1.4874928 -0.1960362 9.9168711 0.0045038 -0.0322882 0.0050002 0.9994559
273.578400 -1.4997621 -0.2009921 10.0969496 0.0057498 -0.0278100 0.0080737 0.9995641
273.995000 -1.5095119 -0.2075081 10.2781849 0.0191187 -0.0304390 0.0089794 0.9993134
274.411500 -1.5277930 -0.2152538 10.4572086 0.0048403 -0.0452764 0.0025560 0.9989595
274.828200 -1.5493984 -0.2185585 10.6406956 0.0019589 -0.0552836 -0.0023057 0.9984661
275.245600 -1.5693417 -0.2216546 10.8340378 0.0062757 -0.0508990 0.0020429 0.9986820
275.558400 -1.5846212 -0.2261446 10.9862509 0.0116693 -0.0482440 0.0053547 0.9987531
275.871100 -1.6008881 -0.2312398 11.1440010 0.0071401 -0.0466740 0.0034711 0.9988787
276.183900 -1.6163639 -0.2351638 11.3073139 0.0081832 -0.0453805 0.0075002 0.9989081
276.496500 -1.6320951 -0.2405498 11.4733229 0.0105008 -0.0450093 0.0069928 0.9989069
276.704900 -1.6428614 -0.2444525 11.5855160 0.0053870 -0.0446394 0.0062760 0.9989689
276.913100 -1.6536493 -0.2473792 11.6970024 0.0043019 -0.0441419 0.0047390 0.9990048
277.121500 -1.6638961 -0.2505266 11.8075476 0.0056281 -0.0441104 0.0036435 0.9990042
277.329900 -1.6739964 -0.2538863 11.9167776 0.0083337 -0.0439626 0.0048463 0.9989867
277.538200 -1.6837056 -0.2575712 12.0259647 0.0077916 -0.0435890 0.0070055 0.9989946
277.746600 -1.6937662 -0.2610374 12.1344242 0.0035116 -0.0433118 0.0066124 0.9990336
277.954900 -1.7034171 -0.2641194 12.2406816 0.0066675 -0.0429578 0.0030598 0.9990500
278.163200 -1.7129658 -0.2678205 12.3463573 0.0066346 -0.0424187 0.0004355 0.9990778
278.371500 -1.7220526 -0.2711387 12.4501905 0.0044443 -0.0429873 0.0019136 0.9990639
278.684000 -1.7360134 -0.2753687 12.6007109 0.0042870 -0.0448880 0.0024419 0.9989799
278.996200 -1.7505248 -0.2803459 12.7456388 0.0041117 -0.0468148 0.0011104 0.9988945
279.204500 -1.7593768 -0.2830625 12.8384151 -0.0011008 -0.0482314 0.0010921 0.9988350
279.516900 -1.7734182 -0.2855191 12.9717464 0.0017393 -0.0490472 0.0007168 0.9987947
279.725100 -1.7822087 -0.2877070 13.0594568 0.0040184 -0.0496744 0.0016836 0.9987560
280.037700 -1.7959605 -0.2911679 13.1903667 0.0034741 -0.0490837 0.0005544 0.9987885
280.350400 -1.8094327 -0.2954052 13.3191214 0.0102767 -0.0457299 -0.0037185 0.9988940
280.663000 -1.8215593 -0.3003856 13.4488258 0.0111430 -0.0417332 -0.0070963 0.9990414
280.975600 -1.8313761 -0.3048627 13.5796719 0.0083096 -0.0372080 -0.0051285 0.9992598
281.288100 -1.8413343 -0.3088822 13.7123976 0.0064593 -0.0322071 -0.0044756 0.9994503
281.600700 -1.8499727 -0.3121213 13.8487911 0.0065991 -0.0265097 -0.0066140 0.9996049
281.913400 -1.8566825 -0.3153461 13.9903078 0.0051595 -0.0203938 -0.0043214 0.9997694
282.226000 -1.8614657 -0.3198897 14.1350021 0.0147753 -0.0148527 -0.0022513 0.9997780
282.538600 -1.8651214 -0.3249826 14.2849932 0.0091646 -0.0084381 -0.0028250 0.9999184
282.851200 -1.8668196 -0.3307489 14.4365978 0.0142122 -0.0021676 -0.0031942 0.9998916
283.163700 -1.8671868 -0.3371546 14.5920897 0.0122830 0.0043134 -0.0033966 0.9999095
283.372200 -1.8660753 -0.3408860 14.6982107 0.0084422 0.0085662 -0.0026845 0.9999241
283.684800 -1.8625253 -0.3459049 14.8589287 0.0098647 0.0129268 0.0003453 0.9998677
283.997100 -1.8590016 -0.3521399 15.0223808 0.0124799 0.0143813 0.0004380 0.9998186
284.309500 -1.8544610 -0.3575993 15.1899490 0.0112016 0.0149507 0.0015846 0.9998242
284.621900 -1.8496567 -0.3638661 15.3598242 0.0113729 0.0142210 0.0021119 0.9998320
284.934100 -1.8453295 -0.3699675 15.5299139 0.0063310 0.0130073 0.0038299 0.9998880
285.246400 -1.8427235 -0.3760082 15.6976547 0.0090281 0.0119213 0.0028276 0.9998842
285.558700 -1.8400536 -0.3820966 15.8649874 0.0085073 0.0100277 0.0017426 0.9999120
285.871000 -1.8376369 -0.3884589 16.0304756 0.0093238 0.0079058 -0.0004762 0.9999251
286.183400 -1.8368348 -0.3948831 16.1938915 0.0108890 0.0051077 0.0004510 0.9999276
286.495600 -1.8362851 -0.4009502 16.3562965 0.0056870 0.0020532 0.0036201 0.9999751
286.703900 -1.8367708 -0.4040542 16.4630909 0.0002963 0.0011994 0.0027473 0.9999955
287.016400 -1.8389781 -0.4083530 16.6214046 0.0089969 0.0003526 -0.0053295 0.9999453
287.328700 -1.8404766 -0.4136031 16.7771244 0.0049668 -0.0005625 -0.0093482 0.9999438
