0.000000 -1.0084678 0.0332611 -1.0050888 -0.0008178 -0.0041544 -0.0004783 0.9999909
0.104228 -1.0045137 0.0319680 -0.9685252 -0.0007524 -0.0067879 0.0006513 0.9999765
0.208477 -1.0055808 0.0314831 -0.9338504 0.0000847 -0.0072329 0.0009196 0.9999734
0.312729 -1.0059857 0.0303413 -0.8991511 0.0004847 -0.0083307 0.0011166 0.9999645
0.416979 -1.0062562 0.0299624 -0.8640575 0.0014841 -0.0094897 0.0021463 0.9999515
0.833976 -1.0078999 0.0267813 -0.7197932 0.0026137 -0.0129167 0.0042176 0.9999043
1.042605 -1.0101771 0.0247794 -0.6447632 0.0058000 -0.0142420 0.0031235 0.9998769
1.146853 -1.0111920 0.0239781 -0.6064734 0.0076296 -0.0150228 0.0024765 0.9998550
1.251125 -1.0126202 0.0233934 -0.5672860 0.0076729 -0.0156937 0.0016056 0.9998461
1.459603 -1.0156587 0.0222091 -0.4846800 -0.0009144 -0.0168674 -0.0000234 0.9998573
1.668106 -1.0187082 0.0203216 -0.3997311 -0.0039342 -0.0181519 -0.0016016 0.9998262
1.876603 -1.0229033 0.0198324 -0.3119262 0.0026476 -0.0191221 -0.0026680 0.9998101
2.085105 -1.0263731 0.0192938 -0.2184327 -0.0027816 -0.0200071 -0.0012017 0.9997953
2.293607 -1.0305668 0.0187140 -0.1209190 -0.0078739 -0.0206021 -0.0004839 0.9997566
2.502107 -1.0348777 0.0193824 -0.0211172 -0.0059794 -0.0205048 0.0005380 0.9997717
2.710606 -1.0395737 0.0190936 0.0820150 -0.0016403 -0.0198483 0.0010293 0.9998011
2.919104 -1.0438102 0.0182290 0.1874609 0.0043233 -0.0189276 0.0019020 0.9998097
3.335979 -1.0523287 0.0137812 0.4084402 0.0062042 -0.0192097 -0.0011179 0.9997956
3.544357 -1.0557628 0.0107605 0.5215157 0.0064838 -0.0196849 -0.0035465 0.9997789
3.856982 -1.0626940 0.0059392 0.6966648 0.0058915 -0.0201784 -0.0044062 0.9997693
4.169606 -1.0691705 0.0012015 0.8809394 0.0047349 -0.0208836 -0.0050176 0.9997581
4.482232 -1.0763590 -0.0037364 1.0716166 0.0033800 -0.0216725 -0.0051681 0.9997460
4.794755 -1.0829237 -0.0073286 1.2656702 0.0000773 -0.0231373 -0.0052367 0.9997186
5.107234 -1.0902252 -0.0109940 1.4610538 0.0003304 -0.0246338 -0.0050390 0.9996838
5.419858 -1.0982174 -0.0145682 1.6550174 -0.0019154 -0.0257874 -0.0058548 0.9996485
5.732480 -1.1066018 -0.0186136 1.8459499 0.0019202 -0.0261507 -0.0073013 0.9996295
6.045107 -1.1125385 -0.0221944 2.0401974 -0.0011526 -0.0271786 -0.0068931 0.9996062
6.357731 -1.1214470 -0.0258028 2.2397184 0.0013509 -0.0272770 -0.0064772 0.9996060
6.670359 -1.1313018 -0.0312141 2.4392791 0.0049395 -0.0273943 -0.0042584 0.9996035
6.982859 -1.1417958 -0.0354343 2.6370001 -0.0023047 -0.0271151 -0.0022318 0.9996272
7.295357 -1.1538298 -0.0388597 2.8358605 0.0003299 -0.0268271 0.0009859 0.9996396
7.607858 -1.1647209 -0.0433926 3.0319598 0.0047455 -0.0268209 -0.0015933 0.9996277
7.920378 -1.1762615 -0.0480552 3.2289505 0.0014924 -0.0264978 -0.0041600 0.9996391
8.232862 -1.1874968 -0.0521879 3.4261928 -0.0006565 -0.0269965 -0.0020601 0.9996332
8.545359 -1.1983681 -0.0558409 3.6200428 0.0010125 -0.0281789 -0.0013358 0.9996015
8.753612 -1.2064443 -0.0588600 3.7482324 0.0010677 -0.0289470 -0.0027397 0.9995766
8.961860 -1.2145969 -0.0612348 3.8760171 -0.0030431 -0.0295813 -0.0039184 0.9995500
9.170238 -1.2229468 -0.0632625 4.0036368 -0.0024221 -0.0301537 -0.0043094 0.9995331
9.378487 -1.2309387 -0.0652250 4.1304197 -0.0019512 -0.0308173 -0.0041640 0.9995145
9.586735 -1.2384613 -0.0672332 4.2541680 -0.0028358 -0.0318503 -0.0030438 0.9994840
9.794986 -1.2462071 -0.0694584 4.3724566 -0.0047848 -0.0329106 -0.0025119 0.9994437
10.003370 -1.2539184 -0.0709897 4.4866838 -0.0044746 -0.0359855 -0.0014246 0.9993412
10.211610 -1.2626220 -0.0726866 4.5955710 -0.0041760 -0.0393462 -0.0015575 0.9992157
10.419890 -1.2721065 -0.0743773 4.6969223 -0.0053029 -0.0422997 -0.0025781 0.9990876
10.628240 -1.2808422 -0.0756598 4.7928824 -0.0064208 -0.0454620 -0.0037973 0.9989382
10.836610 -1.2906497 -0.0771192 4.8818226 -0.0060236 -0.0479717 -0.0059247 0.9988130
11.045010 -1.2989010 -0.0784879 4.9632368 -0.0022019 -0.0509887 -0.0075748 0.9986681
11.253490 -1.3070202 -0.0798801 5.0378046 -0.0003130 -0.0526700 -0.0094254 0.9985675
11.566360 -1.3181875 -0.0821156 5.1381173 -0.0019388 -0.0480578 -0.0139080 0.9987459
11.879370 -1.3244987 -0.0835230 5.2268882 -0.0048083 -0.0337080 -0.0141807 0.9993196
12.088240 -1.3256069 -0.0846891 5.2795768 -0.0047170 -0.0195605 -0.0137756 0.9997026
12.715240 -1.3126254 -0.0877805 5.4215422 0.0039169 0.0571235 -0.0078433 0.9983286
13.028860 -1.2951800 -0.0898354 5.4846878 0.0055323 0.1151391 -0.0036743 0.9933271
13.446740 -1.2627695 -0.0920389 5.5617952 0.0052382 0.2089479 -0.0052015 0.9778989
13.760010 -1.2280071 -0.0946234 5.6153717 0.0086793 0.2838235 -0.0045997 0.9588262
13.968740 -1.2003951 -0.0957100 5.6489925 0.0122825 0.3353127 -0.0087414 0.9419863
14.177490 -1.1676719 -0.0974623 5.6793060 0.0135351 0.3875641 -0.0104213 0.9216844
14.386120 -1.1302204 -0.0990675 5.7046590 0.0124106 0.4383026 -0.0080300 0.8987059
14.594740 -1.0895154 -0.1002468 5.7266917 0.0105997 0.4885861 -0.0064482 0.8724275
14.803370 -1.0458975 -0.1025380 5.7446179 0.0079003 0.5380310 -0.0054681 0.8428703
15.011990 -0.9984763 -0.1043799 5.7587476 0.0099151 0.5829354 -0.0098693 0.8123981
15.220240 -0.9460631 -0.1062777 5.7683277 0.0137268 0.6193169 -0.0077561 0.7849828
15.428120 -0.8892253 -0.1078740 5.7753429 0.0185316 0.6451477 -0.0041904 0.7638216
15.636010 -0.8278095 -0.1101695 5.7823153 0.0130714 0.6655682 -0.0054040 0.7462029
15.843870 -0.7607760 -0.1125241 5.7862086 0.0101842 0.6827905 -0.0035675 0.7305346
16.051740 -0.6894175 -0.1156661 5.7870321 0.0154847 0.6964879 -0.0000765 0.7174014
16.259530 -0.6115028 -0.1175684 5.7880263 0.0182401 0.7055184 -0.0042640 0.7084440
16.467120 -0.5296387 -0.1202264 5.7868223 0.0199537 0.7087119 -0.0000413 0.7052158
16.674850 -0.4412839 -0.1235543 5.7869840 0.0192864 0.7078480 0.0007768 0.7061010
16.882610 -0.3494811 -0.1270356 5.7878218 0.0181857 0.7069013 -0.0013841 0.7070770
17.090490 -0.2522632 -0.1303426 5.7889204 0.0181846 0.7063479 -0.0018446 0.7076288
17.298620 -0.1521646 -0.1343348 5.7893276 0.0171964 0.7059052 -0.0008405 0.7080970
17.506740 -0.0487615 -0.1381424 5.7907381 0.0150843 0.7066708 -0.0002448 0.7073817
17.715000 0.0572954 -0.1417985 5.7905674 0.0142945 0.7073838 0.0016790 0.7066832
17.923370 0.1652590 -0.1454992 5.7905607 0.0130247 0.7083693 0.0021857 0.7057185
18.235760 0.3305076 -0.1509603 5.7909565 0.0163653 0.7093926 -0.0023951 0.7046194
18.548250 0.4991645 -0.1573544 5.7909575 0.0097822 0.7102718 -0.0009104 0.7038590
18.860740 0.6675627 -0.1631005 5.7912507 0.0085822 0.7100410 -0.0020205 0.7041051
19.173270 0.8324012 -0.1690809 5.7913399 0.0147613 0.7090763 -0.0034324 0.7049689
19.485910 0.9970611 -0.1755555 5.7910657 0.0126259 0.7084981 0.0015298 0.7055981
19.694390 1.1058052 -0.1791654 5.7926583 0.0112342 0.7097847 -0.0009176 0.7043285
20.007130 1.2665056 -0.1852515 5.7917242 0.0105850 0.7118007 -0.0019284 0.7022991
20.319990 1.4263548 -0.1912992 5.7913246 0.0094710 0.7142077 -0.0016208 0.6998678
20.633120 1.5804809 -0.1970523 5.7889724 0.0102316 0.7156606 -0.0006350 0.6983730
20.945510 1.7307116 -0.2026816 5.7862244 0.0082490 0.7171016 -0.0009726 0.6969191
21.258280 1.8715081 -0.2073584 5.7829590 0.0084695 0.7175347 -0.0016628 0.6964694
21.466850 1.9624418 -0.2108779 5.7818351 0.0093911 0.7178777 -0.0039437 0.6960947
21.675510 2.0529702 -0.2143701 5.7789493 0.0104185 0.7176402 -0.0034140 0.6963277
21.883890 2.1440289 -0.2179792 5.7778621 0.0088047 0.7181478 -0.0046392 0.6958194
22.092530 2.2336862 -0.2211574 5.7765226 0.0083698 0.7182264 -0.0044290 0.6957451
22.301210 2.3210328 -0.2246946 5.7740059 0.0066483 0.7196764 -0.0051483 0.6942587
22.509770 2.4074912 -0.2282162 5.7707577 0.0075997 0.7235666 -0.0063888 0.6901832
22.718920 2.4943945 -0.2312984 5.7657704 0.0095378 0.7283707 -0.0075263 0.6850756
22.926910 2.5828896 -0.2347467 5.7602859 0.0074523 0.7323644 -0.0082831 0.6808218
23.135720 2.6727500 -0.2380696 5.7540669 0.0058449 0.7353895 -0.0099915 0.6775457
23.448150 2.8117976 -0.2430948 5.7428145 0.0030680 0.7373590 -0.0059060 0.6754683
23.656510 2.9061742 -0.2456735 5.7350278 0.0046392 0.7380038 -0.0068307 0.6747461
23.865000 3.0017490 -0.2490178 5.7255459 0.0120199 0.7381895 -0.0051864 0.6744664
24.073430 3.0996022 -0.2523502 5.7173333 0.0113136 0.7386563 -0.0051182 0.6739679
24.281890 3.1957805 -0.2561114 5.7090816 0.0097156 0.7387401 -0.0016284 0.6739184
24.490410 3.2920489 -0.2595644 5.7011986 0.0096573 0.7397851 -0.0021646 0.6727705
24.803130 3.4371080 -0.2646324 5.6879697 0.0099848 0.7418779 -0.0024184 0.6704563
25.012020 3.5333431 -0.2680067 5.6790562 0.0091807 0.7431621 -0.0032873 0.6690404
25.220150 3.6279075 -0.2717452 5.6697307 0.0091561 0.7439090 -0.0044267 0.6682035
25.532890 3.7732692 -0.2763560 5.6551013 0.0071690 0.7449685 -0.0039958 0.6670492
25.741410 3.8717999 -0.2795909 5.6457610 0.0056185 0.7465721 -0.0035266 0.6652715
26.158530 4.0690422 -0.2859621 5.6229768 0.0097297 0.7486274 -0.0056220 0.6628957
26.367040 4.1703162 -0.2896547 5.6106358 0.0127791 0.7488463 -0.0061072 0.6625924
26.679760 4.3261704 -0.2958378 5.5922866 0.0121683 0.7484753 -0.0033216 0.6630428
26.888310 4.4318051 -0.2992433 5.5805755 0.0101819 0.7473822 -0.0015286 0.6643146
27.096690 4.5378709 -0.3024284 5.5687394 0.0089132 0.7461658 -0.0004716 0.6657004
27.409410 4.6983237 -0.3077921 5.5521698 0.0133334 0.7445210 -0.0060598 0.6674384
27.617880 4.8064113 -0.3116404 5.5410771 0.0116989 0.7436717 -0.0042481 0.6684291
27.930640 4.9683332 -0.3176190 5.5250320 0.0106356 0.7431158 -0.0039691 0.6690665
28.139150 5.0761271 -0.3214687 5.5137782 0.0114994 0.7424396 -0.0010751 0.6698135
28.451910 5.2328391 -0.3271237 5.4997058 0.0132115 0.7419885 -0.0030135 0.6702756
28.764800 5.3884516 -0.3333898 5.4865146 0.0064390 0.7423859 -0.0059120 0.6699155
28.973270 5.4910316 -0.3376003 5.4768810 0.0075186 0.7430719 -0.0098617 0.6690966
29.181800 5.5927658 -0.3419787 5.4670591 0.0081087 0.7435291 -0.0091497 0.6685917
29.390270 5.6932402 -0.3464026 5.4569163 0.0103514 0.7438638 -0.0095543 0.6681828
29.598790 5.7922592 -0.3510665 5.4472246 0.0100846 0.7445416 -0.0110378 0.6674085
29.807270 5.8916926 -0.3560151 5.4372382 0.0095151 0.7463967 -0.0116175 0.6653318
30.015910 5.9881997 -0.3603275 5.4261727 0.0103753 0.7484484 -0.0140692 0.6629626
30.224420 6.0837574 -0.3654584 5.4144673 0.0103745 0.7505305 -0.0129854 0.6606267
30.537140 6.2242613 -0.3734476 5.3973122 0.0125456 0.7524658 -0.0197825 0.6582146
30.745760 6.3179455 -0.3784457 5.3847876 0.0152336 0.7544358 -0.0178501 0.6559543
31.058390 6.4571886 -0.3872199 5.3660660 0.0116956 0.7570203 -0.0162507 0.6530845
31.266890 6.5488124 -0.3926598 5.3537664 0.0125051 0.7588119 -0.0199136 0.6508853
31.475390 6.6389232 -0.3983389 5.3403034 0.0169724 0.7601534 -0.0217835 0.6491566
31.788620 6.7738900 -0.4074891 5.3192139 0.0172567 0.7633244 -0.0185974 0.6455170
31.997070 6.8623242 -0.4135205 5.3038945 0.0165314 0.7672291 -0.0172501 0.6409279
32.205560 6.9502740 -0.4195653 5.2879281 0.0159660 0.7735643 -0.0183908 0.6332497
32.414310 7.0367737 -0.4251648 5.2699080 0.0168960 0.7816464 -0.0186857 0.6232129
32.622920 7.1228065 -0.4310952 5.2495003 0.0187431 0.7892087 -0.0161605 0.6136262
32.831540 7.2075586 -0.4361349 5.2264199 0.0220088 0.7953684 -0.0127142 0.6055931
33.040040 7.2917042 -0.4418836 5.2021909 0.0236332 0.7998641 -0.0104867 0.5996240
33.248440 7.3746185 -0.4465787 5.1771545 0.0253092 0.8021404 -0.0044848 0.5965821
33.456640 7.4564724 -0.4514686 5.1521301 0.0271900 0.8027954 0.0005487 0.5956342
33.560850 7.4968371 -0.4536126 5.1398849 0.0297289 0.8026733 -0.0008894 0.5956770
33.769250 7.5774260 -0.4578497 5.1167479 0.0312602 0.8021854 -0.0016826 0.5962539
33.873500 7.6167283 -0.4602265 5.1052647 0.0309569 0.8017114 -0.0005475 0.5969087
34.081820 7.6955700 -0.4651345 5.0827098 0.0310150 0.8009355 0.0013949 0.5979452
34.289910 7.7724962 -0.4692859 5.0611100 0.0332838 0.7988840 0.0007590 0.6005630
34.498170 7.8491273 -0.4738489 5.0410318 0.0331354 0.7957004 0.0027386 0.6047772
34.602300 7.8869677 -0.4756285 5.0310225 0.0329700 0.7941540 0.0036383 0.6068106
34.810660 7.9605136 -0.4797289 5.0121512 0.0324757 0.7917450 0.0047335 0.6099694
35.019540 8.0321951 -0.4834781 4.9938793 0.0331523 0.7893104 0.0080248 0.6130462
35.227510 8.1019964 -0.4877664 4.9780822 0.0314993 0.7873479 0.0065405 0.6156690
35.436220 8.1695595 -0.4911949 4.9619503 0.0347624 0.7840722 0.0049920 0.6196753
35.644150 8.2368259 -0.4944990 4.9481101 0.0333811 0.7794007 0.0033463 0.6256269
35.956520 8.3374329 -0.4999969 4.9301028 0.0325133 0.7677656 0.0049246 0.6398863
36.268770 8.4367886 -0.5058208 4.9178681 0.0310769 0.7497098 0.0044389 0.6610216
36.476890 8.5022144 -0.5096401 4.9142065 0.0285315 0.7348661 0.0004996 0.6776116
36.685150 8.5670643 -0.5133411 4.9137912 0.0253647 0.7211375 -0.0048844 0.6923103
36.893640 8.6320772 -0.5168909 4.9153862 0.0194656 0.7127200 -0.0096554 0.7011121
37.102920 8.6964207 -0.5205278 4.9160786 0.0124596 0.7141079 -0.0128746 0.6998063
37.311660 8.7602253 -0.5239576 4.9137836 0.0093385 0.7232529 -0.0124144 0.6904085
37.416200 8.7915583 -0.5254469 4.9115510 0.0096724 0.7275415 -0.0110116 0.6859071
37.625170 8.8534679 -0.5282484 4.9064374 0.0089324 0.7364911 -0.0112189 0.6762952
37.834140 8.9148350 -0.5308273 4.9001031 0.0078022 0.7479355 -0.0111896 0.6636311
38.043370 8.9737740 -0.5333695 4.8906713 0.0084856 0.7577767 -0.0088649 0.6523985
38.251530 9.0322905 -0.5356836 4.8804359 0.0072611 0.7669038 -0.0085470 0.6416641
38.460120 9.0878620 -0.5381303 4.8682981 0.0089231 0.7743497 -0.0071341 0.6326547
38.668540 9.1428986 -0.5406622 4.8558283 0.0111828 0.7798827 -0.0070007 0.6257867
38.876940 9.1964493 -0.5428960 4.8433466 0.0109353 0.7823159 -0.0062875 0.6227542
39.189420 9.2762098 -0.5457991 4.8248415 0.0125099 0.7835355 -0.0040346 0.6212080
39.606400 9.3802519 -0.5496519 4.7998142 0.0128078 0.7883248 -0.0068210 0.6150882
39.815010 9.4345608 -0.5519999 4.7854614 0.0133627 0.7917961 -0.0057840 0.6106119
40.023700 9.4909706 -0.5541857 4.7700667 0.0146360 0.7953773 -0.0058967 0.6059092
40.336550 9.5788670 -0.5576714 4.7450285 0.0174948 0.8005791 -0.0054259 0.5989471
40.649320 9.6683540 -0.5612351 4.7186604 0.0174593 0.8046737 -0.0037287 0.5934488
40.857780 9.7287817 -0.5638111 4.6993628 0.0170116 0.8063201 0.0004201 0.5912346
41.170430 9.8202581 -0.5672321 4.6715927 0.0171908 0.8075554 0.0013726 0.5895395
41.378780 9.8801432 -0.5689011 4.6532106 0.0188597 0.8070973 0.0014210 0.5901154
41.587170 9.9397478 -0.5710909 4.6355257 0.0188067 0.8057950 0.0010730 0.5918949
41.899560 10.0278568 -0.5747577 4.6107721 0.0209247 0.8034133 0.0003250 0.5950539
42.212070 10.1100044 -0.5777841 4.5873594 0.0209033 0.7998627 0.0003928 0.5998187
42.524580 10.1851530 -0.5811934 4.5675583 0.0188286 0.7945840 0.0057868 0.6068346
42.836790 10.2521677 -0.5840055 4.5526466 0.0177387 0.7841083 0.0057883 0.6203435
43.148930 10.3166056 -0.5859563 4.5422788 0.0210755 0.7656782 0.0017945 0.6428760
43.460950 10.3802090 -0.5886955 4.5388575 0.0170192 0.7376594 0.0001196 0.6749585
43.773070 10.4420500 -0.5906213 4.5425000 0.0095775 0.7053974 -0.0033158 0.7087395
44.085170 10.5026770 -0.5932373 4.5507488 0.0051299 0.6705543 -0.0013150 0.7418415
44.397150 10.5615177 -0.5944963 4.5654602 0.0058902 0.6293445 -0.0036205 0.7770957
44.709450 10.6211500 -0.5961307 4.5892458 0.0066043 0.5789579 -0.0077957 0.8152934
44.917460 10.6602602 -0.5976431 4.6108603 0.0073894 0.5399166 -0.0128827 0.8415875
45.125340 10.7010603 -0.5997099 4.6365604 0.0116733 0.4981691 -0.0112008 0.8669289
45.437440 10.7624435 -0.6022792 4.6872244 0.0102461 0.4326392 -0.0120609 0.9014282
45.853900 10.8415279 -0.6067170 4.7777681 0.0081505 0.3440077 -0.0127926 0.9388443
46.062500 10.8796978 -0.6085582 4.8332686 0.0077513 0.3038213 -0.0117226 0.9526254
46.271110 10.9165525 -0.6106796 4.8952456 0.0059627 0.2692259 -0.0121673 0.9629818
46.479940 10.9523764 -0.6122913 4.9633360 0.0027277 0.2414463 -0.0117797 0.9703389
46.688930 10.9882240 -0.6139836 5.0376081 0.0007475 0.2209778 -0.0094082 0.9752331
46.897820 11.0233364 -0.6152260 5.1164207 0.0012546 0.2031257 -0.0052971 0.9791375
47.106530 11.0566139 -0.6166148 5.2009063 0.0018246 0.1856900 -0.0038460 0.9825991
47.315280 11.0886145 -0.6181723 5.2897115 0.0016818 0.1701820 -0.0042387 0.9854021
47.524300 11.1194286 -0.6194001 5.3833556 -0.0000057 0.1637489 -0.0075384 0.9864733
47.733280 11.1521816 -0.6210928 5.4796400 -0.0006902 0.1625453 -0.0069431 0.9866764
47.942180 11.1866417 -0.6227363 5.5793142 0.0006381 0.1623334 -0.0047536 0.9867243
48.150840 11.2215595 -0.6243622 5.6823387 0.0010015 0.1626156 -0.0044422 0.9866790
48.359390 11.2583618 -0.6264470 5.7884111 -0.0012299 0.1632789 -0.0033630 0.9865735
48.567920 11.2956066 -0.6284376 5.8954363 -0.0017113 0.1638359 -0.0021524 0.9864838
48.776450 11.3330889 -0.6300993 6.0031242 -0.0016136 0.1639774 -0.0005502 0.9864627
48.985000 11.3709106 -0.6319053 6.1122136 -0.0037448 0.1640783 0.0011233 0.9864396
49.193280 11.4086666 -0.6332675 6.2199798 -0.0029172 0.1636181 0.0029173 0.9865151
49.407810 11.4454069 -0.6346088 6.3275375 -0.0012051 0.1632142 0.0032862 0.9865844
49.714270 11.5013237 -0.6369796 6.4897137 -0.0016815 0.1610704 0.0031744 0.9869364
50.026950 11.5550089 -0.6395953 6.6521001 -0.0018987 0.1590069 0.0026884 0.9872720
50.339430 11.6089659 -0.6421709 6.8154936 -0.0028639 0.1564626 0.0042458 0.9876706
50.652030 11.6611176 -0.6441594 6.9763966 -0.0031176 0.1537401 0.0055064 0.9880911
50.964550 11.7114964 -0.6459122 7.1345744 -0.0031417 0.1507005 0.0062844 0.9885545
51.277040 11.7590790 -0.6473205 7.2865505 -0.0052559 0.1469341 0.0067522 0.9891093
51.589660 11.8017645 -0.6491805 7.4288669 -0.0009348 0.1429787 0.0047759 0.9897138
51.902300 11.8391657 -0.6514978 7.5603390 -0.0046079 0.1377293 0.0059624 0.9904413
52.215240 11.8716831 -0.6534725 7.6801987 -0.0053351 0.1315247 0.0045619 0.9912881
52.527830 11.8994284 -0.6553205 7.7865095 -0.0030519 0.1289760 0.0021794 0.9916406
52.840660 11.9236078 -0.6567209 7.8804502 0.0003123 0.1272193 0.0015636 0.9918733
53.154550 11.9446840 -0.6588857 7.9655962 -0.0008261 0.1245889 0.0010330 0.9922076
53.465960 11.9641476 -0.6606089 8.0480862 -0.0004118 0.1135736 0.0041337 0.9935209
53.777930 11.9768829 -0.6620054 8.1274166 0.0009020 0.0861716 0.0039167 0.9962722
54.089790 11.9813023 -0.6634500 8.2044373 -0.0013032 0.0412276 0.0028415 0.9991449
54.401580 11.9764538 -0.6645894 8.2777376 -0.0042578 -0.0178593 -0.0016913 0.9998300
54.713450 11.9610443 -0.6648085 8.3467979 -0.0068666 -0.0869754 -0.0079019 0.9961554
55.025330 11.9354982 -0.6648186 8.4125423 -0.0126999 -0.1654357 -0.0091061 0.9860967
55.233280 11.9124107 -0.6647745 8.4531889 -0.0160187 -0.2203254 -0.0116164 0.9752257
55.441330 11.8859072 -0.6639766 8.4907570 -0.0168421 -0.2782346 -0.0145202 0.9602557
55.649410 11.8543272 -0.6623024 8.5246525 -0.0178781 -0.3349817 -0.0141641 0.9419485
55.857760 11.8191605 -0.6607991 8.5543785 -0.0213719 -0.3902702 -0.0126810 0.9203649
55.961860 11.8004150 -0.6599310 8.5669451 -0.0225530 -0.4170451 -0.0125555 0.9085192
56.066000 11.7805700 -0.6592917 8.5787191 -0.0246216 -0.4433392 -0.0122564 0.8959319
56.170220 11.7602940 -0.6584981 8.5890980 -0.0252411 -0.4689609 -0.0131669 0.8827600
56.274310 11.7392235 -0.6578462 8.5979071 -0.0242515 -0.4936843 -0.0149604 0.8691742
56.482840 11.6962147 -0.6559385 8.6120052 -0.0206804 -0.5413302 -0.0174058 0.8403755
56.691300 11.6508312 -0.6541308 8.6227036 -0.0182487 -0.5829342 -0.0177988 0.8121194
56.795690 11.6271114 -0.6533874 8.6270733 -0.0167272 -0.6009789 -0.0187491 0.7988698
57.004560 11.5790958 -0.6516469 8.6340504 -0.0157746 -0.6302745 -0.0176067 0.7760124
57.213710 11.5278988 -0.6488392 8.6411428 -0.0205988 -0.6514707 -0.0133109 0.7582774
57.318320 11.4999733 -0.6476665 8.6433849 -0.0200261 -0.6601349 -0.0153882 0.7507223
57.527320 11.4417915 -0.6458669 8.6463680 -0.0190230 -0.6727969 -0.0204101 0.7393009
57.736570 11.3786888 -0.6432786 8.6500998 -0.0191825 -0.6839180 -0.0160964 0.7291290
57.945060 11.3100309 -0.6404178 8.6523886 -0.0192879 -0.6965475 -0.0103844 0.7171762
58.153820 11.2350130 -0.6375142 8.6508036 -0.0198637 -0.7075233 -0.0130365 0.7062904
58.362580 11.1544199 -0.6348541 8.6465111 -0.0180078 -0.7165353 -0.0176466 0.6970950
60.242110 10.2036304 -0.5952190 8.6383362 -0.0041864 -0.6820436 -0.0361304 0.7304065
60.554790 10.0227499 -0.5875915 8.6525307 -0.0050478 -0.6737109 -0.0361569 0.7380927
60.867330 9.8402824 -0.5808336 8.6696014 -0.0055371 -0.6706334 -0.0348959 0.7409470
61.284050 9.5960531 -0.5717770 8.6932650 -0.0041965 -0.6690078 -0.0351415 0.7424123
61.596570 9.4120789 -0.5650179 8.7116070 -0.0036628 -0.6688932 -0.0361007 0.7424724
61.909070 9.2304182 -0.5588050 8.7287054 -0.0022919 -0.6695976 -0.0350644 0.7418923
62.221590 9.0505247 -0.5523385 8.7449598 -0.0045246 -0.6700825 -0.0381584 0.7412914
62.429920 8.9311953 -0.5472638 8.7566910 -0.0034228 -0.6703483 -0.0380504 0.7410625
62.638450 8.8125448 -0.5422953 8.7678394 -0.0031588 -0.6698360 -0.0383344 0.7415121
62.849550 8.6945429 -0.5383332 8.7796507 -0.0035098 -0.6685447 -0.0391512 0.7426324
63.159760 8.5191841 -0.5313948 8.7972288 -0.0026535 -0.6671252 -0.0383923 0.7439509
63.368170 8.4031868 -0.5270656 8.8090496 -0.0020994 -0.6666517 -0.0386044 0.7443661
63.576570 8.2874956 -0.5230681 8.8214922 -0.0023137 -0.6660594 -0.0387841 0.7448861
63.785050 8.1722431 -0.5181753 8.8345032 -0.0030771 -0.6656578 -0.0389109 0.7452356
63.993600 8.0577154 -0.5139456 8.8475275 -0.0027997 -0.6655268 -0.0376540 0.7454183
64.202080 7.9436326 -0.5095667 8.8599787 -0.0013938 -0.6651703 -0.0365112 0.7457972
64.410540 7.8292623 -0.5056658 8.8725977 -0.0016756 -0.6645183 -0.0367145 0.7463676
64.619620 7.7132816 -0.5017649 8.8859863 -0.0020139 -0.6637985 -0.0369249 0.7469967
64.827560 7.5960016 -0.4972837 8.9004679 -0.0041707 -0.6630449 -0.0357218 0.7477152
65.140170 7.4182801 -0.4906802 8.9220848 -0.0040513 -0.6619405 -0.0352826 0.7487146
65.453010 7.2397242 -0.4838842 8.9437094 -0.0015107 -0.6619781 -0.0349494 0.7487065
65.765550 7.0587621 -0.4772788 8.9656191 -0.0036955 -0.6654536 -0.0336117 0.7456730
65.973960 6.9376335 -0.4727700 8.9774504 -0.0034916 -0.6688692 -0.0342216 0.7425838
66.286540 6.7529993 -0.4661209 8.9930868 -0.0032831 -0.6741732 -0.0365168 0.7376627
66.599380 6.5688195 -0.4594086 9.0086737 0.0004629 -0.6764149 -0.0340169 0.7357346
66.911930 6.3823581 -0.4536293 9.0263128 -0.0033418 -0.6775805 -0.0319992 0.7347445
67.224690 6.1971812 -0.4468965 9.0408936 -0.0067236 -0.6782779 -0.0343187 0.7339728
67.537490 6.0124454 -0.4396835 9.0564175 -0.0063429 -0.6792138 -0.0356345 0.7330474
67.850040 5.8287573 -0.4326992 9.0698881 -0.0040804 -0.6797243 -0.0355222 0.7325957
68.162850 5.6504540 -0.4260035 9.0838461 -0.0032094 -0.6803866 -0.0352623 0.7319975
68.475450 5.4722152 -0.4195960 9.0988436 -0.0033071 -0.6803598 -0.0350541 0.7320320
68.787950 5.2913985 -0.4131848 9.1111698 -0.0035934 -0.6802320 -0.0360881 0.7320992
68.996320 5.1707244 -0.4089437 9.1196260 -0.0025815 -0.6800590 -0.0360499 0.7322659
69.308840 4.9900365 -0.4021784 9.1329308 -0.0046813 -0.6801655 -0.0375292 0.7320824
69.621360 4.8092823 -0.3943376 9.1471119 -0.0032946 -0.6809070 -0.0380079 0.7313756
69.933920 4.6313739 -0.3869574 9.1598129 -0.0003225 -0.6814750 -0.0393537 0.7307825
70.246450 4.4556751 -0.3811517 9.1736164 0.0039832 -0.6800218 -0.0403932 0.7320675
70.559170 4.2787671 -0.3744393 9.1889372 0.0000988 -0.6778192 -0.0406784 0.7341025
70.871920 4.1008162 -0.3676571 9.2037268 -0.0004562 -0.6753693 -0.0417158 0.7362988
71.184470 3.9220674 -0.3608964 9.2197428 0.0020866 -0.6735486 -0.0396929 0.7380734
71.496920 3.7414174 -0.3547035 9.2365665 0.0022220 -0.6731545 -0.0390281 0.7384680
71.809460 3.5591776 -0.3485609 9.2545681 -0.0002562 -0.6736403 -0.0375260 0.7381061
72.121920 3.3774557 -0.3414101 9.2707367 -0.0041768 -0.6746773 -0.0400940 0.7370112
72.434620 3.1956434 -0.3347054 9.2863455 -0.0010730 -0.6741786 -0.0353112 0.7377230
72.747080 3.0135562 -0.3287392 9.3029947 -0.0037977 -0.6739482 -0.0357724 0.7379023
73.059560 2.8301497 -0.3214107 9.3191738 -0.0046855 -0.6753739 -0.0360510 0.7365789
73.372080 2.6474905 -0.3141901 9.3353100 -0.0071107 -0.6789176 -0.0343067 0.7333781
73.684600 2.4649656 -0.3070872 9.3485098 -0.0068871 -0.6821393 -0.0332973 0.7304312
73.997240 2.2806046 -0.2999459 9.3599977 -0.0065419 -0.6842772 -0.0342086 0.7283897
74.309810 2.0962079 -0.2924131 9.3716030 -0.0058031 -0.6853108 -0.0355876 0.7273574
74.622500 1.9137087 -0.2852918 9.3832245 -0.0059276 -0.6860588 -0.0341725 0.7267190
74.935080 1.7313467 -0.2782133 9.3955374 -0.0072896 -0.6879711 -0.0344675 0.7248825
75.143430 1.6113266 -0.2732347 9.4012852 -0.0070883 -0.6891323 -0.0334659 0.7238276
75.351710 1.4926380 -0.2685988 9.4068956 -0.0070742 -0.6904842 -0.0326545 0.7225754
75.560080 1.3750869 -0.2646875 9.4115438 -0.0055330 -0.6922830 -0.0289452 0.7210241
75.872440 1.2017002 -0.2592042 9.4190674 -0.0074871 -0.6949348 -0.0280749 0.7184855
76.080700 1.0861645 -0.2557775 9.4233227 -0.0090112 -0.6961774 -0.0295953 0.7172029
76.393300 0.9149350 -0.2497282 9.4280567 -0.0082255 -0.6961071 -0.0307338 0.7172327
76.601900 0.8026025 -0.2456680 9.4314442 -0.0088376 -0.6961842 -0.0327123 0.7170631
76.810120 0.6905673 -0.2409888 9.4347143 -0.0079446 -0.6965359 -0.0323471 0.7167484
77.018320 0.5818260 -0.2369842 9.4371758 -0.0080710 -0.6976953 -0.0330840 0.7155848
77.226680 0.4759326 -0.2328035 9.4390583 -0.0082439 -0.6989560 -0.0340990 0.7143038
77.436110 0.3715962 -0.2285530 9.4405785 -0.0076164 -0.7005358 -0.0338790 0.7127719
77.643330 0.2685907 -0.2245228 9.4417229 -0.0071575 -0.7020696 -0.0336148 0.7112784
77.851700 0.1682199 -0.2207826 9.4428062 -0.0073323 -0.7033964 -0.0335219 0.7099691
78.060100 0.0705330 -0.2172756 9.4431295 -0.0073422 -0.7043659 -0.0347128 0.7089498
78.268580 -0.0233287 -0.2137095 9.4439306 -0.0066906 -0.7048408 -0.0358061 0.7084297
78.477150 -0.1143064 -0.2101409 9.4437838 -0.0048795 -0.7032664 -0.0364361 0.7099754
78.685710 -0.2012821 -0.2073706 9.4448118 -0.0040221 -0.7013610 -0.0362086 0.7118746
78.894170 -0.2878579 -0.2041681 9.4468012 -0.0041660 -0.6994760 -0.0350393 0.7137845
79.207090 -0.4110610 -0.2005031 9.4496222 -0.0042847 -0.6968672 -0.0339209 0.7163848
79.415550 -0.4921315 -0.1974837 9.4517822 -0.0059612 -0.6955721 -0.0338424 0.7176340
79.624080 -0.5709192 -0.1947561 9.4541435 -0.0061017 -0.6947287 -0.0337326 0.7184546
79.832620 -0.6484437 -0.1920948 9.4564056 -0.0061168 -0.6938051 -0.0334526 0.7193594
80.041060 -0.7232713 -0.1894406 9.4587574 -0.0073093 -0.6925020 -0.0340332 0.7205756
80.458240 -0.8629642 -0.1843162 9.4650974 -0.0082207 -0.6885623 -0.0340859 0.7243291
80.666690 -0.9274125 -0.1822961 9.4691162 -0.0097657 -0.6860930 -0.0330334 0.7266979
80.875410 -0.9876372 -0.1800196 9.4726524 -0.0104331 -0.6827132 -0.0340433 0.7298185
81.292550 -1.0992494 -0.1759319 9.4832916 -0.0108955 -0.6717231 -0.0316776 0.7400445
81.501230 -1.1511239 -0.1742524 9.4897718 -0.0090203 -0.6634147 -0.0301812 0.7475886
82.127190 -1.2873228 -0.1706369 9.5167971 -0.0100480 -0.6287505 -0.0266278 0.7770861
82.440360 -1.3445487 -0.1696587 9.5350885 -0.0103215 -0.6028288 -0.0206159 0.7975374
83.380020 -1.4904387 -0.1677059 9.6137428 -0.0138786 -0.4875785 -0.0169542 0.8728042
84.006450 -1.5692649 -0.1651518 9.6956654 -0.0037855 -0.3772272 -0.0097915 0.9260613
84.319310 -1.6052077 -0.1653689 9.7498274 -0.0046780 -0.3149460 -0.0094155 0.9490514
84.527960 -1.6280324 -0.1659163 9.7913494 -0.0037258 -0.2721986 -0.0086066 0.9621954
84.737260 -1.6489327 -0.1661384 9.8376369 0.0005881 -0.2310541 -0.0094208 0.9728951
84.944930 -1.6715856 -0.1670185 9.8916750 0.0017194 -0.1894058 -0.0136251 0.9818029
85.154250 -1.6877615 -0.1673977 9.9509363 0.0011973 -0.1467142 -0.0134948 0.9890862
85.674100 -1.7134874 -0.1718994 10.1180944 0.0051643 -0.0566590 -0.0130313 0.9982952
85.881970 -1.7140640 -0.1723938 10.1925840 0.0062582 -0.0367262 -0.0087287 0.9992676
86.297530 -1.7093168 -0.1733816 10.3557167 0.0054668 -0.0197161 -0.0028941 0.9997865
86.712810 -1.7046705 -0.1693884 10.5364923 0.0074024 -0.0226878 0.0006994 0.9997150
86.920680 -1.7153559 -0.1748083 10.6328402 0.0062411 -0.0240443 0.0013233 0.9996905
87.128650 -1.7196887 -0.1763964 10.7303724 0.0094183 -0.0274247 0.0016838 0.9995781
87.440900 -1.7468700 -0.1879445 10.8708630 0.0024629 -0.0241044 -0.0003777 0.9997063
87.961420 -1.7570766 -0.1887402 11.1271696 0.0054387 -0.0277670 -0.0046068 0.9995890
88.273850 -1.7713974 -0.1942061 11.2725468 0.0024274 -0.0278379 -0.0044717 0.9995995
88.586360 -1.7827809 -0.1984599 11.4285927 0.0001360 -0.0306296 -0.0031642 0.9995258
88.794690 -1.7905397 -0.2003269 11.5281029 -0.0011194 -0.0325942 -0.0032882 0.9994626
89.107430 -1.8046542 -0.2028784 11.6761465 -0.0013084 -0.0345511 -0.0029574 0.9993977
89.419930 -1.8176675 -0.2072097 11.8229380 0.0020068 -0.0359755 -0.0031909 0.9993455
89.732690 -1.8262862 -0.2094302 11.9661007 -0.0012580 -0.0366023 -0.0037542 0.9993221
90.045560 -1.8369401 -0.2123415 12.0991373 0.0009154 -0.0369791 -0.0046503 0.9993048
90.357970 -1.8509612 -0.2162350 12.2211981 -0.0013226 -0.0382965 -0.0055089 0.9992504
90.670570 -1.8585871 -0.2175125 12.3320112 -0.0006145 -0.0439013 -0.0052508 0.9990219
90.983300 -1.8698920 -0.2193139 12.4326859 -0.0002427 -0.0475475 -0.0051136 0.9988559
91.296000 -1.8791810 -0.2228906 12.5221529 -0.0009128 -0.0452675 -0.0061775 0.9989554
91.609100 -1.8844280 -0.2235464 12.6043329 0.0004136 -0.0317158 -0.0074834 0.9994688
91.922450 -1.8852817 -0.2264703 12.6850367 0.0005123 -0.0044314 -0.0075616 0.9999614
92.549480 -1.8632843 -0.2314969 12.8366146 0.0074992 0.0867783 -0.0048400 0.9961877
92.862950 -1.8388245 -0.2338466 12.9050484 0.0071331 0.1454078 0.0061499 0.9893270
93.072030 -1.8199139 -0.2364648 12.9474239 0.0061734 0.1877189 0.0079367 0.9821713
93.280830 -1.7977619 -0.2382362 12.9881516 0.0092440 0.2322342 0.0034781 0.9726098
93.489710 -1.7693615 -0.2390038 13.0260792 0.0155033 0.2771648 0.0052730 0.9606829
93.698450 -1.7370195 -0.2402045 13.0624628 0.0199523 0.3227417 0.0074215 0.9462476
93.907230 -1.7027521 -0.2419577 13.0993538 0.0157042 0.3709371 -0.0052503 0.9285104
94.115820 -1.6628799 -0.2448044 13.1315832 0.0147021 0.4165807 -0.0059719 0.9089602
94.324500 -1.6171021 -0.2462468 13.1587219 0.0218491 0.4631354 -0.0015642 0.8860168
94.533080 -1.5674319 -0.2483980 13.1855392 0.0192183 0.5095283 -0.0098925 0.8601823
94.741610 -1.5116978 -0.2519190 13.2087145 0.0126198 0.5525094 -0.0122103 0.8333217
94.949970 -1.4508181 -0.2548890 13.2260160 0.0152632 0.5888382 -0.0098065 0.8080474
95.158090 -1.3850830 -0.2574452 13.2405872 0.0190767 0.6177992 -0.0092919 0.7860495
95.365960 -1.3141481 -0.2604662 13.2529783 0.0170807 0.6398705 -0.0068069 0.7682627
95.573810 -1.2378411 -0.2637391 13.2633381 0.0140046 0.6599277 -0.0072026 0.7511640
95.781890 -1.1579970 -0.2671540 13.2696276 0.0153658 0.6765689 -0.0087605 0.7361669
95.989690 -1.0726140 -0.2702441 13.2729473 0.0171386 0.6902850 -0.0056586 0.7233124
96.197610 -0.9821842 -0.2737342 13.2756243 0.0130576 0.7012649 -0.0044408 0.7127674
96.405440 -0.8886737 -0.2769131 13.2746668 0.0164115 0.7072795 -0.0021208 0.7067403
96.613110 -0.7898225 -0.2800921 13.2738991 0.0182638 0.7100686 -0.0001514 0.7038955
96.820940 -0.6879536 -0.2836781 13.2731104 0.0161409 0.7114561 0.0001484 0.7025451
97.132730 -0.5287418 -0.2886056 13.2716618 0.0159899 0.7125183 0.0024696 0.7014670
97.444500 -0.3680128 -0.2939601 13.2709646 0.0163517 0.7095200 0.0043052 0.7044824
97.652490 -0.2613751 -0.2972012 13.2710896 0.0169840 0.7071670 0.0049847 0.7068249
97.860460 -0.1532593 -0.3008588 13.2725868 0.0164722 0.7048206 0.0051566 0.7091756
98.173950 0.0093312 -0.3062777 13.2763948 0.0166807 0.7022318 0.0021533 0.7117497
98.484860 0.1742467 -0.3118153 13.2820950 0.0124481 0.7005311 -0.0001111 0.7135133
98.797260 0.3387984 -0.3176552 13.2868557 0.0117966 0.6996448 -0.0022587 0.7143899
99.109590 0.5035362 -0.3237620 13.2910938 0.0111763 0.7000922 -0.0008156 0.7139645
99.422060 0.6676036 -0.3293729 13.2955780 0.0102690 0.7010388 -0.0014993 0.7130476
99.734760 0.8302941 -0.3348402 13.2999401 0.0076202 0.7035851 -0.0034181 0.7105619
100.047200 0.9916509 -0.3396806 13.3027153 0.0020914 0.7056422 -0.0020779 0.7085622
100.359800 1.1502335 -0.3443625 13.3039589 0.0053942 0.7062539 -0.0033877 0.7079300
100.672200 1.3065336 -0.3493137 13.3054676 0.0074651 0.7064444 -0.0038502 0.7077187
100.985100 1.4620025 -0.3544335 13.3076267 0.0046878 0.7081571 -0.0041833 0.7060270
101.297200 1.6149001 -0.3590991 13.3085814 0.0032529 0.7098604 -0.0048956 0.7043179
101.609900 1.7662799 -0.3637999 13.3081751 0.0044434 0.7095480 -0.0038473 0.7046326
101.922300 1.9141173 -0.3686042 13.3091297 0.0006720 0.7088756 -0.0038704 0.7053226
102.234900 2.0612426 -0.3724107 13.3101683 0.0029009 0.7089614 -0.0067268 0.7052093
102.547400 2.2072389 -0.3767937 13.3092470 0.0033143 0.7091438 -0.0038377 0.7050457
102.859900 2.3492956 -0.3821510 13.3095255 0.0144306 0.7086599 -0.0111249 0.7053149
103.172400 2.4910636 -0.3888806 13.3109407 0.0078123 0.7073351 -0.0062691 0.7068075
103.484800 2.6302886 -0.3939668 13.3130150 0.0049164 0.7058991 -0.0066028 0.7082645
103.797500 2.7662623 -0.3989239 13.3154221 0.0029859 0.7067113 -0.0103008 0.7074208
104.110100 2.8997865 -0.4037646 13.3163347 0.0017468 0.7082890 -0.0095517 0.7058558
104.318500 2.9864900 -0.4068179 13.3160372 0.0021266 0.7089416 -0.0085503 0.7052122
104.630800 3.1142440 -0.4113119 13.3172464 0.0015871 0.7080546 -0.0107697 0.7060738
104.839200 3.1980848 -0.4142880 13.3179684 0.0031960 0.7077132 -0.0124859 0.7063822
105.151800 3.3227656 -0.4193581 13.3195448 0.0011240 0.7075033 -0.0127647 0.7065939
105.464400 3.4449191 -0.4238732 13.3194132 0.0025314 0.7085856 -0.0098764 0.7055512
105.672800 3.5259633 -0.4265801 13.3204508 0.0009183 0.7108946 -0.0109253 0.7032131
105.985600 3.6463802 -0.4315381 13.3181124 0.0037256 0.7145653 -0.0111755 0.6994695
106.298500 3.7707157 -0.4357482 13.3142004 0.0036759 0.7207098 -0.0144670 0.6930761
106.611300 3.9008479 -0.4409049 13.3079882 0.0050421 0.7268556 -0.0129844 0.6866490
106.819700 3.9906452 -0.4437439 13.3029366 0.0026941 0.7310106 -0.0126209 0.6822441
107.132400 4.1295056 -0.4487212 13.2918978 0.0045798 0.7365951 -0.0118285 0.6762151
107.445000 4.2760677 -0.4537360 13.2778492 0.0086846 0.7412028 -0.0102752 0.6711463
107.757500 4.4302254 -0.4587342 13.2619734 0.0078513 0.7443243 -0.0048655 0.6677544
108.071200 4.5899777 -0.4641805 13.2456169 0.0098001 0.7449477 -0.0032012 0.6670433
108.382200 4.7566128 -0.4693889 13.2277002 0.0149436 0.7438260 -0.0001938 0.6682062
108.694500 4.9313688 -0.4746254 13.2102346 0.0182536 0.7396699 0.0048747 0.6727046
109.006700 5.1136942 -0.4800314 13.1959677 0.0184145 0.7347714 0.0043301 0.6780509
109.318900 5.3006010 -0.4856092 13.1847458 0.0175371 0.7297910 0.0053306 0.6834246
109.631400 5.4895034 -0.4933357 13.1748953 0.0225962 0.7274262 -0.0005109 0.6858135
109.943800 5.6805897 -0.5008134 13.1650572 0.0201861 0.7262880 0.0063086 0.6870652
110.256100 5.8703213 -0.5073603 13.1562920 0.0185120 0.7255480 0.0076512 0.6878800
110.568500 6.0582280 -0.5135143 13.1487608 0.0205549 0.7247061 0.0053378 0.6887308
110.985200 6.3085103 -0.5233653 13.1375103 0.0209655 0.7221045 0.0026372 0.6914611
111.297500 6.4961958 -0.5310827 13.1326265 0.0168510 0.7194869 0.0056777 0.6942784
111.609900 6.6798739 -0.5377874 13.1290779 0.0145405 0.7175036 0.0033388 0.6963950
111.818700 6.8010988 -0.5426431 13.1271801 0.0091248 0.7166148 0.0009296 0.6974088
112.130600 6.9809227 -0.5490170 13.1245794 0.0115835 0.7171440 -0.0036519 0.6968192
112.338800 7.0993605 -0.5536972 13.1214571 0.0142743 0.7171577 -0.0041197 0.6967526
112.547100 7.2178378 -0.5584339 13.1190662 0.0100523 0.7180382 -0.0025975 0.6959262
112.859700 7.3927670 -0.5648822 13.1145096 0.0072642 0.7207027 -0.0043777 0.6931924
113.172100 7.5674462 -0.5709334 13.1079140 0.0056816 0.7250193 -0.0048704 0.6886879
113.484600 7.7416615 -0.5767981 13.0992184 0.0071654 0.7295939 -0.0066446 0.6838109
113.797100 7.9149818 -0.5833148 13.0868387 0.0060757 0.7370198 -0.0062921 0.6758146
114.109700 8.0881777 -0.5891106 13.0693092 0.0036198 0.7461571 -0.0037837 0.6657494
114.318100 8.2040815 -0.5918361 13.0557146 0.0034128 0.7525654 -0.0037623 0.6584979
114.735000 8.4339628 -0.5981849 13.0200052 0.0068478 0.7658765 -0.0026418 0.6429458
114.943300 8.5483074 -0.6019319 12.9975452 0.0096331 0.7725938 -0.0004286 0.6348274
115.255800 8.7206230 -0.6067653 12.9595575 0.0152287 0.7785417 0.0049731 0.6273883
115.463800 8.8347359 -0.6105719 12.9343224 0.0197452 0.7795359 0.0062808 0.6260147
115.775900 9.0061054 -0.6160274 12.8974600 0.0254758 0.7757784 0.0103432 0.6304061
116.087800 9.1773586 -0.6211526 12.8633175 0.0260511 0.7697533 0.0179922 0.6375558
116.400000 9.3472567 -0.6263582 12.8336697 0.0318531 0.7642475 0.0145537 0.6439714
116.712100 9.5180025 -0.6331960 12.8078632 0.0284627 0.7579771 0.0161606 0.6514595
116.920200 9.6308346 -0.6364177 12.7925758 0.0285209 0.7540378 0.0161968 0.6560116
117.232900 9.7961636 -0.6426739 12.7709503 0.0307885 0.7519969 0.0138858 0.6583008
117.441200 9.9022284 -0.6463987 12.7571726 0.0283404 0.7516046 0.0184872 0.6587455
117.649600 10.0040731 -0.6497521 12.7444363 0.0261722 0.7512598 0.0208680 0.6591572
117.858100 10.1039953 -0.6523591 12.7314377 0.0302856 0.7509378 0.0177850 0.6594383
118.066500 10.2023382 -0.6556470 12.7189083 0.0303807 0.7511037 0.0153002 0.6593074
118.379200 10.3497410 -0.6604063 12.6991091 0.0285618 0.7522231 0.0190791 0.6580126
118.587700 10.4471750 -0.6632276 12.6858320 0.0280827 0.7531097 0.0234228 0.6568779
118.796200 10.5434227 -0.6657410 12.6729841 0.0319633 0.7538512 0.0210995 0.6559281
119.005100 10.6381769 -0.6680589 12.6594324 0.0363686 0.7524492 0.0195449 0.6573549
119.317100 10.7765694 -0.6729178 12.6419134 0.0320606 0.7483550 0.0222673 0.6621489
119.525400 10.8700256 -0.6755850 12.6318512 0.0311536 0.7459133 0.0212986 0.6649730
119.733800 10.9609652 -0.6786420 12.6216183 0.0332753 0.7434496 0.0202857 0.6676556
119.942000 11.0524178 -0.6814593 12.6123457 0.0313594 0.7417973 0.0222841 0.6695198
120.150300 11.1427803 -0.6842154 12.6030455 0.0295816 0.7405998 0.0233122 0.6708900
120.358800 11.2305126 -0.6860250 12.5947523 0.0313271 0.7403487 0.0190602 0.6712221
120.671400 11.3546658 -0.6908402 12.5844269 0.0268691 0.7406887 0.0168846 0.6710985
120.984100 11.4708414 -0.6944908 12.5736685 0.0237768 0.7410082 0.0186310 0.6708162
121.296800 11.5718336 -0.6981208 12.5641794 0.0268805 0.7406263 0.0154905 0.6712005
121.609400 11.6605406 -0.7015333 12.5575314 0.0255249 0.7401220 0.0132088 0.6718582
121.922200 11.7407970 -0.7050172 12.5493631 0.0276585 0.7419860 0.0106606 0.6697598
122.238500 11.8187704 -0.7084420 12.5409336 0.0280553 0.7470039 0.0100567 0.6641513
122.548000 11.8887377 -0.7113739 12.5307827 0.0288799 0.7520286 0.0125317 0.6583782
122.860900 11.9483089 -0.7138704 12.5219812 0.0289501 0.7561700 0.0119105 0.6536260
123.173800 12.0040207 -0.7160270 12.5127306 0.0309864 0.7600576 0.0125092 0.6489960
123.486500 12.0576639 -0.7179350 12.5028009 0.0308779 0.7653869 0.0136358 0.6426846
123.799400 12.1104183 -0.7201125 12.4932785 0.0300351 0.7722831 0.0121563 0.6344516
124.112400 12.1628742 -0.7223142 12.4809103 0.0311176 0.7829212 0.0098425 0.6212642
124.425200 12.2168274 -0.7239753 12.4659624 0.0303484 0.7971054 0.0075169 0.6030301
124.738300 12.2738094 -0.7261593 12.4471073 0.0289591 0.8136140 0.0060321 0.5806525
124.947000 12.3133316 -0.7279789 12.4311409 0.0291606 0.8263228 0.0044249 0.5624239
125.260000 12.3762665 -0.7303715 12.4017544 0.0248099 0.8484794 0.0008719 0.5286458
125.573000 12.4412861 -0.7330692 12.3618526 0.0236490 0.8724558 0.0025945 0.4881137
125.781800 12.4855747 -0.7351604 12.3289804 0.0217180 0.8887500 0.0041050 0.4578590
125.990400 12.5296383 -0.7356651 12.2915525 0.0221491 0.9047090 0.0045583 0.4254295
126.198900 12.5734854 -0.7366276 12.2487698 0.0208457 0.9201142 0.0063649 0.3910431
126.408300 12.6157618 -0.7376919 12.2012320 0.0187105 0.9344361 0.0065667 0.3555782
126.616000 12.6555834 -0.7378266 12.1481180 0.0188926 0.9474108 0.0068604 0.3193883
126.928800 12.7091722 -0.7386664 12.0595131 0.0195157 0.9633428 0.0068232 0.2674756
127.137100 12.7413940 -0.7391630 11.9947548 0.0191343 0.9722362 0.0072934 0.2331039
127.449800 12.7849159 -0.7392392 11.8864040 0.0189552 0.9837562 0.0135209 0.1779935
127.658400 12.8078251 -0.7388263 11.8069153 0.0171319 0.9899583 0.0169188 0.1392937
127.867100 12.8246708 -0.7374821 11.7246361 0.0189573 0.9946944 0.0167782 0.0997110
128.075400 12.8342791 -0.7356981 11.6382780 0.0226538 0.9978363 0.0153589 0.0597802
128.283700 12.8383398 -0.7348105 11.5498018 0.0234289 0.9994162 0.0105644 0.0225098
128.492100 12.8361034 -0.7336240 11.4587603 0.0261926 0.9995781 0.0085116 -0.0092295
128.700300 12.8294411 -0.7329795 11.3648891 0.0270336 0.9988879 0.0113288 -0.0369301
128.908300 12.8190050 -0.7319431 11.2700186 0.0261834 0.9977871 0.0129416 -0.0597312
129.116400 12.8042746 -0.7305325 11.1726513 0.0244548 0.9964185 0.0159163 -0.0793646
129.324500 12.7851219 -0.7276245 11.0740499 0.0228425 0.9945564 0.0210097 -0.0994706
129.532700 12.7624969 -0.7244002 10.9737129 0.0188216 0.9924225 0.0248933 -0.1188432
129.740800 12.7349319 -0.7209989 10.8740377 0.0175929 0.9905165 0.0213091 -0.1345865
130.052900 12.6887598 -0.7150893 10.7202892 0.0161542 0.9881882 0.0158868 -0.1515609
130.365000 12.6354656 -0.7112644 10.5632114 0.0223360 0.9866288 0.0163422 -0.1606168
130.677700 12.5818272 -0.7074169 10.4047794 0.0229209 0.9857841 0.0153804 -0.1657342
130.989400 12.5258083 -0.7041264 10.2449875 0.0266813 0.9859245 0.0150977 -0.1643567
131.302500 12.4728155 -0.6998454 10.0860405 0.0305817 0.9869842 0.0157339 -0.1570968
131.613500 12.4236584 -0.6956962 9.9280567 0.0303255 0.9884892 0.0162416 -0.1473287
131.925800 12.3790655 -0.6924053 9.7719784 0.0307748 0.9898001 0.0165854 -0.1381074
132.238000 12.3390532 -0.6894205 9.6222935 0.0305227 0.9907415 0.0185919 -0.1309735
132.550700 12.3024521 -0.6867794 9.4830246 0.0288777 0.9910345 0.0185111 -0.1291281
132.865500 12.2693319 -0.6839998 9.3572216 0.0285236 0.9908953 0.0185900 -0.1302589
133.178000 12.2357769 -0.6816993 9.2448673 0.0285603 0.9903018 0.0184462 -0.1347082
133.593500 12.1910419 -0.6779851 9.0997725 0.0268552 0.9881681 0.0178542 -0.1499463
133.906600 12.1535473 -0.6756339 8.9950180 0.0265189 0.9839979 0.0183111 -0.1752416
134.220100 12.1106462 -0.6733018 8.9006290 0.0253819 0.9761190 0.0180351 -0.2149935
134.533600 12.0605459 -0.6712795 8.8157654 0.0228045 0.9614221 0.0160854 -0.2736581
134.847300 11.9984779 -0.6689047 8.7446337 0.0236127 0.9398767 0.0131558 -0.3404426
135.160700 11.9269104 -0.6663877 8.6823082 0.0201380 0.9101012 0.0170795 -0.4135439
135.473900 11.8463087 -0.6631633 8.6339598 0.0202100 0.8747341 0.0176876 -0.4838584
135.682600 11.7869835 -0.6605920 8.6064148 -0.0165597 -0.8478974 -0.0209424 0.5294878
135.787000 11.7566051 -0.6591955 8.5954657 -0.0157572 -0.8339055 -0.0224493 0.5512254
135.995500 11.6940956 -0.6572123 8.5780678 -0.0149764 -0.8049561 -0.0228096 0.5927066
136.204000 11.6280756 -0.6543891 8.5657330 -0.0137217 -0.7771483 -0.0245784 0.6286876
136.412100 11.5570250 -0.6512716 8.5580063 -0.0160880 -0.7529960 -0.0266170 0.6572897
136.726800 11.4447012 -0.6458114 8.5516920 -0.0141342 -0.7248128 -0.0283876 0.6882157
136.932000 11.3659105 -0.6423487 8.5509415 -0.0101579 -0.7111911 -0.0273619 0.7023926
137.141300 11.2821989 -0.6385089 8.5519323 -0.0078065 -0.7010112 -0.0282878 0.7125462
137.347700 11.1937304 -0.6347126 8.5556316 -0.0085551 -0.6918774 -0.0300223 0.7213398
137.555600 11.1013079 -0.6307195 8.5610418 -0.0076236 -0.6837086 -0.0306741 0.7290703
137.763500 11.0047998 -0.6268595 8.5684395 -0.0082301 -0.6789444 -0.0292375 0.7335612
137.971500 10.9049883 -0.6228045 8.5760002 -0.0072782 -0.6777478 -0.0291660 0.7346797
138.179500 10.8009882 -0.6186638 8.5833368 -0.0065337 -0.6782613 -0.0304606 0.7341602
138.387700 10.6930857 -0.6145028 8.5908270 -0.0053129 -0.6779993 -0.0318354 0.7343536
138.595900 10.5834036 -0.6103020 8.5987043 -0.0042090 -0.6770578 -0.0327115 0.7351905
138.804100 10.4685488 -0.6056253 8.6081638 -0.0039823 -0.6759191 -0.0330628 0.7362230
139.012400 10.3503170 -0.6007673 8.6178684 -0.0038537 -0.6745972 -0.0340133 0.7373919
139.325000 10.1675167 -0.5936149 8.6337357 -0.0034366 -0.6715618 -0.0347621 0.7401247
140.679100 9.3341198 -0.5622479 8.7174587 -0.0029115 -0.6687226 -0.0365387 0.7426080
147.555000 5.1342635 -0.4077832 9.1218252 -0.0029487 -0.6799414 -0.0358352 0.7323844
149.013600 4.2176867 -0.3725684 9.1990013 -0.0002213 -0.6719111 -0.0405522 0.7395207
150.367100 3.3434963 -0.3411538 9.2936316 -0.0089906 -0.6702205 -0.0349723 0.7412831
151.824600 2.3642850 -0.3037502 9.3711748 -0.0084098 -0.6845052 -0.0295022 0.7283623
157.346400 -0.7002366 -0.1915876 9.4927673 -0.0129134 -0.6561568 -0.0273774 0.7540173
157.762900 -0.8480071 -0.1862210 9.5140152 -0.0186879 -0.6567975 -0.0228649 0.7534885
158.179400 -0.9806176 -0.1813500 9.5303564 -0.0233812 -0.6632789 -0.0210208 0.7477116
158.596100 -1.0935136 -0.1769999 9.5419130 -0.0242623 -0.6701093 -0.0193765 0.7416127
159.012900 -1.1835787 -0.1740950 9.5493059 -0.0215476 -0.6761243 -0.0176337 0.7362613
159.950900 -1.3155732 -0.1706874 9.5560179 -0.0166302 -0.6839533 -0.0166912 0.7291452
161.306000 -1.4633758 -0.1662877 9.5608253 -0.0130216 -0.6946306 -0.0165221 0.7190590
161.722800 -1.5217050 -0.1651121 9.5605030 -0.0093754 -0.6993608 -0.0153456 0.7145426
162.139700 -1.5973527 -0.1628711 9.5604515 -0.0047992 -0.7035370 -0.0141080 0.7105024
162.556600 -1.6953415 -0.1605163 9.5598326 -0.0033500 -0.7019886 -0.0183081 0.7119449
162.973500 -1.8136786 -0.1568349 9.5620651 -0.0121705 -0.7004363 -0.0236613 0.7132188
163.390600 -1.9490298 -0.1515116 9.5643845 -0.0142171 -0.7009661 -0.0184141 0.7128150
163.807300 -2.1033454 -0.1450172 9.5660715 -0.0201714 -0.7042498 -0.0142016 0.7095236
164.224100 -2.2731853 -0.1396682 9.5654726 -0.0104408 -0.7069266 -0.0097721 0.7071423
164.641600 -2.4604926 -0.1357876 9.5644684 -0.0103533 -0.7084990 -0.0130784 0.7055147
164.953900 -2.6108863 -0.1329434 9.5639553 -0.0099919 -0.7091550 -0.0158023 0.7048047
165.266500 -2.7695582 -0.1275874 9.5628796 -0.0124339 -0.7097376 -0.0181598 0.7041222
165.579300 -2.9318888 -0.1229901 9.5612125 -0.0099187 -0.7085684 -0.0177710 0.7053486
165.892000 -3.0990944 -0.1187174 9.5610294 -0.0111759 -0.7066458 -0.0190890 0.7072216
166.204900 -3.2693832 -0.1142647 9.5633554 -0.0125029 -0.7055428 -0.0180734 0.7083265
166.517400 -3.4408104 -0.1102152 9.5643826 -0.0129475 -0.7056746 -0.0174788 0.7082021
166.829900 -3.6157534 -0.1059355 9.5651779 -0.0113784 -0.7068339 -0.0189128 0.7070351
167.038400 -3.7335689 -0.1025219 9.5651569 -0.0105404 -0.7074265 -0.0193538 0.7064433
167.246600 -3.8517611 -0.0994307 9.5645905 -0.0118197 -0.7077695 -0.0209298 0.7060344
167.455000 -3.9706473 -0.0957350 9.5642414 -0.0131070 -0.7074432 -0.0207940 0.7063426
167.663200 -4.0893345 -0.0927013 9.5634403 -0.0145701 -0.7073063 -0.0210187 0.7064444
167.767400 -4.1495719 -0.0907876 9.5626774 -0.0138226 -0.7072492 -0.0212928 0.7065084
167.975600 -4.2671852 -0.0875964 9.5613394 -0.0106940 -0.7070276 -0.0213286 0.7067834
168.183900 -4.3863578 -0.0846562 9.5601568 -0.0096302 -0.7071679 -0.0249529 0.7065396
168.392100 -4.5067148 -0.0802656 9.5586205 -0.0148219 -0.7069118 -0.0301590 0.7065030
168.496400 -4.5672069 -0.0776217 9.5580244 -0.0138916 -0.7069012 -0.0305393 0.7065161
168.704700 -4.6871142 -0.0729716 9.5577641 -0.0081378 -0.7072923 -0.0265278 0.7063765
168.913000 -4.8070941 -0.0693276 9.5569086 -0.0076171 -0.7067847 -0.0244759 0.7069641
169.121700 -4.9281411 -0.0659829 9.5570869 -0.0100937 -0.7067056 -0.0240487 0.7070269
169.329900 -5.0496449 -0.0621863 9.5566120 -0.0107320 -0.7069244 -0.0225563 0.7068478
169.434000 -5.1096854 -0.0602677 9.5559368 -0.0103051 -0.7070993 -0.0211595 0.7067225
169.642300 -5.2305975 -0.0569510 9.5549564 -0.0114455 -0.7076920 -0.0213240 0.7061065
169.850700 -5.3526826 -0.0526477 9.5532808 -0.0145592 -0.7079064 -0.0234649 0.7057662
169.954800 -5.4138160 -0.0506199 9.5530453 -0.0134845 -0.7082751 -0.0223804 0.7054528
170.163200 -5.5348959 -0.0464012 9.5509157 -0.0091710 -0.7087157 -0.0210228 0.7051212
170.371500 -5.6529388 -0.0427850 9.5494947 -0.0110184 -0.7090421 -0.0235809 0.7046857
170.580000 -5.7716765 -0.0395986 9.5478144 -0.0120827 -0.7095080 -0.0245804 0.7041649
170.788300 -5.8907161 -0.0353993 9.5452518 -0.0090089 -0.7103626 -0.0249953 0.7033343
170.996500 -6.0107164 -0.0316804 9.5427380 -0.0075048 -0.7114723 -0.0262392 0.7021840
171.204900 -6.1314969 -0.0277989 9.5398169 -0.0070270 -0.7135693 -0.0246304 0.7001163
171.413200 -6.2515569 -0.0246401 9.5367899 -0.0073861 -0.7152104 -0.0208809 0.6985582
171.725500 -6.4322877 -0.0208452 9.5311928 -0.0062198 -0.7177307 -0.0208180 0.6959817
172.038000 -6.6147208 -0.0162438 9.5234766 -0.0091730 -0.7196543 -0.0249160 0.6938247
172.351200 -6.7969398 -0.0111733 9.5158367 -0.0063757 -0.7226726 -0.0197169 0.6908798
172.558700 -6.9192109 -0.0084565 9.5087681 -0.0073515 -0.7242627 -0.0206678 0.6891752
172.871000 -7.1030021 -0.0044327 9.4976206 -0.0076748 -0.7267798 -0.0220841 0.6864725
173.079300 -7.2249656 -0.0011818 9.4892197 -0.0079209 -0.7286019 -0.0210667 0.6845675
173.287500 -7.3492932 0.0019290 9.4813747 -0.0074749 -0.7305349 -0.0195052 0.6825559
173.495800 -7.4717503 0.0039236 9.4713469 -0.0080436 -0.7315872 -0.0193890 0.6814246
173.704000 -7.5904689 0.0071309 9.4622803 -0.0094357 -0.7328625 -0.0171265 0.6800957
173.912300 -7.7093191 0.0098068 9.4525537 -0.0116358 -0.7339860 -0.0183250 0.6788176
174.120500 -7.8275599 0.0128507 9.4420881 -0.0103999 -0.7349387 -0.0173987 0.6778305
174.433100 -8.0066519 0.0168161 9.4259911 -0.0108147 -0.7360215 -0.0154038 0.6766965
174.745600 -8.1888132 0.0204745 9.4097109 -0.0149639 -0.7363001 -0.0145846 0.6763324
175.058000 -8.3705435 0.0247486 9.3921900 -0.0121194 -0.7360075 -0.0122995 0.6767532
175.370400 -8.5547171 0.0286021 9.3752928 -0.0107241 -0.7359750 -0.0157721 0.6767401
175.682800 -8.7418327 0.0342151 9.3583841 -0.0113895 -0.7365659 -0.0176643 0.6760392
175.995400 -8.9255905 0.0380103 9.3407307 -0.0088675 -0.7370953 -0.0172789 0.6755096
176.307600 -9.1099186 0.0415927 9.3220673 -0.0081983 -0.7366740 -0.0192493 0.6759244
176.619800 -9.2949533 0.0456258 9.3061829 -0.0099848 -0.7366033 -0.0182064 0.6760062
176.932200 -9.4817915 0.0497291 9.2886438 -0.0076888 -0.7364674 -0.0156829 0.6762475
177.244500 -9.6677103 0.0537652 9.2720203 -0.0099545 -0.7364962 -0.0167991 0.6761598
177.556900 -9.8547363 0.0576936 9.2568226 -0.0126635 -0.7374610 -0.0146396 0.6751122
177.869000 -10.0413494 0.0611828 9.2391138 -0.0123845 -0.7375079 -0.0147364 0.6750641
178.077300 -10.1652880 0.0647976 9.2264862 -0.0156888 -0.7370161 -0.0178431 0.6754574
178.285500 -10.2868357 0.0673586 9.2148781 -0.0105528 -0.7368979 -0.0126974 0.6758024
178.493800 -10.4058132 0.0691781 9.2028542 -0.0084983 -0.7363942 -0.0109620 0.6764105
178.702100 -10.5260267 0.0710419 9.1910582 -0.0153510 -0.7355410 -0.0158320 0.6771211
178.910400 -10.6443901 0.0746076 9.1799784 -0.0148932 -0.7353829 -0.0168292 0.6772791
179.118400 -10.7600183 0.0759889 9.1701012 -0.0114008 -0.7352939 -0.0075390 0.6776106
179.430800 -10.9363260 0.0794786 9.1557407 -0.0259319 -0.7357677 -0.0142651 0.6765869
179.638900 -11.0503674 0.0835342 9.1453657 -0.0230580 -0.7356001 -0.0156461 0.6768427
179.847200 -11.1606331 0.0854821 9.1347008 -0.0129744 -0.7358143 -0.0096964 0.6769896
180.055500 -11.2718267 0.0870916 9.1253653 -0.0139218 -0.7361763 -0.0121069 0.6765383
180.263700 -11.3837538 0.0901591 9.1149912 -0.0181072 -0.7361596 -0.0194944 0.6762848
180.471900 -11.4949102 0.0937361 9.1064615 -0.0174621 -0.7370557 -0.0188362 0.6753438
180.680200 -11.6006594 0.0972252 9.0964985 -0.0164957 -0.7371675 -0.0161505 0.6753156
180.888400 -11.7024641 0.0996527 9.0871830 -0.0146626 -0.7369649 -0.0136551 0.6756340
181.097200 -11.8057117 0.1017918 9.0783319 -0.0143933 -0.7359834 -0.0144997 0.6766913
181.305100 -11.9081039 0.1040455 9.0699692 -0.0114335 -0.7355381 -0.0125348 0.6772709
181.513300 -12.0100813 0.1052205 9.0616045 -0.0127802 -0.7358057 -0.0143965 0.6769190
181.721500 -12.1109629 0.1068699 9.0535717 -0.0131942 -0.7367523 -0.0152985 0.6758609
181.929700 -12.2088795 0.1084308 9.0437956 -0.0111866 -0.7388213 -0.0153115 0.6736345
182.137800 -12.3071327 0.1105550 9.0337439 -0.0116830 -0.7414740 -0.0172552 0.6706580
182.345900 -12.4036942 0.1126768 9.0236893 -0.0161769 -0.7447039 -0.0157473 0.6670130
182.554000 -12.4961596 0.1148266 9.0119600 -0.0139459 -0.7484485 -0.0123288 0.6629316
182.762300 -12.5854788 0.1170120 8.9992962 -0.0152552 -0.7524825 -0.0114145 0.6583365
182.970500 -12.6769104 0.1192302 8.9861755 -0.0176851 -0.7572799 -0.0148573 0.6526819
183.178800 -12.7656860 0.1211987 8.9714499 -0.0161527 -0.7614367 -0.0126128 0.6479153
183.387100 -12.8540058 0.1229147 8.9552603 -0.0119731 -0.7638293 -0.0143617 0.6451474
183.595900 -12.9424162 0.1249388 8.9383221 -0.0098346 -0.7638792 -0.0200265 0.6449735
183.804500 -13.0305510 0.1273118 8.9223499 -0.0082183 -0.7634124 -0.0228800 0.6454538
184.117400 -13.1601753 0.1313141 8.8994217 -0.0049882 -0.7613510 -0.0263315 0.6477858
184.326100 -13.2450695 0.1338870 8.8863192 -0.0009534 -0.7571031 -0.0285148 0.6526721
184.534700 -13.3310289 0.1357623 8.8761101 0.0008053 -0.7490267 -0.0314140 0.6617942
184.743300 -13.4145718 0.1384587 8.8681536 0.0002279 -0.7407197 -0.0300406 0.6711422
184.951900 -13.4970455 0.1412050 8.8609810 -0.0001417 -0.7319257 -0.0302853 0.6807110
185.160400 -13.5751619 0.1438394 8.8575029 0.0001115 -0.7224482 -0.0316489 0.6907003
185.369100 -13.6475515 0.1459716 8.8564978 0.0000225 -0.7124585 -0.0309238 0.7010325
185.681900 -13.7512751 0.1489404 8.8576450 -0.0006546 -0.6966669 -0.0286921 0.7168204
185.890400 -13.8168411 0.1503791 8.8610535 -0.0004895 -0.6856245 -0.0263062 0.7274798
186.098800 -13.8795338 0.1519691 8.8667536 0.0005437 -0.6753133 -0.0249083 0.7371100
186.411400 -13.9684515 0.1530894 8.8773460 -0.0025244 -0.6601774 -0.0234823 0.7507383
186.619800 -14.0246563 0.1541818 8.8854294 -0.0026489 -0.6513565 -0.0240007 0.7583876
186.828000 -14.0775452 0.1550617 8.8941717 -0.0043791 -0.6459723 -0.0213763 0.7630489
187.140300 -14.1523113 0.1558928 8.9064779 -0.0077321 -0.6452128 -0.0194707 0.7637156
187.348300 -14.1990280 0.1566857 8.9132729 -0.0085732 -0.6487270 -0.0186996 0.7607431
187.660100 -14.2631054 0.1580260 8.9207668 -0.0110185 -0.6622810 -0.0169404 0.7489830
187.972000 -14.3222771 0.1588981 8.9239311 -0.0120432 -0.6846020 -0.0165706 0.7286292
188.283800 -14.3754568 0.1603719 8.9213133 -0.0148601 -0.7145501 -0.0159793 0.6992439
188.595700 -14.4240618 0.1614968 8.9122467 -0.0109154 -0.7505127 -0.0177753 0.6605267
188.907700 -14.4669762 0.1625070 8.8981562 -0.0072570 -0.7861578 -0.0161060 0.6177732
189.219900 -14.5073547 0.1639862 8.8793678 -0.0043030 -0.8182310 -0.0180814 0.5745890
189.532400 -14.5429068 0.1651904 8.8560286 0.0023173 -0.8463944 -0.0213236 0.5321245
189.844800 -14.5784798 0.1668461 8.8311024 -0.0019266 0.8708929 0.0246372 -0.4908512
190.157500 -14.6113625 0.1688659 8.8034868 -0.0065346 0.8907954 0.0279667 -0.4534960
190.470300 -14.6433077 0.1702476 8.7732019 -0.0110838 0.9044607 0.0269176 -0.4255624
190.783200 -14.6753836 0.1705232 8.7423306 -0.0059377 0.9153243 0.0221980 -0.4020614
191.096200 -14.7069073 0.1726176 8.7090578 -0.0047670 0.9259753 0.0137079 -0.3773049
191.408800 -14.7379036 0.1736636 8.6705513 -0.0014147 0.9377592 0.0166056 -0.3468860
191.723100 -14.7668076 0.1748685 8.6271849 0.0018591 0.9508252 0.0177197 -0.3092151
192.034000 -14.7938881 0.1760140 8.5778732 0.0029398 0.9637824 0.0186883 -0.2660182
192.241400 -14.8107862 0.1773519 8.5415668 0.0048918 0.9719862 0.0156846 -0.2344628
192.449700 -14.8251143 0.1789817 8.5011091 0.0006323 0.9794161 0.0139242 -0.2013700
192.762500 -14.8467579 0.1802444 8.4319344 0.0059717 0.9877105 0.0152190 -0.1554371
193.075100 -14.8661232 0.1822701 8.3516884 0.0015550 0.9916763 0.0169372 -0.1276278
193.283700 -14.8800030 0.1843048 8.2916517 0.0061573 0.9930162 0.0169646 -0.1165890
193.492200 -14.8937311 0.1857493 8.2267113 0.0105125 0.9946716 0.0147388 -0.1014915
193.804800 -14.9112110 0.1896006 8.1153460 0.0137596 0.9967785 0.0145600 -0.0776618
194.117500 -14.9252968 0.1930576 7.9901934 0.0154225 0.9981500 0.0157548 -0.0566612
194.430500 -14.9367828 0.1969957 7.8504562 0.0146295 0.9988121 0.0142300 -0.0442466
194.639200 -14.9442644 0.1993818 7.7504172 0.0147103 0.9989681 0.0150523 -0.0402463
194.847700 -14.9512291 0.2021072 7.6457806 0.0144739 0.9990521 0.0145254 -0.0383987
195.160600 -14.9628325 0.2061528 7.4786968 0.0169243 0.9990726 0.0162832 -0.0360891
195.369000 -14.9714508 0.2093845 7.3590560 0.0181345 0.9991179 0.0160374 -0.0343145
195.681900 -14.9817495 0.2138167 7.1713614 0.0162786 0.9992616 0.0132049 -0.0322022
195.890200 -14.9885311 0.2157936 7.0418625 0.0159764 0.9992353 0.0167318 -0.0315227
196.202800 -15.0004263 0.2211284 6.8433619 0.0187818 0.9991618 0.0224168 -0.0286418
196.411200 -15.0080576 0.2243491 6.7084827 0.0178843 0.9992940 0.0197432 -0.0264921
196.619500 -15.0138731 0.2276960 6.5739565 0.0152643 0.9993989 0.0198266 -0.0239916
196.828000 -15.0192833 0.2311444 6.4416251 0.0138789 0.9994502 0.0203953 -0.0221519
197.140500 -15.0276337 0.2356882 6.2451067 0.0151868 0.9995039 0.0209128 -0.0180012
197.453100 -15.0343208 0.2402568 6.0466275 0.0134004 0.9995565 0.0217717 -0.0152679
197.765600 -15.0376425 0.2449274 5.8456044 0.0105568 0.9995940 0.0219956 -0.0147204
198.078100 -15.0437517 0.2496572 5.6493573 0.0113599 0.9996213 0.0211836 -0.0133955
198.390400 -15.0490141 0.2544061 5.4542284 0.0104205 0.9996274 0.0223591 -0.0116899
198.702800 -15.0544662 0.2600655 5.2542138 0.0083524 0.9996734 0.0224211 -0.0089816
199.119200 -15.0573111 0.2665621 4.9950323 0.0068799 0.9997631 0.0195961 -0.0065095
199.431800 -15.0577621 0.2708263 4.8019562 0.0055143 0.9997231 0.0219426 -0.0064744
199.744000 -15.0598803 0.2737725 4.6167107 0.0038936 0.9997754 0.0188951 -0.0087769
200.056800 -15.0644588 0.2775882 4.4307985 0.0025876 0.9996989 0.0191622 -0.0151087
200.369200 -15.0720301 0.2829176 4.2418284 0.0058807 0.9995534 0.0212523 -0.0201673
200.681600 -15.0787954 0.2898273 4.0504508 -0.0010951 0.9993152 0.0280335 -0.0241248
200.993900 -15.0919161 0.2957260 3.8580747 -0.0041626 0.9994991 0.0191837 -0.0248256
201.410600 -15.1060266 0.3037655 3.6064141 -0.0047759 0.9993771 0.0244452 -0.0249986
201.723300 -15.1202459 0.3105881 3.4111969 -0.0066632 0.9993582 0.0241471 -0.0256078
202.035500 -15.1299467 0.3160145 3.2282729 -0.0055272 0.9994159 0.0233859 -0.0242988
202.347900 -15.1393957 0.3206878 3.0472569 -0.0053013 0.9994495 0.0246562 -0.0215559
202.660400 -15.1509409 0.3276434 2.8524411 -0.0040090 0.9995376 0.0239796 -0.0182606
202.972900 -15.1575575 0.3331553 2.6672611 -0.0040077 0.9995971 0.0231184 -0.0159715
203.285500 -15.1594820 0.3375551 2.4922886 -0.0063868 0.9995739 0.0239963 -0.0153389
203.598100 -15.1634636 0.3433709 2.3167281 -0.0062364 0.9995868 0.0230685 -0.0159780
203.910700 -15.1707687 0.3499963 2.1310763 -0.0074160 0.9995607 0.0220753 -0.0183342
204.223400 -15.1793289 0.3546231 1.9575939 -0.0077075 0.9994534 0.0230367 -0.0224251
204.536200 -15.1832075 0.3612694 1.7899246 -0.0069593 0.9993598 0.0214908 -0.0277432
204.848800 -15.1898384 0.3654454 1.6228243 -0.0065057 0.9992625 0.0214618 -0.0311681
205.057100 -15.1954813 0.3686734 1.5105736 -0.0061222 0.9992077 0.0210517 -0.0332152
205.265300 -15.2030935 0.3720295 1.3975549 -0.0049928 0.9991920 0.0199517 -0.0345305
205.473600 -15.2092056 0.3749747 1.2875532 -0.0043838 0.9991700 0.0207496 -0.0347789
205.681700 -15.2137775 0.3781107 1.1787882 -0.0030308 0.9992694 0.0204668 -0.0321344
205.889700 -15.2175913 0.3819894 1.0720717 -0.0024097 0.9994760 0.0200103 -0.0253288
206.097700 -15.2191162 0.3844150 0.9655223 -0.0015068 0.9996505 0.0205616 -0.0165498
206.305800 -15.2190437 0.3876630 0.8608009 -0.0006483 0.9997539 0.0211716 -0.0065910
206.513700 -15.2176170 0.3907193 0.7558509 0.0002484 0.9997926 0.0198534 0.0045379
206.722100 -15.2134695 0.3936447 0.6524623 0.0015001 0.9996918 0.0180088 0.0170193
206.929800 -15.2090626 0.3965032 0.5449041 0.0046479 0.9992090 0.0195289 0.0343276
207.137600 -15.1988335 0.3997792 0.4408933 0.0061316 0.9983808 0.0173844 0.0538151
207.345600 -15.1837816 0.4017587 0.3395741 0.0053630 0.9970943 0.0177491 0.0738867
207.553700 -15.1656170 0.4038581 0.2388990 0.0058922 0.9952726 0.0179200 0.0952712
207.761600 -15.1422806 0.4055280 0.1406229 0.0063956 0.9928946 0.0173118 0.1175569
207.969500 -15.1137409 0.4072942 0.0423946 0.0064539 0.9899480 0.0152634 0.1404578
208.177600 -15.0812998 0.4086959 -0.0581651 0.0064929 0.9863177 0.0156396 0.1639838
208.385700 -15.0427866 0.4103968 -0.1559477 0.0069374 0.9821571 0.0172563 0.1871405
208.593700 -14.9997253 0.4116103 -0.2526774 0.0090007 0.9773547 0.0171549 0.2107189
208.905800 -14.9254913 0.4142684 -0.3977022 0.0073723 0.9695365 0.0183709 0.2441455
209.114100 -14.8692684 0.4159074 -0.4929404 0.0072528 0.9642411 0.0149062 0.2645074
209.322400 -14.8081131 0.4169500 -0.5872207 0.0060742 0.9591519 0.0141262 0.2824734
209.531200 -14.7430048 0.4182099 -0.6816406 0.0037764 0.9552385 0.0125535 0.2955462
209.843700 -14.6433516 0.4190785 -0.8236904 0.0010414 0.9518254 0.0119513 0.3064058
210.052200 -14.5745974 0.4198329 -0.9177699 0.0010643 0.9509245 0.0100813 0.3092568
210.260700 -14.5045147 0.4202124 -1.0144982 0.0010890 0.9503440 0.0096824 0.3110487
210.574900 -14.4036713 0.4192050 -1.1598568 -0.0011766 0.9499738 0.0103390 0.3121562
210.886000 -14.3064499 0.4193908 -1.3050508 -0.0029644 0.9510610 0.0100421 0.3088257
211.198700 -14.2009058 0.4209531 -1.4618716 -0.0041662 0.9536296 0.0105555 0.3007688
211.511200 -14.0916243 0.4217948 -1.6252766 -0.0054424 0.9571179 0.0102825 0.2894652
211.823900 -13.9894905 0.4223626 -1.7888899 -0.0028891 0.9606944 0.0119950 0.2773336
212.136100 -13.8904438 0.4244264 -1.9603453 0.0030897 0.9621466 0.0127869 0.2722148
212.448400 -13.7939606 0.4257997 -2.1242032 0.0054360 0.9628459 0.0140956 0.2696284
212.760400 -13.7018518 0.4267561 -2.2816453 0.0101820 0.9632052 0.0159379 0.2681009
213.072700 -13.6075516 0.4298445 -2.4451814 0.0130719 0.9633664 0.0158529 0.2674004
213.384900 -13.5156393 0.4326940 -2.6084619 0.0168983 0.9634194 0.0175457 0.2668888
213.697100 -13.4246769 0.4337685 -2.7603154 0.0178185 0.9636838 0.0184503 0.2658111
214.009100 -13.3384075 0.4362285 -2.9080198 0.0212199 0.9619401 0.0215915 0.2715783
214.321100 -13.2598047 0.4371050 -3.0345714 0.0237447 0.9588520 0.0206371 0.2821580
214.633200 -13.1820574 0.4380149 -3.1493208 0.0234742 0.9561544 0.0220028 0.2910903
214.945500 -13.1126785 0.4387552 -3.2488151 0.0223163 0.9535033 0.0203952 0.2998624
215.153700 -13.0713739 0.4389312 -3.3077178 0.0230546 0.9515953 0.0208671 0.3057767
215.466200 -13.0114841 0.4394878 -3.3890185 0.0242984 0.9473748 0.0212412 0.3184955
215.570100 -12.9921026 0.4393577 -3.4126296 0.0251408 0.9454601 0.0208426 0.3240966
215.778200 -12.9535084 0.4391640 -3.4568186 0.0253550 0.9411952 0.0192554 0.3363599
215.986200 -12.9156351 0.4392931 -3.4983759 0.0263476 0.9363011 0.0183960 0.3497251
216.194900 -12.8789234 0.4387931 -3.5361824 0.0279162 0.9304063 0.0180983 0.3650168
216.402400 -12.8430080 0.4385059 -3.5702887 0.0289952 0.9227074 0.0182938 0.3839734
216.610300 -12.8093796 0.4376900 -3.5983372 0.0286997 0.9130170 0.0182465 0.4065014
216.818400 -12.7774773 0.4368437 -3.6212115 0.0259369 0.9017850 0.0154759 0.4311283
217.026600 -12.7480640 0.4363846 -3.6391540 0.0220761 0.8911126 0.0118252 0.4530908
217.234800 -12.7208767 0.4354191 -3.6547704 0.0222364 0.8803716 0.0075623 0.4737027
217.547200 -12.6801300 0.4337499 -3.6742282 0.0202233 0.8612105 0.0070013 0.5077977
217.755500 -12.6528749 0.4330423 -3.6838403 0.0163572 0.8462603 0.0056899 0.5324881
217.963700 -12.6253948 0.4323132 -3.6915851 0.0145205 0.8310461 0.0048774 0.5559925
218.276100 -12.5822411 0.4313300 -3.7015831 0.0126590 0.8061305 0.0011319 0.5916013
218.484300 -12.5515928 0.4300437 -3.7073684 0.0136375 0.7875693 0.0008925 0.6160744
218.692600 -12.5175228 0.4291371 -3.7111857 0.0154028 0.7684556 0.0004691 0.6397176
218.900800 -12.4812984 0.4279391 -3.7139754 0.0173802 0.7480252 -0.0010178 0.6634420
219.109000 -12.4416246 0.4265342 -3.7145050 0.0186769 0.7265950 -0.0015168 0.6868104
219.421400 -12.3742886 0.4243236 -3.7098711 0.0170931 0.6942965 -0.0050162 0.7194686
219.735500 -12.2983856 0.4218488 -3.6987143 0.0152856 0.6650603 -0.0022611 0.7466298
219.942400 -12.2405834 0.4196076 -3.6877761 0.0147515 0.6485202 -0.0008286 0.7610541
220.151400 -12.1768541 0.4181713 -3.6733799 0.0150082 0.6309518 -0.0016010 0.7756752
220.359200 -12.1090584 0.4165614 -3.6546443 0.0146820 0.6116178 0.0016474 0.7910154
220.567600 -12.0358124 0.4142765 -3.6309955 0.0144263 0.5904351 0.0088088 0.8069081
220.775800 -11.9585142 0.4124827 -3.6013615 0.0166505 0.5671123 0.0127958 0.8233727
220.984200 -11.8800468 0.4100855 -3.5661926 0.0245830 0.5429680 0.0153253 0.8392536
221.192700 -11.7981663 0.4071861 -3.5237436 0.0256609 0.5213404 0.0155286 0.8528215
221.401400 -11.7134800 0.4036385 -3.4740858 0.0222742 0.5035834 0.0159019 0.8635131
221.610100 -11.6256409 0.3999490 -3.4191840 0.0208729 0.4909336 0.0140297 0.8708339
221.818800 -11.5341492 0.3967212 -3.3587360 0.0197183 0.4839333 0.0097653 0.8748282
222.132200 -11.3878946 0.3902887 -3.2640052 0.0159157 0.4827511 0.0062446 0.8755907
222.341000 -11.2869434 0.3860696 -3.1997221 0.0180424 0.4835088 0.0046289 0.8751413
222.549900 -11.1836929 0.3808770 -3.1325057 0.0160933 0.4849402 0.0047474 0.8743863
222.758100 -11.0768251 0.3775983 -3.0640929 0.0138319 0.4865416 0.0046166 0.8735358
223.070900 -10.9140272 0.3705862 -2.9616239 0.0141696 0.4903420 0.0009777 0.8714144
223.383700 -10.7452364 0.3647791 -2.8618355 0.0107360 0.4953254 -0.0001693 0.8686411
223.696300 -10.5668297 0.3594984 -2.7598491 0.0083717 0.5026060 -0.0016077 0.8644735
224.008900 -10.3839521 0.3530753 -2.6560946 0.0082506 0.5110046 0.0022387 0.8595355
224.321300 -10.2001476 0.3468216 -2.5543251 0.0086647 0.5211267 0.0008310 0.8534350
224.633700 -10.0147467 0.3413520 -2.4622841 0.0073442 0.5315723 0.0001940 0.8469810
224.945800 -9.8282938 0.3359864 -2.3757522 0.0043315 0.5407369 -0.0001064 0.8411806
225.153800 -9.7015724 0.3323445 -2.3169167 0.0023470 0.5447233 0.0004610 0.8386124
225.361700 -9.5757542 0.3288059 -2.2617266 0.0102352 0.5459049 0.0007412 0.8377843
225.673700 -9.3858814 0.3223981 -2.1847031 0.0080548 0.5455946 0.0019718 0.8380082
225.881700 -9.2598448 0.3185810 -2.1308389 0.0069815 0.5462851 0.0015552 0.8375688
226.089900 -9.1321945 0.3152584 -2.0759034 0.0115693 0.5462631 0.0007767 0.8375334
226.297800 -9.0051355 0.3101590 -2.0218763 0.0139627 0.5466613 0.0010829 0.8372367
226.505900 -8.8769464 0.3052503 -1.9657526 0.0125480 0.5470281 0.0022723 0.8370171
226.714100 -8.7485123 0.3006365 -1.9114875 0.0130230 0.5470873 0.0032859 0.8369678
226.922100 -8.6204100 0.2959587 -1.8561637 0.0145954 0.5470244 0.0023330 0.8369861
227.026100 -8.5571680 0.2936136 -1.8282250 0.0139554 0.5473667 0.0025090 0.8367728
227.234600 -8.4300070 0.2884469 -1.7728302 0.0109325 0.5477759 0.0036260 0.8365458
227.442300 -8.3044748 0.2842516 -1.7182752 0.0119645 0.5467663 0.0038629 0.8371909
227.650500 -8.1830959 0.2797168 -1.6643153 0.0135758 0.5453734 0.0030512 0.8380777
227.858600 -8.0621433 0.2747384 -1.6105746 0.0119660 0.5439512 0.0034585 0.8390244
228.066700 -7.9429321 0.2693771 -1.5571579 0.0121882 0.5430216 0.0010267 0.8396297
228.275000 -7.8242044 0.2651640 -1.5026966 0.0067534 0.5453604 -0.0014494 0.8381732
228.483200 -7.7060485 0.2609315 -1.4499511 0.0019573 0.5511956 -0.0038788 0.8343648
228.691700 -7.5885692 0.2568516 -1.4003655 0.0047810 0.5593717 -0.0107995 0.8288328
228.900100 -7.4680758 0.2521078 -1.3542167 0.0010978 0.5681488 -0.0104530 0.8228587
229.109100 -7.3475494 0.2484219 -1.3104675 0.0008339 0.5764442 -0.0094987 0.8170809
229.316600 -7.2259488 0.2441143 -1.2687949 0.0047194 0.5817850 -0.0093000 0.8132758
229.524700 -7.1031618 0.2396827 -1.2272239 0.0024689 0.5855815 -0.0045988 0.8105968
229.837100 -6.9221916 0.2337005 -1.1679325 0.0058862 0.5917058 -0.0113513 0.8060526
230.149200 -6.7399483 0.2265118 -1.1129255 0.0029337 0.5943403 -0.0090701 0.8041572
230.357400 -6.6169639 0.2230605 -1.0779684 -0.0012366 0.5946998 -0.0101584 0.8038827
230.669900 -6.4364977 0.2172243 -1.0280566 -0.0006384 0.5994554 -0.0190853 0.8001804
230.982300 -6.2522483 0.2095336 -0.9784915 0.0029907 0.6071468 -0.0165479 0.7944117
231.190900 -6.1279111 0.2045593 -0.9457601 0.0018993 0.6139383 -0.0149569 0.7892100
231.399400 -6.0046096 0.1998539 -0.9155300 0.0024435 0.6211764 -0.0141104 0.7835399
231.607700 -5.8810349 0.1947258 -0.8885924 0.0035446 0.6276491 -0.0133881 0.7783732
231.815900 -5.7572813 0.1900538 -0.8647856 0.0032546 0.6329546 -0.0111764 0.7741014
232.024100 -5.6338506 0.1858670 -0.8454679 0.0035323 0.6370180 -0.0095615 0.7707816
232.232300 -5.5083404 0.1814416 -0.8232369 0.0068655 0.6394634 -0.0075489 0.7687538
232.336500 -5.4452934 0.1793018 -0.8113433 0.0087774 0.6405275 -0.0073635 0.7678497
232.544600 -5.3210368 0.1743983 -0.7902911 0.0073359 0.6424526 -0.0047879 0.7662753
232.752900 -5.1983566 0.1691504 -0.7697321 0.0060360 0.6447226 -0.0023194 0.7643892
232.960900 -5.0780478 0.1660720 -0.7508424 0.0077293 0.6468938 -0.0020490 0.7625382
233.169100 -4.9581370 0.1622404 -0.7334304 0.0075689 0.6481885 -0.0002578 0.7614423
233.377100 -4.8373675 0.1580895 -0.7158614 0.0080974 0.6493909 -0.0007402 0.7604113
233.585300 -4.7164679 0.1540796 -0.6972204 0.0078285 0.6508871 -0.0017602 0.7591321
233.793200 -4.5971899 0.1506685 -0.6815028 0.0076463 0.6519116 0.0011287 0.7582555
234.001200 -4.4795761 0.1468014 -0.6658338 0.0094436 0.6526906 0.0021742 0.7575626
234.209300 -4.3626542 0.1434207 -0.6508706 0.0128268 0.6536452 0.0033194 0.7566852
234.417200 -4.2457547 0.1399004 -0.6363285 0.0114324 0.6546481 0.0049957 0.7558308
234.625400 -4.1276708 0.1367482 -0.6216785 0.0111200 0.6555462 0.0053602 0.7550542
234.833700 -4.0113974 0.1331459 -0.6071852 0.0131972 0.6567023 0.0033355 0.7540270
235.041400 -3.8953288 0.1291714 -0.5930800 0.0145482 0.6584384 0.0031353 0.7524875
235.249300 -3.7795289 0.1247619 -0.5792131 0.0134943 0.6605366 0.0012070 0.7506716
235.457500 -3.6645100 0.1210730 -0.5667456 0.0119729 0.6622495 0.0024730 0.7491836
235.665500 -3.5518043 0.1166379 -0.5553222 0.0149939 0.6632481 0.0022693 0.7482460
235.769400 -3.4970253 0.1142487 -0.5498268 0.0158554 0.6637207 0.0018742 0.7478101
235.977600 -3.3876073 0.1096755 -0.5383067 0.0161297 0.6651608 0.0030275 0.7465198
236.185900 -3.2817981 0.1053303 -0.5289382 0.0165350 0.6661207 0.0058686 0.7456375
236.394600 -3.1755140 0.1015991 -0.5195313 0.0162695 0.6670657 0.0064477 0.7447933
236.601800 -3.0728121 0.0979180 -0.5109882 0.0188276 0.6679015 0.0071665 0.7439770
236.809900 -2.9718122 0.0932877 -0.5041223 0.0196319 0.6679609 0.0076487 0.7438981
237.018000 -2.8717883 0.0899327 -0.4947589 0.0186364 0.6687747 0.0087813 0.7431797
237.226100 -2.7741437 0.0863296 -0.4859215 0.0193386 0.6693985 0.0087697 0.7426000
237.434200 -2.6777029 0.0826760 -0.4771270 0.0182707 0.6699407 0.0107772 0.7421116
237.642300 -2.5841682 0.0797024 -0.4689566 0.0154566 0.6705362 0.0152943 0.7415581
237.850500 -2.4935124 0.0775120 -0.4614014 0.0155957 0.6712857 0.0170615 0.7408381
238.058700 -2.4056275 0.0762019 -0.4545865 0.0166898 0.6718735 0.0145118 0.7403356
238.266900 -2.3208461 0.0742234 -0.4477259 0.0184052 0.6724634 0.0120275 0.7398038
238.475100 -2.2402549 0.0715454 -0.4410912 0.0184926 0.6721841 0.0131109 0.7400370
238.683400 -2.1626358 0.0685471 -0.4336197 0.0168961 0.6712900 0.0141153 0.7408678
238.891600 -2.0883439 0.0662913 -0.4262588 0.0171026 0.6708021 0.0146157 0.7412951
239.100000 -2.0184956 0.0642444 -0.4190376 0.0181554 0.6713616 0.0127817 0.7407973
239.308600 -1.9509462 0.0620755 -0.4129443 0.0195258 0.6729228 0.0128427 0.7393435
239.621100 -1.8565923 0.0590845 -0.4054258 0.0210185 0.6749513 0.0159114 0.7373913
239.829500 -1.7993441 0.0573287 -0.4006635 0.0218920 0.6763775 0.0151390 0.7360741
240.142100 -1.7239429 0.0542601 -0.3951410 0.0246015 0.6778256 0.0114701 0.7347215
240.454600 -1.6607642 0.0516010 -0.3899708 0.0266431 0.6784504 0.0100482 0.7340941
240.767000 -1.6085340 0.0491905 -0.3849414 0.0272308 0.6758230 0.0080375 0.7365170
241.391100 -1.5213790 0.0451119 -0.3722394 0.0264635 0.6523682 0.0068096 0.7574095
249.519700 -1.4383839 0.0406899 -0.3486411 0.0215967 0.6166784 0.0020102 0.7869164
250.248700 -1.4168521 0.0392488 -0.3405008 0.0248353 0.6011886 -0.0028964 0.7987159
250.560600 -1.3916252 0.0379035 -0.3296093 0.0242835 0.5787382 -0.0036991 0.8151434
250.872200 -1.3568966 0.0364248 -0.3116949 0.0216525 0.5432380 -0.0007708 0.8392991
251.183700 -1.3159194 0.0340152 -0.2849129 0.0165824 0.4950897 -0.0015569 0.8686822
251.495200 -1.2718223 0.0307553 -0.2475868 0.0110567 0.4356806 -0.0057475 0.9000151
251.806700 -1.2240946 0.0289523 -0.1970211 0.0111282 0.3668468 -0.0073149 0.9301860
252.118500 -1.1796869 0.0263480 -0.1329943 0.0063376 0.2955267 -0.0056562 0.9552967
252.430600 -1.1420295 0.0239747 -0.0562499 0.0049458 0.2256864 -0.0074133 0.9741592
252.743200 -1.1075739 0.0216583 0.0379568 0.0028400 0.1652076 -0.0019414 0.9862528
252.951700 -1.0858463 0.0199148 0.1126364 0.0046733 0.1291460 0.0048696 0.9916026
253.160200 -1.0680764 0.0182279 0.1961851 0.0056397 0.0938225 0.0085310 0.9955364
253.577200 -1.0489916 0.0142901 0.3849171 0.0085460 0.0334423 0.0081203 0.9993711
254.307900 -1.0514460 0.0038961 0.7692201 0.0085489 -0.0127489 -0.0021442 0.9998799
254.934000 -1.0591536 -0.0054532 1.1648785 0.0041980 -0.0159755 -0.0027774 0.9998597
255.455200 -1.0693986 -0.0119454 1.5143709 -0.0006395 -0.0202976 -0.0024598 0.9997907
256.184500 -1.0859016 -0.0218095 1.9943186 -0.0017031 -0.0268257 -0.0032094 0.9996335
256.913500 -1.1090704 -0.0321272 2.4792790 0.0038170 -0.0286683 -0.0009626 0.9995812
257.850700 -1.1447225 -0.0451073 3.0850525 0.0030163 -0.0285767 0.0003904 0.9995870
259.100300 -1.1936597 -0.0615145 3.8634541 -0.0026957 -0.0314314 -0.0005048 0.9995022
259.933500 -1.2275944 -0.0698150 4.3715439 -0.0024707 -0.0342483 -0.0006410 0.9994101
260.454200 -1.2486005 -0.0745930 4.6848593 -0.0017925 -0.0323647 -0.0003121 0.9994745
260.975000 -1.2673521 -0.0791786 4.9932399 0.0015155 -0.0293527 -0.0018766 0.9995662
261.495800 -1.2835420 -0.0863177 5.2959108 -0.0034968 -0.0230885 -0.0029675 0.9997229
262.016600 -1.2952422 -0.0929755 5.5918245 0.0100887 -0.0203899 0.0006535 0.9997410
262.537300 -1.3063129 -0.1017009 5.8943477 -0.0013125 -0.0229751 0.0002478 0.9997351
262.954000 -1.3152370 -0.1024365 6.1425924 -0.0066063 -0.0275737 0.0023329 0.9995952
263.370700 -1.3288751 -0.1056387 6.4018536 0.0083839 -0.0295219 0.0065155 0.9995077
263.787300 -1.3415662 -0.1121604 6.6704717 0.0011144 -0.0332079 0.0063278 0.9994278
264.204000 -1.3659391 -0.1169841 6.9494448 -0.0010813 -0.0375594 0.0073182 0.9992670
264.620500 -1.3985674 -0.1231922 7.2033806 -0.0023055 -0.0390976 0.0049805 0.9992203
265.037100 -1.4356240 -0.1235026 7.4977431 -0.0012178 -0.0393433 0.0014802 0.9992239
265.349500 -1.4587939 -0.1271415 7.7103853 -0.0030289 -0.0396071 0.0022035 0.9992083
265.557700 -1.4732844 -0.1290733 7.8501148 -0.0052400 -0.0409376 0.0016756 0.9991466
265.870100 -1.4947281 -0.1308987 8.0579147 -0.0007225 -0.0420056 0.0006226 0.9991169
266.078300 -1.5095801 -0.1326823 8.1945953 -0.0014992 -0.0405521 -0.0000379 0.9991763
266.286700 -1.5218799 -0.1351727 8.3269405 -0.0019571 -0.0390170 -0.0001791 0.9992366
266.495100 -1.5332701 -0.1370061 8.4571743 -0.0018083 -0.0375565 -0.0007854 0.9992926
266.703500 -1.5451114 -0.1393349 8.5839510 -0.0022849 -0.0356085 -0.0018477 0.9993615
266.911700 -1.5557358 -0.1418195 8.7103920 -0.0005990 -0.0339013 -0.0018684 0.9994233
267.120100 -1.5664630 -0.1450075 8.8341751 0.0009489 -0.0316125 -0.0039552 0.9994919
267.328500 -1.5731115 -0.1466244 8.9566269 0.0024103 -0.0305152 -0.0010124 0.9995309
267.536900 -1.5816994 -0.1494917 9.0780926 0.0004902 -0.0290519 -0.0010673 0.9995772
267.745200 -1.5904076 -0.1528246 9.1991453 0.0063660 -0.0282725 -0.0058984 0.9995626
267.953500 -1.5998032 -0.1560548 9.3223295 0.0069509 -0.0289677 -0.0103888 0.9995022
268.161700 -1.6087033 -0.1590633 9.4463072 0.0058664 -0.0312572 -0.0103640 0.9994404
268.370100 -1.6218857 -0.1630142 9.5631523 0.0028887 -0.0322819 -0.0051825 0.9994612
268.578500 -1.6317277 -0.1652742 9.6899157 -0.0053111 -0.0339037 -0.0027884 0.9994071
268.786700 -1.6417513 -0.1664976 9.8166389 -0.0068597 -0.0349604 0.0010308 0.9993646
268.995100 -1.6532378 -0.1677375 9.9443684 -0.0004719 -0.0362359 0.0007034 0.9993429
269.203500 -1.6702697 -0.1710687 10.0780134 0.0024480 -0.0341211 -0.0011228 0.9994141
269.516000 -1.6775270 -0.1726075 10.2756004 0.0042115 -0.0347519 -0.0001134 0.9993871
269.724200 -1.6787212 -0.1685908 10.3984785 0.0060801 -0.0363198 0.0007227 0.9993215
270.036700 -1.6940248 -0.1754085 10.6120234 0.0026929 -0.0357582 -0.0014528 0.9993558
270.349200 -1.7183158 -0.1805651 10.8135223 0.0074076 -0.0320728 0.0005357 0.9994580
270.661700 -1.7268660 -0.1802916 11.0294180 0.0046348 -0.0335162 -0.0033888 0.9994217
270.974100 -1.7250389 -0.1789116 11.2336302 0.0066510 -0.0384535 -0.0035983 0.9992318
271.182300 -1.7473775 -0.1860705 11.3702765 0.0058128 -0.0351863 -0.0040396 0.9993557
271.703000 -1.7843155 -0.2030887 11.6886110 -0.0031248 -0.0286656 -0.0040143 0.9995761
272.640500 -1.8188299 -0.2170448 12.2220726 0.0014790 -0.0263893 -0.0053205 0.9996365
273.265600 -1.8348411 -0.2237729 12.5630569 0.0014833 -0.0236846 0.0015937 0.9997171
273.682500 -1.8435153 -0.2291808 12.7924795 0.0053758 -0.0207834 0.0031206 0.9997647
274.099100 -1.8543739 -0.2364161 13.0186424 0.0133559 -0.0265449 0.0029308 0.9995541
274.515600 -1.8750608 -0.2429623 13.2441463 -0.0024181 -0.0424546 -0.0026159 0.9990920
274.932600 -1.9004025 -0.2447666 13.4779081 0.0008775 -0.0478686 -0.0069938 0.9988287
275.349900 -1.9219704 -0.2481135 13.7240934 0.0045138 -0.0431555 0.0007256 0.9990579
275.766900 -1.9442117 -0.2549390 13.9835644 0.0049432 -0.0405840 -0.0000206 0.9991639
276.079600 -1.9604650 -0.2585070 14.1848001 0.0029235 -0.0392629 0.0020205 0.9992226
276.392200 -1.9768369 -0.2631759 14.3911657 0.0082260 -0.0387498 0.0051719 0.9992017
276.600600 -1.9885705 -0.2666532 14.5317640 0.0037202 -0.0380862 0.0029523 0.9992631
276.809000 -2.0000136 -0.2701048 14.6721678 0.0004211 -0.0378439 0.0023733 0.9992807
277.017400 -2.0114610 -0.2727275 14.8115320 -0.0000036 -0.0375274 0.0016653 0.9992942
277.121500 -2.0171008 -0.2741262 14.8814421 0.0017814 -0.0375062 0.0006832 0.9992945
277.329900 -2.0275674 -0.2772276 15.0190525 0.0044368 -0.0374638 0.0021383 0.9992858
277.538200 -2.0375068 -0.2806328 15.1556253 0.0039298 -0.0371576 0.0043990 0.9992920
277.746600 -2.0483489 -0.2839364 15.2906914 -0.0003066 -0.0367308 0.0035845 0.9993187
277.954900 -2.0591087 -0.2868616 15.4227962 0.0028634 -0.0362656 -0.0001324 0.9993381
278.163200 -2.0691512 -0.2903271 15.5547695 0.0027392 -0.0358376 -0.0024494 0.9993508
278.371500 -2.0787802 -0.2937177 15.6845455 0.0005611 -0.0364152 -0.0011802 0.9993359
278.579900 -2.0886872 -0.2960885 15.8113928 -0.0009266 -0.0376722 -0.0004411 0.9992896
278.788100 -2.0990999 -0.2989626 15.9343262 0.0011710 -0.0388998 -0.0012832 0.9992416
278.996200 -2.1095366 -0.3017891 16.0544720 0.0003003 -0.0402466 -0.0017766 0.9991881
279.204500 -2.1197171 -0.3042003 16.1709824 -0.0048697 -0.0414575 -0.0018166 0.9991267
279.412800 -2.1295452 -0.3056677 16.2829437 -0.0048317 -0.0422290 -0.0023213 0.9990936
279.725100 -2.1444232 -0.3077244 16.4478397 0.0003008 -0.0429413 -0.0014992 0.9990764
280.037700 -2.1593685 -0.3110862 16.6122990 -0.0003533 -0.0423655 -0.0026445 0.9990986
280.350400 -2.1739283 -0.3148545 16.7742767 0.0065210 -0.0391809 -0.0069810 0.9991865
280.663000 -2.1872251 -0.3199702 16.9360523 0.0073007 -0.0350442 -0.0104389 0.9993046
280.975600 -2.1970837 -0.3244298 17.1000271 0.0045041 -0.0305750 -0.0085025 0.9994861
281.288100 -2.2071555 -0.3281353 17.2670422 0.0027105 -0.0257141 -0.0079616 0.9996340
281.600700 -2.2157955 -0.3309878 17.4378223 0.0028321 -0.0199228 -0.0100797 0.9997467
281.913400 -2.2221069 -0.3342316 17.6144218 0.0011598 -0.0138354 -0.0078042 0.9998732
282.226000 -2.2260509 -0.3376288 17.7957039 0.0111820 -0.0081321 -0.0056625 0.9998884
282.538600 -2.2279100 -0.3426788 17.9837208 0.0054132 -0.0018743 -0.0061412 0.9999647
282.851200 -2.2279944 -0.3486081 18.1727066 0.0105066 0.0045713 -0.0068863 0.9999107
283.163700 -2.2253151 -0.3550476 18.3668976 0.0086728 0.0109586 -0.0068825 0.9998786
283.372200 -2.2220545 -0.3586921 18.4996910 0.0049212 0.0151879 -0.0061858 0.9998534
283.580600 -2.2174404 -0.3619131 18.6330414 0.0044873 0.0186144 -0.0040065 0.9998087
283.893000 -2.2097363 -0.3668808 18.8363819 0.0098794 0.0204513 -0.0037463 0.9997350
284.205400 -2.2014925 -0.3734206 19.0434799 0.0067977 0.0214752 -0.0030592 0.9997416
284.517700 -2.1939125 -0.3796533 19.2534981 0.0086639 0.0210567 -0.0011244 0.9997401
284.830100 -2.1851437 -0.3864941 19.4653015 0.0033170 0.0201222 0.0002027 0.9997920
285.142400 -2.1781290 -0.3917099 19.6737423 0.0047087 0.0188413 0.0005193 0.9998112
285.454600 -2.1724539 -0.3974943 19.8809776 0.0055589 0.0170307 -0.0009110 0.9998391
285.766900 -2.1670978 -0.4038793 20.0859280 0.0055622 0.0151409 -0.0030999 0.9998651
286.079200 -2.1630485 -0.4106318 20.2898273 0.0047725 0.0126154 -0.0028839 0.9999049
286.391500 -2.1590967 -0.4168108 20.4917336 0.0075895 0.0093183 0.0007195 0.9999275
286.703900 -2.1574047 -0.4213682 20.6922588 -0.0033350 0.0078892 -0.0011012 0.9999627
286.912200 -2.1569343 -0.4233973 20.8231831 0.0029824 0.0071445 -0.0070140 0.9999455
287.120500 -2.1564479 -0.4265440 20.9527607 0.0049703 0.0066801 -0.0101723 0.9999136
287.432900 -2.1563661 -0.4313378 21.1459980 0.0008601 0.0050605 -0.0127256 0.9999058
