0.000000 -0.9698762 0.0428880 -1.1914117 -0.0012715 -0.0126319 -0.0007076 0.9999192
0.104228 -0.9716913 0.0418950 -1.1549917 -0.0010828 -0.0129738 0.0002490 0.9999152
0.208477 -0.9731677 0.0413548 -1.1195097 -0.0002937 -0.0134745 0.0004791 0.9999090
0.312729 -0.9743209 0.0405663 -1.0841644 0.0003315 -0.0144819 0.0006249 0.9998949
0.416979 -0.9752520 0.0400106 -1.0487359 0.0011622 -0.0155597 0.0017274 0.9998768
0.729727 -0.9797285 0.0382108 -0.9403574 0.0023033 -0.0176758 0.0034407 0.9998352
0.833976 -0.9813408 0.0371117 -0.9030285 0.0023648 -0.0181901 0.0037278 0.9998248
0.938359 -0.9832616 0.0363029 -0.8653592 0.0037439 -0.0187374 0.0034333 0.9998115
1.146853 -0.9867623 0.0345839 -0.7885044 0.0074687 -0.0201405 0.0019804 0.9997673
1.355354 -0.9911649 0.0330922 -0.7076688 0.0040718 -0.0212340 -0.0001279 0.9997662
1.563854 -0.9960846 0.0320893 -0.6227617 -0.0043233 -0.0219452 -0.0010139 0.9997493
1.772352 -1.0007803 0.0307541 -0.5355328 -0.0003593 -0.0230616 -0.0030647 0.9997293
1.980855 -1.0054022 0.0308733 -0.4441640 0.0018646 -0.0243062 -0.0016879 0.9997014
2.189354 -1.0103002 0.0302256 -0.3480414 -0.0064580 -0.0247713 -0.0012945 0.9996715
2.397855 -1.0155517 0.0300603 -0.2483322 -0.0073175 -0.0251566 0.0001264 0.9996567
2.606377 -1.0218208 0.0305521 -0.1450406 -0.0042166 -0.0244902 -0.0009851 0.9996907
2.814856 -1.0267899 0.0297022 -0.0394741 0.0016085 -0.0235887 0.0020526 0.9997184
3.127481 -1.0332656 0.0275837 0.1259596 0.0046133 -0.0236878 0.0009524 0.9997083
3.440232 -1.0384195 0.0242468 0.2948618 0.0069333 -0.0247679 -0.0026828 0.9996656
3.752729 -1.0468664 0.0190375 0.4730003 0.0068247 -0.0255072 -0.0036395 0.9996447
4.065354 -1.0578448 0.0140989 0.6605635 0.0046948 -0.0261890 -0.0043470 0.9996365
4.377982 -1.0728246 0.0089368 0.8497506 0.0051443 -0.0258998 -0.0045435 0.9996410
4.690605 -1.0849818 0.0045765 1.0463349 0.0008589 -0.0270773 -0.0043792 0.9996234
5.003109 -1.1011552 0.0014782 1.2466218 0.0018089 -0.0276745 -0.0040767 0.9996070
5.315611 -1.1169291 -0.0022763 1.4471544 -0.0009986 -0.0286322 -0.0037514 0.9995825
5.628235 -1.1346084 -0.0057394 1.6478664 0.0032253 -0.0286987 -0.0056327 0.9995670
5.940858 -1.1523126 -0.0104881 1.8516005 0.0009510 -0.0284474 -0.0064603 0.9995739
6.253481 -1.1704911 -0.0153680 2.0513730 0.0016755 -0.0275115 -0.0062262 0.9996007
6.566109 -1.1886663 -0.0224776 2.2461138 0.0050463 -0.0265027 -0.0055984 0.9996203
6.878731 -1.2062167 -0.0286821 2.4462204 0.0017502 -0.0254153 -0.0038074 0.9996682
7.191236 -1.2233990 -0.0335778 2.6411703 -0.0004395 -0.0239769 -0.0010817 0.9997118
7.503734 -1.2390267 -0.0398696 2.8433390 0.0046887 -0.0230965 -0.0013963 0.9997213
7.816232 -1.2576281 -0.0450097 3.0649853 0.0024555 -0.0218382 -0.0055944 0.9997429
8.128736 -1.2756029 -0.0520918 3.2856057 0.0005178 -0.0208437 -0.0042202 0.9997737
8.441112 -1.2948234 -0.0561535 3.5068395 -0.0006293 -0.0201299 -0.0026725 0.9997936
8.753612 -1.3091882 -0.0605513 3.7168357 0.0014314 -0.0200090 -0.0042656 0.9997897
9.065987 -1.3131752 -0.0639399 3.9204895 -0.0030053 -0.0228208 -0.0056514 0.9997191
9.274360 -1.3169659 -0.0649337 4.0523214 -0.0013097 -0.0240957 -0.0054275 0.9996940
9.482610 -1.3202790 -0.0672275 4.1810746 -0.0015245 -0.0259133 -0.0041746 0.9996543
9.690863 -1.3260010 -0.0696209 4.3063259 -0.0037089 -0.0267488 -0.0035097 0.9996291
9.899109 -1.3308833 -0.0712308 4.4269862 -0.0041602 -0.0291952 -0.0025079 0.9995619
10.107490 -1.3377849 -0.0732691 4.5412955 -0.0033644 -0.0326199 -0.0021110 0.9994599
10.315740 -1.3449332 -0.0749121 4.6494346 -0.0040248 -0.0359790 -0.0025318 0.9993412
10.524110 -1.3522043 -0.0763780 4.7510686 -0.0052673 -0.0393129 -0.0032270 0.9992079
10.732490 -1.3599488 -0.0777438 4.8460388 -0.0057827 -0.0422540 -0.0050176 0.9990776
10.940860 -1.3679900 -0.0793431 4.9342012 -0.0033181 -0.0451553 -0.0065277 0.9989532
11.149240 -1.3758190 -0.0805312 5.0147576 0.0000515 -0.0477039 -0.0087183 0.9988235
11.462110 -1.3857667 -0.0834226 5.1237636 -0.0004467 -0.0469781 -0.0128544 0.9988131
11.775110 -1.3938117 -0.0855757 5.2202406 -0.0034966 -0.0355815 -0.0145586 0.9992546
11.983860 -1.3952303 -0.0866591 5.2778897 -0.0043237 -0.0233972 -0.0139307 0.9996198
12.297110 -1.3929445 -0.0886314 5.3570261 -0.0004606 0.0033312 -0.0128298 0.9999120
12.924370 -1.3674068 -0.0926456 5.4990644 0.0057120 0.0975938 -0.0045904 0.9951993
13.237880 -1.3449963 -0.0954151 5.5616660 0.0067080 0.1632011 -0.0041686 0.9865612
13.551240 -1.3126521 -0.0976722 5.6198778 0.0058601 0.2355324 -0.0031399 0.9718437
13.864360 -1.2718749 -0.1006046 5.6716118 0.0103365 0.3088202 -0.0048871 0.9510517
14.073120 -1.2393591 -0.1015729 5.7025218 0.0125949 0.3593777 -0.0094637 0.9330592
14.281780 -1.2012634 -0.1034141 5.7305388 0.0131978 0.4097552 -0.0073548 0.9120704
14.490490 -1.1594168 -0.1046623 5.7560477 0.0112446 0.4605630 -0.0060069 0.8875355
14.699110 -1.1133499 -0.1062886 5.7770467 0.0092652 0.5104399 -0.0030555 0.8598581
14.907610 -1.0630056 -0.1082823 5.7954364 0.0079885 0.5579854 -0.0067223 0.8297851
15.116140 -1.0088753 -0.1100460 5.8084846 0.0107810 0.5995335 -0.0088549 0.8002281
15.324240 -0.9494104 -0.1122103 5.8170633 0.0158278 0.6303661 -0.0039703 0.7761264
15.532120 -0.8848594 -0.1144904 5.8250899 0.0160546 0.6530688 -0.0033047 0.7571212
15.739890 -0.8151187 -0.1164449 5.8324246 0.0088235 0.6716414 -0.0047768 0.7408084
15.947760 -0.7401240 -0.1191974 5.8344660 0.0122432 0.6872916 0.0000520 0.7262785
16.155710 -0.6603848 -0.1212582 5.8354301 0.0167250 0.6987595 -0.0008454 0.7151606
16.363390 -0.5750225 -0.1236834 5.8357377 0.0179790 0.7048945 -0.0025370 0.7090797
16.570990 -0.4837956 -0.1269976 5.8348255 0.0188369 0.7055219 0.0019851 0.7084349
16.778640 -0.3878036 -0.1298872 5.8368111 0.0173727 0.7043822 0.0003044 0.7096083
16.986490 -0.2880802 -0.1330274 5.8378859 0.0178537 0.7035464 -0.0007843 0.7104245
17.194620 -0.1825091 -0.1368594 5.8399711 0.0163724 0.7031149 -0.0009926 0.7108870
17.506740 -0.0186903 -0.1427025 5.8422060 0.0143165 0.7034960 0.0007188 0.7105547
17.715000 0.0930042 -0.1457951 5.8426318 0.0135483 0.7041966 0.0024059 0.7098716
18.027490 0.2642016 -0.1511096 5.8443537 0.0128926 0.7055535 0.0001682 0.7085394
18.339870 0.4398354 -0.1569002 5.8456302 0.0136212 0.7067780 -0.0020243 0.7073014
18.652370 0.6169494 -0.1628456 5.8474793 0.0053257 0.7075352 0.0001888 0.7066579
18.964900 0.7915392 -0.1680995 5.8485565 0.0125349 0.7068653 -0.0045373 0.7072226
19.277500 0.9651862 -0.1747546 5.8492203 0.0115054 0.7059602 0.0005079 0.7081579
19.590340 1.1367908 -0.1802481 5.8513236 0.0101679 0.7064548 -0.0000988 0.7076851
19.902930 1.3060082 -0.1854085 5.8525858 0.0089364 0.7088330 -0.0018335 0.7053174
20.215660 1.4714355 -0.1910867 5.8517046 0.0069331 0.7110720 -0.0025083 0.7030805
20.528590 1.6340852 -0.1960065 5.8505483 0.0075974 0.7128268 -0.0029500 0.7012928
20.841310 1.7942611 -0.2017214 5.8482885 0.0067958 0.7143872 -0.0018514 0.6997152
21.153990 1.9463782 -0.2065689 5.8459382 0.0050444 0.7154894 -0.0018184 0.6986029
21.466850 2.0909913 -0.2112426 5.8434982 0.0068874 0.7158026 -0.0051109 0.6982501
21.779630 2.2320213 -0.2165685 5.8413181 0.0073312 0.7162956 -0.0044611 0.6977443
21.988560 2.3235464 -0.2202005 5.8400073 0.0052515 0.7164002 -0.0066248 0.6976383
22.196780 2.4145927 -0.2233695 5.8373718 0.0052740 0.7166723 -0.0051589 0.6973711
22.509770 2.5493486 -0.2279814 5.8330917 0.0051000 0.7217531 -0.0073812 0.6920925
22.822680 2.6841810 -0.2323068 5.8251443 0.0056373 0.7284998 -0.0097026 0.6849540
23.135720 2.8230224 -0.2373735 5.8168335 0.0033150 0.7336305 -0.0110579 0.6794506
23.343940 2.9186223 -0.2403940 5.8098240 0.0020959 0.7353078 -0.0077283 0.6776861
23.552380 3.0154686 -0.2433380 5.8028250 0.0004394 0.7364293 -0.0070258 0.6764778
23.760760 3.1140537 -0.2462692 5.7946186 0.0055592 0.7368307 -0.0068903 0.6760194
24.073430 3.2643125 -0.2511732 5.7822747 0.0088279 0.7377136 -0.0061821 0.6750278
24.281890 3.3644934 -0.2545255 5.7739387 0.0072125 0.7378859 -0.0027854 0.6748812
24.490410 3.4637098 -0.2578219 5.7659578 0.0068404 0.7388870 -0.0035035 0.6737856
24.698880 3.5628939 -0.2604580 5.7576132 0.0072096 0.7406551 -0.0038405 0.6718358
25.012020 3.7087913 -0.2650242 5.7443452 0.0065655 0.7429413 -0.0045709 0.6693087
25.324430 3.8555236 -0.2696522 5.7290835 0.0068365 0.7440595 -0.0058115 0.6680532
25.637140 4.0052338 -0.2742614 5.7132611 0.0030297 0.7454517 -0.0052391 0.6665322
25.950030 4.1577392 -0.2785280 5.6955633 0.0041674 0.7475004 -0.0049936 0.6642295
26.367040 4.3647251 -0.2852631 5.6704488 0.0105571 0.7484967 -0.0070692 0.6630169
26.575550 4.4718270 -0.2894869 5.6573310 0.0109582 0.7483293 -0.0045056 0.6632215
26.888310 4.6344581 -0.2949699 5.6390405 0.0080756 0.7470936 -0.0022138 0.6646661
27.096690 4.7442722 -0.2982935 5.6268497 0.0066058 0.7458963 -0.0012413 0.6660281
27.305190 4.8532763 -0.3019075 5.6153798 0.0107723 0.7448989 -0.0043248 0.6670763
27.617880 5.0185251 -0.3073940 5.5982728 0.0092116 0.7435861 -0.0051080 0.6685572
27.930640 5.1854725 -0.3135708 5.5815816 0.0079286 0.7431322 -0.0048138 0.6690803
28.139150 5.2952065 -0.3172914 5.5698814 0.0089834 0.7424623 -0.0017360 0.6698253
28.451910 5.4592218 -0.3230841 5.5536208 0.0107396 0.7416670 -0.0035080 0.6706731
28.660380 5.5675616 -0.3269283 5.5441399 0.0051246 0.7416455 -0.0049734 0.6707540
28.869010 5.6746798 -0.3307501 5.5343637 0.0047421 0.7424642 -0.0092523 0.6698051
29.181800 5.8335910 -0.3367905 5.5185342 0.0058232 0.7430882 -0.0098018 0.6690964
29.390270 5.9375477 -0.3412610 5.5078487 0.0079701 0.7434062 -0.0102889 0.6687135
29.598790 6.0402713 -0.3457635 5.4979062 0.0078476 0.7440899 -0.0116777 0.6679313
29.807270 6.1418200 -0.3509331 5.4872913 0.0069498 0.7459159 -0.0123569 0.6658891
30.015910 6.2418728 -0.3549777 5.4761615 0.0078761 0.7480568 -0.0148281 0.6634222
30.224420 6.3402209 -0.3601719 5.4642401 0.0078430 0.7501338 -0.0136934 0.6610978
30.432920 6.4376049 -0.3652042 5.4520946 0.0085478 0.7515707 -0.0169466 0.6593794
30.745760 6.5833693 -0.3728876 5.4330568 0.0127723 0.7539753 -0.0186617 0.6565134
31.058390 6.7276287 -0.3815515 5.4130840 0.0092895 0.7564725 -0.0171575 0.6537344
31.371140 6.8687634 -0.3897066 5.3923674 0.0130069 0.7587740 -0.0207784 0.6508924
31.683900 7.0076828 -0.3979711 5.3717465 0.0147928 0.7613311 -0.0225027 0.6478038
31.892590 7.0994120 -0.4043581 5.3559217 0.0151340 0.7645899 -0.0180545 0.6440864
32.101220 7.1901617 -0.4096976 5.3401008 0.0141055 0.7694830 -0.0189427 0.6382305
32.309930 7.2796841 -0.4153807 5.3222780 0.0142621 0.7768359 -0.0199613 0.6292251
32.518590 7.3680439 -0.4215833 5.3012910 0.0154865 0.7845874 -0.0188484 0.6195381
32.727140 7.4555707 -0.4273351 5.2784100 0.0178230 0.7914618 -0.0159925 0.6107493
32.935760 7.5408254 -0.4329386 5.2538977 0.0212529 0.7968177 -0.0119613 0.6037274
33.144180 7.6257381 -0.4380883 5.2287941 0.0219621 0.8002456 -0.0096046 0.5991930
33.352510 7.7100353 -0.4429887 5.2034101 0.0243672 0.8015674 -0.0027288 0.5974015
33.560850 7.7922869 -0.4478593 5.1790094 0.0271372 0.8019209 -0.0022238 0.5968094
33.769250 7.8726473 -0.4519931 5.1559739 0.0287990 0.8015766 -0.0029525 0.5971908
33.977780 7.9523993 -0.4565728 5.1328363 0.0287310 0.8006735 0.0002287 0.5984116
34.185940 8.0304165 -0.4607959 5.1103024 0.0300556 0.7995362 -0.0003620 0.5998653
34.394020 8.1073275 -0.4651534 5.0889807 0.0313627 0.7966651 0.0005508 0.6036066
34.602300 8.1829433 -0.4694216 5.0688720 0.0308269 0.7935596 0.0027326 0.6077051
34.810660 8.2565165 -0.4733724 5.0500059 0.0304550 0.7912378 0.0038551 0.6107376
35.019540 8.3288193 -0.4769011 5.0312996 0.0311127 0.7888093 0.0071434 0.6138085
35.227510 8.3989410 -0.4808550 5.0148439 0.0293643 0.7866691 0.0054717 0.6166520
35.436220 8.4679670 -0.4839031 4.9989481 0.0326577 0.7835881 0.0037239 0.6204106
35.644150 8.5365419 -0.4875558 4.9849472 0.0311625 0.7788854 0.0022862 0.6263874
35.956520 8.6383553 -0.4930073 4.9666700 0.0302366 0.7672333 0.0040007 0.6406426
36.164640 8.7055492 -0.4966193 4.9577618 0.0295772 0.7561054 0.0038145 0.6537700
36.372770 8.7722521 -0.5002071 4.9521422 0.0279610 0.7417603 0.0023056 0.6700780
36.581010 8.8382950 -0.5041315 4.9502540 0.0251844 0.7270940 -0.0028363 0.6860700
36.789390 8.9043522 -0.5074506 4.9512424 0.0210491 0.7154485 -0.0078262 0.6983045
36.998010 8.9702148 -0.5112535 4.9525652 0.0138128 0.7111709 -0.0121439 0.7027786
37.207180 9.0354872 -0.5148029 4.9519315 0.0082682 0.7179471 -0.0131653 0.6959241
37.416200 9.0992069 -0.5178882 4.9480820 0.0078243 0.7269806 -0.0113652 0.6865194
37.625170 9.1620169 -0.5208182 4.9428177 0.0071032 0.7358587 -0.0113851 0.6770021
37.834140 9.2238131 -0.5231895 4.9362254 0.0060132 0.7472808 -0.0115114 0.6643814
38.043370 9.2830811 -0.5257405 4.9265251 0.0067392 0.7571103 -0.0091248 0.6531886
38.251530 9.3423309 -0.5281541 4.9159851 0.0056028 0.7662650 -0.0086843 0.6424416
38.460120 9.3991909 -0.5305783 4.9034867 0.0072868 0.7736360 -0.0072006 0.6335475
38.668540 9.4551973 -0.5331836 4.8909688 0.0094576 0.7793035 -0.0071426 0.6265346
38.876940 9.5096827 -0.5356122 4.8782072 0.0090245 0.7817636 -0.0064826 0.6234760
39.189420 9.5911331 -0.5389745 4.8591151 0.0103902 0.7829431 -0.0042256 0.6219922
39.606400 9.7001476 -0.5428574 4.8332214 0.0107083 0.7877542 -0.0068757 0.6158583
39.919470 9.7857876 -0.5464759 4.8102808 0.0121454 0.7929021 -0.0053067 0.6092050
40.232310 9.8754807 -0.5492340 4.7851706 0.0137944 0.7981984 -0.0069403 0.6021967
40.545050 9.9683495 -0.5529857 4.7573948 0.0157340 0.8025771 -0.0048212 0.5963214
40.857780 10.0633698 -0.5565608 4.7279491 0.0149061 0.8055489 0.0002211 0.5923417
41.170430 10.1583309 -0.5601188 4.6985674 0.0148877 0.8066515 0.0011844 0.5908386
41.482890 10.2524834 -0.5630475 4.6700468 0.0160665 0.8055530 0.0010449 0.5923049
41.795430 10.3448629 -0.5663545 4.6424818 0.0179495 0.8031278 0.0010279 0.5955356
42.107930 10.4330425 -0.5698318 4.6172638 0.0191483 0.7997298 0.0002675 0.6000547
42.420400 10.5146284 -0.5730278 4.5950065 0.0168724 0.7952189 0.0040627 0.6060740
42.732820 10.5877161 -0.5756069 4.5770082 0.0157448 0.7866054 0.0066119 0.6172199
43.044930 10.6557388 -0.5782756 4.5648317 0.0169935 0.7711525 0.0031849 0.6364157
43.357740 10.7226229 -0.5805368 4.5581331 0.0168522 0.7456601 0.0015148 0.6661117
43.668930 10.7877731 -0.5830302 4.5596519 0.0099911 0.7134092 -0.0019201 0.7006738
43.981040 10.8522968 -0.5851660 4.5669603 0.0038057 0.6796789 -0.0005168 0.7334996
44.293150 10.9145155 -0.5867468 4.5805616 0.0025123 0.6408792 -0.0010277 0.7676369
44.605140 10.9773550 -0.5880718 4.6020908 0.0049493 0.5934215 -0.0032534 0.8048701
44.813580 11.0179119 -0.5891576 4.6228647 0.0042010 0.5564581 -0.0097459 0.8308079
45.021230 11.0588942 -0.5907620 4.6480088 0.0068310 0.5159883 -0.0107907 0.8565004
45.229310 11.1018133 -0.5923202 4.6780386 0.0112789 0.4728046 -0.0080466 0.8810584
45.645680 11.1849499 -0.5963162 4.7601066 0.0056481 0.3842926 -0.0121071 0.9231147
45.853900 11.2256622 -0.5980790 4.8112431 0.0059528 0.3404274 -0.0109238 0.9401885
46.062500 11.2657290 -0.6002634 4.8702340 0.0054518 0.3001090 -0.0097221 0.9538398
46.271110 11.3043041 -0.6017831 4.9364500 0.0038275 0.2654861 -0.0100619 0.9640546
46.479940 11.3417292 -0.6029986 5.0093179 0.0007052 0.2377619 -0.0098320 0.9712734
46.688930 11.3790951 -0.6042701 5.0890522 -0.0011964 0.2173915 -0.0074075 0.9760556
46.897820 11.4156990 -0.6051972 5.1736555 -0.0006651 0.1995976 -0.0031722 0.9798726
47.106530 11.4501514 -0.6063413 5.2638974 -0.0001210 0.1821493 -0.0017044 0.9832694
47.315280 11.4836502 -0.6073530 5.3591175 -0.0001697 0.1666269 -0.0022190 0.9860175
47.524300 11.5153713 -0.6083336 5.4588313 -0.0019235 0.1602124 -0.0052649 0.9870666
47.733280 11.5487719 -0.6095433 5.5612121 -0.0025670 0.1591693 -0.0050624 0.9872350
47.942180 11.5837383 -0.6106749 5.6668901 -0.0012463 0.1590967 -0.0030027 0.9872577
48.150840 11.6198664 -0.6118823 5.7766142 -0.0008362 0.1593766 -0.0026076 0.9872141
48.359390 11.6575584 -0.6134728 5.8894458 -0.0030349 0.1602128 -0.0018064 0.9870762
48.567920 11.6951752 -0.6149568 6.0035686 -0.0035128 0.1610129 -0.0006655 0.9869458
48.776450 11.7338915 -0.6162324 6.1180954 -0.0034468 0.1612551 0.0008570 0.9869063
49.089180 11.7925177 -0.6174852 6.2906351 -0.0052290 0.1613455 0.0034584 0.9868780
49.407810 11.8491554 -0.6197088 6.4619198 -0.0030616 0.1608677 0.0047391 0.9869599
49.714270 11.9054756 -0.6215164 6.6330280 -0.0035190 0.1591326 0.0045380 0.9872405
50.026950 11.9618187 -0.6234737 6.8058848 -0.0037197 0.1570772 0.0040764 0.9875709
50.339430 12.0174532 -0.6252916 6.9782410 -0.0046779 0.1546148 0.0053821 0.9879491
50.652030 12.0711670 -0.6269151 7.1483717 -0.0049425 0.1520347 0.0068234 0.9883392
50.964550 12.1221828 -0.6280578 7.3134408 -0.0049573 0.1490205 0.0075101 0.9887931
51.277040 12.1698551 -0.6293465 7.4717360 -0.0072183 0.1454084 0.0081854 0.9893115
51.589660 12.2129898 -0.6306154 7.6205831 -0.0028569 0.1417158 0.0061783 0.9898840
51.902300 12.2513752 -0.6326780 7.7589340 -0.0065403 0.1366277 0.0074564 0.9905728
52.215240 12.2854481 -0.6341429 7.8856435 -0.0072103 0.1303980 0.0058933 0.9914180
52.527830 12.3143234 -0.6354793 7.9972677 -0.0048318 0.1278669 0.0034176 0.9917737
52.840660 12.3394289 -0.6367390 8.0959530 -0.0015594 0.1261350 0.0028733 0.9920077
53.154550 12.3614197 -0.6387431 8.1855316 -0.0027373 0.1234773 0.0022367 0.9923411
53.465960 12.3817425 -0.6400902 8.2724476 -0.0022755 0.1125623 0.0054818 0.9936270
53.777930 12.3950043 -0.6413438 8.3561878 -0.0009854 0.0851664 0.0052831 0.9963523
54.089790 12.3995609 -0.6426165 8.4373131 -0.0031426 0.0401893 0.0043405 0.9991777
54.401580 12.3939924 -0.6434055 8.5146790 -0.0059260 -0.0187293 -0.0002342 0.9998070
54.713450 12.3774567 -0.6436507 8.5878744 -0.0086067 -0.0877451 -0.0064595 0.9960848
55.025330 12.3502178 -0.6433716 8.6573477 -0.0141473 -0.1661940 -0.0076824 0.9859617
55.233280 12.3261557 -0.6432157 8.7005310 -0.0173919 -0.2215382 -0.0099639 0.9749457
55.441330 12.2985716 -0.6418538 8.7408028 -0.0176452 -0.2801425 -0.0127153 0.9597120
55.649410 12.2651138 -0.6401707 8.7768602 -0.0185706 -0.3371652 -0.0126274 0.9411776
55.857760 12.2274418 -0.6384856 8.8084383 -0.0218148 -0.3924837 -0.0112312 0.9194316
55.961860 12.2074080 -0.6376345 8.8218327 -0.0230774 -0.4193077 -0.0110702 0.9074833
56.066000 12.1862259 -0.6368865 8.8344746 -0.0250020 -0.4457503 -0.0106373 0.8947449
56.170220 12.1646404 -0.6361248 8.8454552 -0.0255557 -0.4713972 -0.0117446 0.8814725
56.274310 12.1423120 -0.6354585 8.8546181 -0.0245772 -0.4959964 -0.0134834 0.8678720
56.482840 12.0965290 -0.6336647 8.8695869 -0.0213037 -0.5435991 -0.0155936 0.8389297
56.691300 12.0487843 -0.6318218 8.8805561 -0.0186664 -0.5851274 -0.0160369 0.8105679
56.900200 11.9988937 -0.6302378 8.8886623 -0.0156210 -0.6188454 -0.0175569 0.7851612
57.109200 11.9472637 -0.6279933 8.8962059 -0.0187151 -0.6441220 -0.0127246 0.7645879
57.213710 11.9197845 -0.6268069 8.8992920 -0.0210062 -0.6534892 -0.0116132 0.7565552
57.422830 11.8614244 -0.6247695 8.9031715 -0.0194819 -0.6695015 -0.0164824 0.7423722
57.631790 11.7979279 -0.6222386 8.9062357 -0.0194042 -0.6799915 -0.0174708 0.7327549
57.840730 11.7294388 -0.6194118 8.9096518 -0.0187174 -0.6920957 -0.0110329 0.7214787
58.049450 11.6548309 -0.6162836 8.9097214 -0.0202517 -0.7043111 -0.0086455 0.7095499
58.258220 11.5738649 -0.6138493 8.9057884 -0.0188554 -0.7144011 -0.0140267 0.6993417
58.467090 11.4874868 -0.6106690 8.9014244 -0.0175554 -0.7213612 -0.0161165 0.6921489
58.676060 11.3953876 -0.6069964 8.8958626 -0.0168915 -0.7242594 -0.0176933 0.6890936
58.884940 11.2980089 -0.6032733 8.8894386 -0.0141264 -0.7254090 -0.0203043 0.6878735
59.093910 11.1944532 -0.5990790 8.8832865 -0.0100217 -0.7228944 -0.0237895 0.6904762
59.407510 11.0283098 -0.5921744 8.8789387 -0.0069148 -0.7132920 -0.0272439 0.7003031
59.720720 10.8529310 -0.5852127 8.8790617 -0.0036962 -0.7025843 -0.0296257 0.7109740
60.033570 10.6667385 -0.5779954 8.8863411 -0.0030343 -0.6913452 -0.0324109 0.7217909
60.346310 10.4807291 -0.5708859 8.8957710 -0.0044354 -0.6812860 -0.0342848 0.7312006
60.658910 10.2938452 -0.5646453 8.9117880 -0.0055399 -0.6748036 -0.0333637 0.7372220
61.075690 10.0418739 -0.5552494 8.9350271 -0.0046029 -0.6725482 -0.0327103 0.7393157
61.388180 9.8507195 -0.5486181 8.9531794 -0.0039110 -0.6716537 -0.0336579 0.7400900
61.700910 9.6600227 -0.5423331 8.9703932 -0.0031658 -0.6717093 -0.0343535 0.7400112
62.013230 9.4708900 -0.5363216 8.9878712 -0.0020221 -0.6723366 -0.0342680 0.7394492
62.325700 9.2842054 -0.5300106 9.0053501 -0.0037484 -0.6730121 -0.0365654 0.7387176
62.534220 9.1595678 -0.5256604 9.0173960 -0.0026761 -0.6732461 -0.0367827 0.7384982
62.742660 9.0367994 -0.5209787 9.0291243 -0.0029752 -0.6723325 -0.0372621 0.7393048
62.951190 8.9144669 -0.5165418 9.0407534 -0.0027081 -0.6710474 -0.0375907 0.7404559
63.159760 8.7936831 -0.5121493 9.0522938 -0.0021992 -0.6702472 -0.0367286 0.7412252
63.368170 8.6735468 -0.5076957 9.0640888 -0.0016269 -0.6698465 -0.0367418 0.7415882
63.576570 8.5540104 -0.5036399 9.0763922 -0.0018229 -0.6693054 -0.0368956 0.7420685
63.785050 8.4347143 -0.4990200 9.0890236 -0.0024584 -0.6688695 -0.0372570 0.7424415
63.993600 8.3161678 -0.4948405 9.1019106 -0.0021913 -0.6688222 -0.0360030 0.7425469
64.202080 8.1972771 -0.4904017 9.1145792 -0.0008337 -0.6685573 -0.0346116 0.7428542
64.410540 8.0784445 -0.4858578 9.1271563 -0.0007173 -0.6679256 -0.0347931 0.7434139
64.723370 7.8986783 -0.4805998 9.1467972 -0.0014809 -0.6668593 -0.0348614 0.7443663
65.035920 7.7169633 -0.4738944 9.1673441 -0.0037006 -0.6656025 -0.0351810 0.7454675
65.349010 7.5341988 -0.4680112 9.1889105 -0.0016322 -0.6652828 -0.0318935 0.7459081
65.661320 7.3500218 -0.4617532 9.2093735 -0.0021476 -0.6676174 -0.0323587 0.7437978
65.973960 7.1639857 -0.4558304 9.2272282 -0.0029491 -0.6724885 -0.0319031 0.7394138
66.286540 6.9761734 -0.4497301 9.2420321 -0.0026618 -0.6780094 -0.0340862 0.7342577
66.599380 6.7887645 -0.4440086 9.2552881 0.0010072 -0.6801756 -0.0316675 0.7323642
66.911930 6.5983763 -0.4386896 9.2703018 -0.0026899 -0.6812537 -0.0296297 0.7314426
67.224690 6.4092188 -0.4329101 9.2836294 -0.0063293 -0.6822006 -0.0316580 0.7304519
67.433190 6.2838907 -0.4279916 9.2907801 -0.0059060 -0.6823283 -0.0329576 0.7302787
67.641720 6.1568851 -0.4242364 9.2999029 -0.0051573 -0.6828009 -0.0329924 0.7298409
67.954300 5.9698863 -0.4174574 9.3108406 -0.0025020 -0.6833501 -0.0334633 0.7293193
68.266970 5.7833900 -0.4117362 9.3228416 -0.0025617 -0.6835671 -0.0330092 0.7291363
68.579550 5.5977502 -0.4071195 9.3349171 -0.0021463 -0.6833866 -0.0332699 0.7292950
68.892240 5.4110708 -0.4008353 9.3462009 -0.0021818 -0.6832680 -0.0338766 0.7293781
69.204680 5.2251086 -0.3948880 9.3578291 -0.0024990 -0.6833387 -0.0352317 0.7292467
69.517240 5.0390978 -0.3884413 9.3697081 -0.0026380 -0.6836262 -0.0352439 0.7289761
69.829670 4.8548756 -0.3824509 9.3808336 -0.0012484 -0.6842455 -0.0378586 0.7282673
70.142350 4.6720142 -0.3767277 9.3913097 0.0053419 -0.6834706 -0.0375645 0.7289913
70.454920 4.4882441 -0.3707786 9.4048328 0.0027793 -0.6812535 -0.0391473 0.7309949
70.767540 4.3058267 -0.3647654 9.4193382 0.0002338 -0.6789401 -0.0391134 0.7331511
71.082350 4.1227994 -0.3579946 9.4343119 0.0024838 -0.6769027 -0.0394191 0.7350121
71.392800 3.9398861 -0.3524299 9.4499884 0.0047732 -0.6758996 -0.0367408 0.7360619
71.705330 3.7556636 -0.3478795 9.4668331 0.0008570 -0.6760657 -0.0358918 0.7359661
72.017800 3.5726032 -0.3426217 9.4817696 -0.0020425 -0.6771622 -0.0357354 0.7349627
72.330290 3.3883555 -0.3360618 9.4961987 -0.0020150 -0.6770731 -0.0364675 0.7350089
72.642980 3.2051644 -0.3307246 9.5120363 -0.0010504 -0.6767291 -0.0322245 0.7355258
72.955480 3.0199652 -0.3250844 9.5265055 -0.0035804 -0.6776096 -0.0339199 0.7346305
73.267990 2.8345785 -0.3186351 9.5411310 -0.0055532 -0.6803848 -0.0333508 0.7320747
73.580420 2.6493051 -0.3120655 9.5541830 -0.0061225 -0.6840663 -0.0312079 0.7287262
73.892960 2.4629292 -0.3058597 9.5652437 -0.0056344 -0.6865208 -0.0309431 0.7264296
74.205580 2.2749345 -0.2989772 9.5751657 -0.0053934 -0.6880978 -0.0336716 0.7248161
74.518190 2.0887284 -0.2919621 9.5856075 -0.0044383 -0.6887943 -0.0328278 0.7241997
74.830870 1.9021021 -0.2858567 9.5952730 -0.0058236 -0.6900333 -0.0330657 0.7229985
75.039180 1.7795061 -0.2820020 9.6010246 -0.0066034 -0.6912080 -0.0320979 0.7219125
75.247560 1.6567533 -0.2774703 9.6058369 -0.0065533 -0.6923962 -0.0317901 0.7207870
75.456060 1.5358605 -0.2737469 9.6099138 -0.0055543 -0.6939642 -0.0297118 0.7193748
75.664210 1.4161556 -0.2705320 9.6143398 -0.0038543 -0.6960838 -0.0263924 0.7174649
75.872440 1.2958070 -0.2673810 9.6170578 -0.0065793 -0.6975374 -0.0268265 0.7160158
76.080700 1.1763332 -0.2638971 9.6196356 -0.0079132 -0.6985968 -0.0283816 0.7149087
76.289060 1.0583998 -0.2601475 9.6219406 -0.0071101 -0.6986865 -0.0284706 0.7148258
76.601900 0.8829383 -0.2546043 9.6253099 -0.0076948 -0.6986673 -0.0317141 0.7147020
76.810120 0.7669351 -0.2504181 9.6278763 -0.0069004 -0.6990412 -0.0313469 0.7143606
77.018320 0.6531507 -0.2464006 9.6300955 -0.0068203 -0.7002967 -0.0321958 0.7130929
77.226680 0.5426709 -0.2424166 9.6315050 -0.0070432 -0.7016721 -0.0331705 0.7116926
77.436110 0.4340388 -0.2384078 9.6319885 -0.0064529 -0.7031466 -0.0329844 0.7102501
77.643330 0.3266986 -0.2344509 9.6324749 -0.0058449 -0.7048000 -0.0327878 0.7086239
77.851700 0.2219857 -0.2308496 9.6327162 -0.0058321 -0.7060820 -0.0329107 0.7073408
78.060100 0.1201558 -0.2275139 9.6323795 -0.0059800 -0.7072009 -0.0338514 0.7061765
78.268580 0.0220528 -0.2240781 9.6321926 -0.0052670 -0.7075945 -0.0350639 0.7057286
78.477150 -0.0731203 -0.2204826 9.6317682 -0.0034612 -0.7061915 -0.0355267 0.7071205
78.685710 -0.1649166 -0.2177446 9.6324148 -0.0026368 -0.7043420 -0.0352099 0.7089821
78.894170 -0.2554255 -0.2147296 9.6334906 -0.0025458 -0.7023742 -0.0342819 0.7109774
79.102740 -0.3433459 -0.2118791 9.6352453 -0.0023288 -0.7007127 -0.0332006 0.7126668
79.311290 -0.4289631 -0.2096902 9.6365576 -0.0034029 -0.6990857 -0.0333024 0.7142539
79.521320 -0.5128840 -0.2070387 9.6387119 -0.0044265 -0.6982723 -0.0332280 0.7150469
79.728360 -0.5944567 -0.2042654 9.6403742 -0.0044888 -0.6973687 -0.0329014 0.7159429
79.936810 -0.6732696 -0.2019387 9.6418591 -0.0049366 -0.6962503 -0.0331063 0.7170182
80.145310 -0.7500861 -0.1992611 9.6438513 -0.0063023 -0.6947216 -0.0336540 0.7184634
80.562510 -0.8910023 -0.1946036 9.6496534 -0.0073687 -0.6902380 -0.0327230 0.7228045
80.875410 -0.9873771 -0.1915955 9.6553936 -0.0087862 -0.6859069 -0.0333779 0.7268703
81.188180 -1.0759002 -0.1884032 9.6619673 -0.0095168 -0.6782187 -0.0318437 0.7341082
81.501230 -1.1576326 -0.1861583 9.6709814 -0.0073445 -0.6664505 -0.0295678 0.7449266
82.127190 -1.3000073 -0.1824493 9.6975632 -0.0083142 -0.6318139 -0.0259250 0.7746418
83.066680 -1.4659362 -0.1796800 9.7644711 -0.0127716 -0.5362325 -0.0196380 0.8437452
83.380020 -1.5132010 -0.1798256 9.7961025 -0.0118778 -0.4905372 -0.0162106 0.8711885
84.006450 -1.6003184 -0.1773707 9.8812141 -0.0017792 -0.3792377 -0.0088442 0.9252553
84.319310 -1.6412995 -0.1784202 9.9387074 -0.0027848 -0.3164783 -0.0093363 0.9485497
84.527960 -1.6663954 -0.1792139 9.9826670 -0.0016151 -0.2738547 -0.0088867 0.9617286
84.737260 -1.6900518 -0.1802216 10.0304794 0.0023759 -0.2320208 -0.0098038 0.9726585
84.944930 -1.7105587 -0.1808017 10.0846834 0.0035598 -0.1908486 -0.0127857 0.9815298
85.154250 -1.7271284 -0.1814836 10.1444941 0.0029749 -0.1480887 -0.0128551 0.9888861
85.361980 -1.7405438 -0.1829524 10.2104025 0.0045882 -0.1075311 -0.0138897 0.9940941
85.674100 -1.7550790 -0.1866777 10.3201208 0.0069066 -0.0582383 -0.0120106 0.9982066
85.881970 -1.7604553 -0.1904076 10.4001122 0.0071310 -0.0372340 -0.0079056 0.9992499
86.089690 -1.7638690 -0.1906530 10.4826870 0.0074783 -0.0250066 -0.0051388 0.9996461
86.297530 -1.7653764 -0.1914376 10.5705442 0.0065856 -0.0179876 -0.0023695 0.9998137
86.505090 -1.7667317 -0.1928566 10.6622791 0.0068882 -0.0163985 0.0007465 0.9998415
86.920680 -1.7710853 -0.1945483 10.8574266 0.0069070 -0.0222131 0.0020768 0.9997272
87.232860 -1.7754662 -0.1968895 11.0122757 0.0102850 -0.0270285 0.0017865 0.9995801
87.857180 -1.8100621 -0.2092736 11.3267441 0.0059607 -0.0259430 -0.0032969 0.9996402
88.169700 -1.8181195 -0.2143485 11.4766579 0.0036004 -0.0275658 -0.0024589 0.9996105
88.482060 -1.8281038 -0.2180078 11.6342974 0.0024274 -0.0304376 -0.0016905 0.9995323
88.794690 -1.8396668 -0.2223290 11.7898569 -0.0004468 -0.0332585 -0.0014696 0.9994456
89.107430 -1.8526906 -0.2248980 11.9444256 -0.0006100 -0.0356060 -0.0010702 0.9993652
89.419930 -1.8646474 -0.2280099 12.0975304 0.0031118 -0.0374908 -0.0010029 0.9992916
89.732690 -1.8745315 -0.2302846 12.2454939 -0.0002264 -0.0376931 -0.0018673 0.9992876
90.045560 -1.8860992 -0.2327218 12.3844261 0.0022853 -0.0378545 -0.0027876 0.9992768
90.357970 -1.8976643 -0.2353248 12.5129519 0.0006593 -0.0404021 -0.0032515 0.9991780
90.670570 -1.9092553 -0.2376876 12.6284304 0.0009814 -0.0448068 -0.0031399 0.9989902
90.983300 -1.9207704 -0.2400433 12.7336855 0.0011944 -0.0488092 -0.0028756 0.9988033
91.296000 -1.9305112 -0.2426475 12.8278389 0.0010985 -0.0466240 -0.0039902 0.9989039
91.609100 -1.9369261 -0.2438524 12.9139109 0.0023357 -0.0328454 -0.0052776 0.9994438
91.922450 -1.9377122 -0.2463571 12.9984131 0.0028200 -0.0056728 -0.0054140 0.9999653
92.235900 -1.9321021 -0.2493195 13.0795879 0.0086331 0.0335777 -0.0070693 0.9993738
92.549480 -1.9158735 -0.2519506 13.1570187 0.0095699 0.0858032 -0.0028047 0.9962622
92.862950 -1.8912327 -0.2549410 13.2281828 0.0089353 0.1445934 0.0083969 0.9894152
93.072030 -1.8710675 -0.2574282 13.2734985 0.0080890 0.1870140 0.0101362 0.9822716
93.280830 -1.8480058 -0.2593739 13.3164711 0.0110962 0.2316938 0.0057642 0.9727084
93.489710 -1.8188729 -0.2607286 13.3568172 0.0168812 0.2771480 0.0075244 0.9606494
93.698450 -1.7851005 -0.2621047 13.3955383 0.0211435 0.3230516 0.0097343 0.9460950
93.907230 -1.7489738 -0.2641540 13.4346189 0.0165777 0.3713974 -0.0030156 0.9283211
94.115820 -1.7070026 -0.2672699 13.4689417 0.0153284 0.4172130 -0.0037736 0.9086716
94.324500 -1.6590896 -0.2688728 13.4975376 0.0222242 0.4638772 0.0006169 0.8856205
94.533080 -1.6069660 -0.2711440 13.5256824 0.0192397 0.5103248 -0.0080016 0.8597293
94.741610 -1.5489237 -0.2748861 13.5497265 0.0123978 0.5532627 -0.0103260 0.8328506
94.949970 -1.4854443 -0.2783329 13.5679970 0.0145979 0.5896938 -0.0081624 0.8074537
95.158090 -1.4172035 -0.2807999 13.5829535 0.0183369 0.6186454 -0.0076292 0.7854192
95.365960 -1.3434073 -0.2839573 13.5958700 0.0161517 0.6407642 -0.0052108 0.7675501
95.573810 -1.2640302 -0.2870224 13.6063643 0.0131303 0.6607594 -0.0055564 0.7504623
95.781890 -1.1808525 -0.2901607 13.6127605 0.0145075 0.6773855 -0.0070990 0.7354509
95.989690 -1.0922271 -0.2933384 13.6156998 0.0160977 0.6910663 -0.0040835 0.7226005
96.197610 -0.9978794 -0.2967066 13.6183147 0.0119812 0.7020466 -0.0028432 0.7120246
96.405440 -0.9001476 -0.2996417 13.6173172 0.0153164 0.7080938 -0.0005874 0.7059520
96.613110 -0.7970850 -0.3023323 13.6165447 0.0172809 0.7109265 0.0013268 0.7030526
96.924880 -0.6360908 -0.3077006 13.6149893 0.0146320 0.7126358 0.0009515 0.7013809
97.237470 -0.4693451 -0.3123464 13.6123915 0.0140817 0.7127193 0.0054664 0.7012867
97.548460 -0.3016540 -0.3173079 13.6115828 0.0157923 0.7091599 0.0054803 0.7048495
97.756480 -0.1895435 -0.3204269 13.6122627 0.0150233 0.7067840 0.0063089 0.7072418
97.964520 -0.0771186 -0.3239434 13.6139383 0.0160065 0.7046853 0.0050326 0.7093216
98.276660 0.0935198 -0.3290080 13.6181746 0.0124893 0.7023875 0.0029798 0.7116790
98.588990 0.2659883 -0.3339358 13.6226892 0.0108091 0.7006181 -0.0004677 0.7134544
98.901370 0.4390086 -0.3394685 13.6277447 0.0096370 0.7003915 -0.0007738 0.7136934
99.213720 0.6106426 -0.3452822 13.6318769 0.0097631 0.7008489 0.0005155 0.7132428
99.526340 0.7795594 -0.3506485 13.6360350 0.0069246 0.7021754 -0.0012737 0.7119692
99.838860 0.9466106 -0.3556881 13.6398802 0.0039458 0.7048087 -0.0024093 0.7093824
100.151300 1.1122779 -0.3601661 13.6418056 -0.0002179 0.7065310 -0.0007698 0.7076817
100.463900 1.2749093 -0.3640617 13.6432009 0.0045840 0.7068048 -0.0031544 0.7073867
100.776300 1.4352604 -0.3687166 13.6446829 0.0041192 0.7075242 -0.0041174 0.7066651
101.089600 1.5951575 -0.3730874 13.6454105 0.0011039 0.7091893 -0.0028949 0.7050113
101.505600 1.8039743 -0.3789712 13.6447353 0.0025984 0.7099016 -0.0037436 0.7042861
101.818100 1.9568955 -0.3833306 13.6455202 -0.0005895 0.7094004 -0.0028298 0.7047998
102.130600 2.1105726 -0.3866129 13.6457796 -0.0000343 0.7089807 -0.0034059 0.7052196
102.444200 2.2617526 -0.3902742 13.6464930 0.0002031 0.7092576 -0.0027128 0.7049441
102.755600 2.4088123 -0.3951058 13.6466103 0.0072902 0.7091507 -0.0101180 0.7049467
103.068200 2.5557470 -0.4008673 13.6470966 0.0069085 0.7082007 -0.0071195 0.7059415
103.380700 2.6996098 -0.4058180 13.6478062 0.0049424 0.7059401 -0.0042051 0.7082418
103.693400 2.8409560 -0.4105496 13.6505814 0.0004457 0.7060265 -0.0089001 0.7081293
104.006000 2.9811506 -0.4147827 13.6521921 -0.0007769 0.7076648 -0.0100188 0.7064769
104.214400 3.0722966 -0.4178330 13.6519184 -0.0003306 0.7085725 -0.0080044 0.7055926
104.422700 3.1615331 -0.4207592 13.6523056 -0.0014290 0.7086351 -0.0079680 0.7055287
104.630800 3.2496831 -0.4232252 13.6530399 -0.0010800 0.7078294 -0.0099525 0.7063125
104.839200 3.3371377 -0.4258645 13.6538610 0.0005422 0.7075346 -0.0117270 0.7065812
105.151800 3.4666529 -0.4308334 13.6548815 -0.0012413 0.7071776 -0.0115132 0.7069411
105.464400 3.5941229 -0.4347295 13.6550407 -0.0000027 0.7082826 -0.0089551 0.7058722
105.777200 3.7191873 -0.4390371 13.6556215 -0.0027446 0.7113522 -0.0098195 0.7027618
106.089900 3.8446450 -0.4427470 13.6524620 0.0020271 0.7165504 -0.0117670 0.6974332
106.402800 3.9753199 -0.4471587 13.6480045 0.0007961 0.7223409 -0.0125847 0.6914222
106.715500 4.1124654 -0.4513136 13.6404581 0.0012033 0.7285156 -0.0128587 0.6849075
107.028200 4.2547107 -0.4558021 13.6302137 0.0009792 0.7341660 -0.0093245 0.6789052
107.340700 4.4039688 -0.4601896 13.6171675 0.0051058 0.7393220 -0.0110286 0.6732424
107.653400 4.5603085 -0.4650837 13.6008577 0.0048940 0.7431717 -0.0061121 0.6690549
107.965800 4.7229710 -0.4693249 13.5839062 0.0056450 0.7445108 -0.0022264 0.6675828
108.278200 4.8943939 -0.4738210 13.5650711 0.0111634 0.7436591 -0.0017140 0.6684636
108.694500 5.1351357 -0.4802741 13.5403957 0.0154591 0.7389714 0.0056210 0.6735360
109.006700 5.3240004 -0.4848260 13.5251465 0.0156766 0.7338750 0.0051460 0.6790841
109.318900 5.5175614 -0.4900855 13.5140095 0.0147755 0.7289473 0.0063710 0.6843807
109.631400 5.7140131 -0.4965336 13.5040894 0.0199942 0.7265657 0.0004107 0.6868060
109.943800 5.9125786 -0.5034918 13.4937925 0.0175709 0.7253098 0.0073014 0.6881595
110.256100 6.1106105 -0.5095093 13.4853802 0.0158327 0.7246073 0.0087414 0.6889247
110.568500 6.3061609 -0.5154446 13.4769220 0.0180082 0.7234657 0.0068712 0.6900912
110.881000 6.5028143 -0.5216797 13.4693146 0.0181103 0.7217500 0.0044539 0.6919025
111.297500 6.7601247 -0.5300313 13.4621029 0.0147770 0.7181492 0.0072794 0.6956941
111.609900 6.9514437 -0.5356768 13.4584093 0.0125196 0.7160650 0.0048531 0.6979045
111.922300 7.1402659 -0.5413767 13.4558134 0.0077583 0.7152296 0.0010450 0.6988457
112.234700 7.3244267 -0.5476239 13.4527950 0.0108083 0.7154909 -0.0029113 0.6985323
112.547100 7.5087481 -0.5542285 13.4495955 0.0081574 0.7164280 -0.0008367 0.6976128
112.859700 7.6888857 -0.5599962 13.4460306 0.0053920 0.7191576 -0.0026241 0.6948211
113.068100 7.8096104 -0.5633307 13.4419193 0.0046419 0.7218569 -0.0025870 0.6920219
113.380300 7.9911075 -0.5688499 13.4344635 0.0034842 0.7260610 -0.0058075 0.6875970
113.692900 8.1692963 -0.5745750 13.4243689 0.0041087 0.7325080 -0.0050845 0.6807270
114.005500 8.3460674 -0.5795794 13.4091005 0.0027924 0.7414712 -0.0019883 0.6709759
114.318100 8.5230923 -0.5834208 13.3891563 0.0017009 0.7507414 -0.0020955 0.6605907
114.526500 8.6405907 -0.5862689 13.3727894 0.0037810 0.7570914 -0.0016818 0.6532958
114.839100 8.8161640 -0.5903168 13.3430529 0.0062042 0.7675284 0.0009176 0.6409843
115.047500 8.9331245 -0.5931902 13.3197374 0.0101067 0.7736514 0.0021432 0.6335273
115.255800 9.0506344 -0.5963424 13.2937460 0.0132719 0.7768219 0.0067004 0.6295449
115.463800 9.1681290 -0.5994393 13.2687130 0.0178509 0.7778035 0.0080238 0.6282027
115.672000 9.2848396 -0.6027744 13.2440605 0.0222510 0.7759045 0.0095186 0.6303859
115.879800 9.4021473 -0.6061499 13.2202396 0.0236301 0.7718188 0.0154642 0.6352151
116.087800 9.5194826 -0.6085393 13.1986351 0.0240783 0.7681625 0.0196932 0.6394988
116.400000 9.6931782 -0.6132004 13.1687965 0.0297529 0.7625548 0.0164356 0.6460301
116.712100 9.8676968 -0.6186671 13.1439705 0.0263529 0.7563556 0.0177238 0.6533892
116.920200 9.9832363 -0.6215225 13.1290016 0.0264370 0.7523901 0.0177849 0.6579467
117.232900 10.1534643 -0.6272909 13.1083412 0.0287938 0.7504664 0.0157025 0.6600943
117.545500 10.3155384 -0.6318441 13.0887365 0.0241938 0.7498233 0.0222578 0.6608208
117.858100 10.4698277 -0.6354460 13.0704460 0.0286868 0.7494905 0.0199563 0.6610922
118.170700 10.6240292 -0.6397746 13.0534725 0.0286329 0.7500924 0.0175414 0.6604800
118.483500 10.7747622 -0.6433097 13.0334444 0.0264879 0.7514096 0.0237793 0.6588752
118.692000 10.8745565 -0.6459347 13.0201349 0.0279989 0.7524189 0.0255533 0.6575933
118.900700 10.9719353 -0.6478728 13.0074940 0.0329260 0.7522390 0.0211313 0.6577277
119.212900 11.1166821 -0.6517143 12.9897537 0.0311035 0.7491348 0.0229933 0.6612874
119.421900 11.2118168 -0.6541274 12.9789381 0.0289914 0.7462330 0.0228131 0.6646618
119.629500 11.3054667 -0.6569403 12.9686375 0.0301884 0.7436892 0.0218245 0.6674869
119.942000 11.4419670 -0.6605002 12.9540768 0.0297532 0.7408376 0.0240146 0.6705951
120.150300 11.5337420 -0.6627513 12.9451180 0.0274006 0.7397910 0.0247405 0.6718231
120.463100 11.6633072 -0.6665639 12.9332104 0.0281536 0.7396498 0.0184499 0.6721497
120.775700 11.7881956 -0.6702767 12.9221611 0.0233643 0.7399895 0.0203844 0.6719034
121.088200 11.8999968 -0.6735667 12.9113159 0.0219563 0.7400488 0.0190755 0.6719239
121.505100 12.0274534 -0.6771382 12.9005642 0.0243406 0.7391739 0.0159938 0.6728845
121.713700 12.0835123 -0.6790457 12.8958149 0.0240065 0.7392159 0.0143982 0.6728865
122.130800 12.1906118 -0.6831039 12.8849325 0.0257816 0.7443106 0.0110803 0.6672438
122.339400 12.2410021 -0.6848318 12.8783340 0.0264673 0.7476245 0.0122589 0.6634808
122.652800 12.3092003 -0.6873456 12.8688126 0.0264583 0.7524464 0.0146460 0.6579589
122.965100 12.3673725 -0.6893283 12.8603706 0.0278152 0.7564614 0.0126262 0.6533247
123.278000 12.4230223 -0.6915307 12.8508120 0.0284583 0.7609338 0.0147535 0.6480372
123.591600 12.4771738 -0.6933217 12.8410854 0.0280666 0.7663965 0.0144085 0.6415926
123.903600 12.5298834 -0.6951306 12.8303757 0.0284457 0.7740796 0.0126565 0.6323222
124.216600 12.5832605 -0.6965276 12.8166513 0.0285922 0.7865385 0.0098188 0.6168008
124.529700 12.6383133 -0.6983224 12.7998734 0.0263048 0.8009878 0.0079960 0.5980491
124.842600 12.6970015 -0.7000474 12.7787075 0.0270532 0.8184645 0.0064286 0.5738838
125.155700 12.7591133 -0.7023147 12.7521400 0.0239918 0.8396146 0.0028395 0.5426452
125.468700 12.8238049 -0.7042273 12.7154293 0.0216408 0.8630334 0.0020188 0.5046790
125.677400 12.8681393 -0.7060815 12.6855240 0.0203179 0.8795170 0.0040586 0.4754163
125.886700 12.9126883 -0.7069312 12.6503954 0.0195604 0.8957591 0.0046728 0.4440846
126.198900 12.9778919 -0.7082016 12.5883036 0.0185987 0.9190962 0.0067802 0.3935356
126.408300 13.0200253 -0.7087916 12.5405951 0.0164904 0.9334053 0.0068243 0.3583796
126.616000 13.0594721 -0.7089812 12.4876995 0.0165909 0.9464449 0.0070134 0.3223625
126.928800 13.1150484 -0.7097282 12.3982811 0.0172785 0.9625701 0.0068431 0.2703950
127.241400 13.1646576 -0.7098214 12.2970896 0.0152088 0.9757997 0.0079813 0.2179907
127.449800 13.1926394 -0.7100852 12.2227974 0.0167898 0.9832590 0.0133200 0.1809485
127.658400 13.2163668 -0.7094326 12.1427021 0.0148335 0.9895836 0.0165992 0.1422279
127.867100 13.2336636 -0.7078066 12.0594893 0.0167199 0.9944428 0.0162904 0.1026577
128.075400 13.2441587 -0.7062252 11.9731426 0.0203929 0.9977178 0.0148571 0.0626310
128.283700 13.2487564 -0.7055477 11.8843937 0.0213321 0.9993991 0.0099874 0.0254286
128.492100 13.2468290 -0.7043973 11.7928104 0.0242974 0.9996540 0.0078881 -0.0062696
128.700300 13.2406120 -0.7039480 11.6984053 0.0249802 0.9990571 0.0107002 -0.0338585
128.908300 13.2304735 -0.7028579 11.6032095 0.0244398 0.9980275 0.0121226 -0.0565411
129.116400 13.2160435 -0.7015435 11.5050764 0.0226875 0.9967279 0.0150177 -0.0761135
129.324500 13.1975632 -0.6990707 11.4062290 0.0209115 0.9949337 0.0202219 -0.0962332
129.532700 13.1751261 -0.6957740 11.3053179 0.0171114 0.9928796 0.0239605 -0.1154262
129.740800 13.1486044 -0.6918483 11.2036209 0.0159311 0.9910063 0.0200628 -0.1313400
129.948900 13.1190462 -0.6884032 11.1000528 0.0130966 0.9894353 0.0141040 -0.1436922
130.261000 13.0679388 -0.6845032 10.9410553 0.0195574 0.9875764 0.0163875 -0.1550545
130.573100 13.0150385 -0.6809007 10.7805719 0.0209118 0.9865869 0.0141218 -0.1612750
130.885300 12.9602776 -0.6777796 10.6189651 0.0234482 0.9863429 0.0139775 -0.1624268
131.197300 12.9048815 -0.6744704 10.4552975 0.0279706 0.9871342 0.0140109 -0.1568037
131.509500 12.8555384 -0.6714077 10.2931328 0.0292015 0.9884911 0.0151428 -0.1476594
131.821600 12.8094597 -0.6678773 10.1327209 0.0299166 0.9898701 0.0151227 -0.1379618
132.133900 12.7681007 -0.6654225 9.9752159 0.0291076 0.9909247 0.0170303 -0.1301189
132.448000 12.7300730 -0.6624694 9.8288307 0.0274936 0.9914744 0.0176604 -0.1261374
132.760700 12.6951799 -0.6596094 9.6939220 0.0267869 0.9915078 0.0169607 -0.1261232
133.072500 12.6612740 -0.6564310 9.5681753 0.0268363 0.9910500 0.0171028 -0.1296424
133.489200 12.6184044 -0.6546805 9.4139061 0.0256829 0.9893824 0.0168119 -0.1420570
133.802200 12.5822105 -0.6527758 9.3032284 0.0249161 0.9862375 0.0172526 -0.1625335
134.220100 12.5239372 -0.6487564 9.1705608 0.0239246 0.9768053 0.0165815 -0.2121415
134.533600 12.4724998 -0.6469731 9.0834961 0.0215175 0.9623193 0.0144705 -0.2706830
134.951900 12.3849201 -0.6440327 8.9854603 0.0221266 0.9320593 0.0116865 -0.3614404
135.265300 12.3089657 -0.6420284 8.9243259 0.0186172 0.9001269 0.0155018 -0.4349537
135.578300 12.2225599 -0.6385965 8.8787518 -0.0183043 -0.8631283 -0.0166716 0.5043774
135.787000 12.1592035 -0.6362569 8.8523197 -0.0151638 -0.8354832 -0.0208034 0.5489126
135.995500 12.0939808 -0.6342566 8.8343391 -0.0147648 -0.8067684 -0.0206942 0.5903207
136.308100 11.9901552 -0.6300099 8.8161573 -0.0143155 -0.7664117 -0.0237937 0.6417491
136.517700 11.9150467 -0.6272388 8.8093414 -0.0170024 -0.7446398 -0.0257492 0.6667530
136.828000 11.7957554 -0.6222557 8.8048887 -0.0122833 -0.7196758 -0.0257051 0.6937255
137.141300 11.6665039 -0.6161048 8.8053837 -0.0079575 -0.7031446 -0.0261151 0.7105227
137.347700 11.5743084 -0.6126053 8.8087311 -0.0087379 -0.6940581 -0.0279581 0.7193229
137.555600 11.4781113 -0.6086067 8.8140507 -0.0079096 -0.6859581 -0.0284938 0.7270399
137.763500 11.3769293 -0.6047291 8.8209658 -0.0084214 -0.6810302 -0.0270415 0.7317074
137.971500 11.2725143 -0.6007996 8.8287182 -0.0075772 -0.6799027 -0.0270076 0.7327656
138.179500 11.1638203 -0.5968426 8.8365002 -0.0068078 -0.6805660 -0.0283844 0.7321051
138.387700 11.0494967 -0.5924874 8.8445244 -0.0055324 -0.6804124 -0.0296986 0.7322065
138.595900 10.9287853 -0.5871397 8.8542938 -0.0041598 -0.6796986 -0.0303318 0.7328523
138.804100 10.8086576 -0.5825658 8.8636847 -0.0038170 -0.6786662 -0.0307012 0.7337949
139.012400 10.6885557 -0.5784810 8.8721790 -0.0038034 -0.6769950 -0.0317036 0.7352946
139.220800 10.5681925 -0.5740820 8.8814030 -0.0034807 -0.6752042 -0.0324392 0.7369090
139.429300 10.4452343 -0.5690961 8.8923130 -0.0029597 -0.6727057 -0.0328591 0.7391743
139.637700 10.3147459 -0.5643585 8.9044619 -0.0032547 -0.6703575 -0.0324492 0.7413213
145.679900 6.5398569 -0.4374777 9.2752705 -0.0034719 -0.6833149 -0.0297357 0.7295097
147.555000 5.3112078 -0.3979246 9.3520412 -0.0018343 -0.6831620 -0.0335956 0.7294914
150.887800 3.1286638 -0.3289652 9.5385389 -0.0065174 -0.6793539 -0.0276002 0.7332626
151.824600 2.4844832 -0.3070118 9.5808725 -0.0076022 -0.6875107 -0.0274410 0.7256157
157.242100 -0.6485760 -0.2037247 9.6735640 -0.0095862 -0.6612626 -0.0280265 0.7495695
157.762900 -0.8421739 -0.1980053 9.6995831 -0.0173446 -0.6601185 -0.0221546 0.7506344
158.179400 -0.9803210 -0.1933005 9.7150688 -0.0219794 -0.6663951 -0.0204445 0.7449943
158.700300 -1.1243092 -0.1881451 9.7283726 -0.0217545 -0.6748285 -0.0180953 0.7374319
159.117000 -1.2120819 -0.1855654 9.7342577 -0.0192602 -0.6804392 -0.0170569 0.7323527
160.055200 -1.3420880 -0.1823285 9.7388802 -0.0152096 -0.6875274 -0.0155192 0.7258333
160.576500 -1.4009693 -0.1807014 9.7410421 -0.0144394 -0.6912570 -0.0139315 0.7223304
161.097700 -1.4590597 -0.1791663 9.7422047 -0.0156901 -0.6952056 -0.0144590 0.7184942
161.514400 -1.5116941 -0.1782189 9.7418079 -0.0080864 -0.6998590 -0.0144700 0.7140886
162.035400 -1.6015157 -0.1763155 9.7404203 -0.0050484 -0.7055425 -0.0131094 0.7085284
162.452400 -1.6967890 -0.1744064 9.7379770 -0.0004380 -0.7047723 -0.0165942 0.7092394
162.869300 -1.8145167 -0.1707109 9.7381449 -0.0060638 -0.7027826 -0.0240641 0.7109717
163.286300 -1.9505489 -0.1660148 9.7401228 -0.0144194 -0.7022569 -0.0171715 0.7115705
163.703000 -2.1063492 -0.1599403 9.7403231 -0.0204054 -0.7044335 -0.0144783 0.7093289
164.119900 -2.2805955 -0.1544698 9.7378559 -0.0067436 -0.7066388 -0.0082175 0.7074946
164.536900 -2.4760156 -0.1498340 9.7385464 -0.0105025 -0.7076602 -0.0140794 0.7063345
164.953900 -2.6837668 -0.1461464 9.7397165 -0.0083290 -0.7082634 -0.0152201 0.7057350
165.370800 -2.9175224 -0.1373729 9.7441473 -0.0122140 -0.7087225 -0.0160024 0.7052001
165.683600 -3.0972857 -0.1346138 9.7491703 -0.0099199 -0.7072116 -0.0151824 0.7067693
166.100600 -3.3398256 -0.1292147 9.7568026 -0.0119912 -0.7050002 -0.0166642 0.7089099
166.413200 -3.5258541 -0.1249143 9.7630606 -0.0127385 -0.7050141 -0.0148182 0.7089240
166.725700 -3.7106361 -0.1201940 9.7651119 -0.0127043 -0.7058254 -0.0164146 0.7080817
167.038400 -3.8980868 -0.1170824 9.7668276 -0.0116093 -0.7065517 -0.0167040 0.7073690
167.246600 -4.0238051 -0.1137915 9.7674561 -0.0127394 -0.7068943 -0.0183619 0.7069661
167.455000 -4.1499782 -0.1097595 9.7688351 -0.0141944 -0.7070169 -0.0178704 0.7068284
167.559000 -4.2128534 -0.1081734 9.7685394 -0.0152526 -0.7067402 -0.0179306 0.7070814
167.767400 -4.3400946 -0.1044244 9.7690763 -0.0146990 -0.7069797 -0.0181530 0.7068480
167.975600 -4.4654312 -0.1014606 9.7688465 -0.0116643 -0.7068629 -0.0183933 0.7070152
168.183900 -4.5907588 -0.0982340 9.7675104 -0.0102972 -0.7067223 -0.0218615 0.7070782
168.392100 -4.7175589 -0.0937120 9.7671566 -0.0154173 -0.7065725 -0.0269501 0.7069592
168.600500 -4.8433127 -0.0888663 9.7676353 -0.0117789 -0.7070759 -0.0257454 0.7065706
168.808900 -4.9670067 -0.0850395 9.7665234 -0.0072539 -0.7064914 -0.0212252 0.7073661
169.017300 -5.0919876 -0.0820477 9.7669287 -0.0088899 -0.7062843 -0.0213173 0.7075515
169.225900 -5.2170143 -0.0784493 9.7675743 -0.0110958 -0.7061896 -0.0202166 0.7076471
169.329900 -5.2793593 -0.0768148 9.7673826 -0.0113559 -0.7061942 -0.0194316 0.7076604
169.434000 -5.3413539 -0.0749566 9.7673502 -0.0108249 -0.7065081 -0.0180364 0.7073923
169.642300 -5.4657989 -0.0719488 9.7667780 -0.0122335 -0.7068595 -0.0180368 0.7070181
169.746400 -5.5284204 -0.0704357 9.7666950 -0.0144897 -0.7072458 -0.0189527 0.7065651
169.954800 -5.6537251 -0.0661733 9.7663498 -0.0143676 -0.7076954 -0.0190607 0.7061144
170.163200 -5.7784519 -0.0623337 9.7654943 -0.0100733 -0.7081444 -0.0178057 0.7057712
170.371500 -5.9034624 -0.0587541 9.7641811 -0.0118709 -0.7083210 -0.0204409 0.7054946
170.580000 -6.0288463 -0.0557380 9.7637863 -0.0131104 -0.7089785 -0.0212882 0.7047868
170.788300 -6.1535206 -0.0518104 9.7623072 -0.0099904 -0.7099688 -0.0218301 0.7038238
170.996500 -6.2797227 -0.0482522 9.7601337 -0.0086064 -0.7112191 -0.0229835 0.7025418
171.204900 -6.4056878 -0.0445825 9.7576847 -0.0080378 -0.7134514 -0.0214614 0.7003298
171.413200 -6.5315766 -0.0414955 9.7545156 -0.0083611 -0.7150292 -0.0177489 0.6988192
171.621400 -6.6576705 -0.0389498 9.7504559 -0.0063366 -0.7165979 -0.0161751 0.6972702
171.933900 -6.8486633 -0.0349756 9.7431736 -0.0100620 -0.7186211 -0.0214051 0.6949995
172.142500 -6.9755683 -0.0316398 9.7379150 -0.0095395 -0.7201792 -0.0199686 0.6934350
172.454600 -7.1651807 -0.0278886 9.7281647 -0.0079294 -0.7225378 -0.0161249 0.6910979
172.766900 -7.3573108 -0.0236235 9.7186899 -0.0088949 -0.7250771 -0.0187578 0.6883547
173.079300 -7.5458989 -0.0193168 9.7070284 -0.0093310 -0.7275596 -0.0173347 0.6857620
173.391600 -7.7358699 -0.0154350 9.6951389 -0.0095797 -0.7298355 -0.0158000 0.6833731
173.808100 -7.9878654 -0.0103535 9.6780081 -0.0125877 -0.7323090 -0.0140863 0.6807104
174.224700 -8.2404718 -0.0056963 9.6587305 -0.0126993 -0.7343870 -0.0129867 0.6784879
174.537200 -8.4307041 -0.0017540 9.6425695 -0.0128487 -0.7354431 -0.0112678 0.6773709
174.849700 -8.6233892 0.0022847 9.6270523 -0.0170073 -0.7351731 -0.0101105 0.6775906
175.162100 -8.8146496 0.0065501 9.6107874 -0.0122109 -0.7349544 -0.0091579 0.6779447
175.370400 -8.9433699 0.0087814 9.6002874 -0.0125409 -0.7351047 -0.0115812 0.6777387
175.682800 -9.1363382 0.0125639 9.5835667 -0.0136141 -0.7355437 -0.0135775 0.6772044
175.995400 -9.3282452 0.0163360 9.5670710 -0.0111234 -0.7361788 -0.0131081 0.6765687
176.307600 -9.5224180 0.0202535 9.5502787 -0.0104901 -0.7361439 -0.0146964 0.6765842
176.619800 -9.7166805 0.0236834 9.5347252 -0.0122775 -0.7360339 -0.0137307 0.6766940
176.932200 -9.9116106 0.0268410 9.5175571 -0.0103862 -0.7358984 -0.0112412 0.6769190
177.140500 -10.0408421 0.0290540 9.5065613 -0.0113324 -0.7359216 -0.0139347 0.6768286
177.452500 -10.2336836 0.0330391 9.4907303 -0.0148869 -0.7364307 -0.0106600 0.6762652
177.660900 -10.3613358 0.0354803 9.4794931 -0.0143670 -0.7367628 -0.0100289 0.6759242
177.869000 -10.4891834 0.0378820 9.4680576 -0.0149851 -0.7367938 -0.0102275 0.6758741
178.181400 -10.6799355 0.0419583 9.4512987 -0.0182151 -0.7367084 -0.0105773 0.6758825
178.389700 -10.8040247 0.0438388 9.4395933 -0.0109471 -0.7362592 -0.0057087 0.6765870
178.598000 -10.9303064 0.0456462 9.4278393 -0.0150673 -0.7358508 -0.0089404 0.6769170
178.910400 -11.1164370 0.0501468 9.4120283 -0.0180173 -0.7356518 -0.0121904 0.6770105
179.118400 -11.2372904 0.0521919 9.4018335 -0.0142915 -0.7354875 -0.0028205 0.6773816
179.326700 -11.3590536 0.0538267 9.3919697 -0.0218211 -0.7365320 -0.0061846 0.6760223
179.534800 -11.4802885 0.0578336 9.3807297 -0.0288134 -0.7359424 -0.0120145 0.6763240
179.744400 -11.5976734 0.0608770 9.3691072 -0.0198432 -0.7357776 -0.0085748 0.6768782
179.951300 -11.7132149 0.0625852 9.3583269 -0.0135832 -0.7358483 -0.0046432 0.6769943
180.159600 -11.8283377 0.0645978 9.3482523 -0.0187006 -0.7359322 -0.0117832 0.6766944
180.367800 -11.9403982 0.0676580 9.3377571 -0.0205443 -0.7360743 -0.0150357 0.6764219
180.576000 -12.0503139 0.0706049 9.3273182 -0.0200365 -0.7361814 -0.0133395 0.6763560
180.784300 -12.1583948 0.0727825 9.3176346 -0.0176172 -0.7360926 -0.0099611 0.6765782
180.992700 -12.2663355 0.0751153 9.3086691 -0.0184674 -0.7353930 -0.0099265 0.6773164
181.201300 -12.3725796 0.0774128 9.2989931 -0.0146639 -0.7340148 -0.0092773 0.6789117
181.409200 -12.4767933 0.0790936 9.2901897 -0.0133742 -0.7332227 -0.0101074 0.6797819
181.617500 -12.5802965 0.0805164 9.2825317 -0.0147851 -0.7335922 -0.0115541 0.6793309
181.825600 -12.6824293 0.0821908 9.2740536 -0.0123632 -0.7347540 -0.0117733 0.6781188
182.033900 -12.7825823 0.0838581 9.2646637 -0.0118333 -0.7365488 -0.0125266 0.6761648
182.241800 -12.8817873 0.0854182 9.2562504 -0.0142020 -0.7395682 -0.0137293 0.6727917
182.450100 -12.9812794 0.0875938 9.2452345 -0.0150457 -0.7427629 -0.0120842 0.6692764
182.658200 -13.0768490 0.0890020 9.2355499 -0.0138646 -0.7469869 -0.0078065 0.6646482
182.970500 -13.2209015 0.0917119 9.2170162 -0.0181448 -0.7535756 -0.0119971 0.6570013
183.283100 -13.3612776 0.0943550 9.1950884 -0.0141343 -0.7590722 -0.0098221 0.6507789
183.491500 -13.4550009 0.0957201 9.1786785 -0.0109863 -0.7602292 -0.0151320 0.6493858
183.700300 -13.5467234 0.0971891 9.1632547 -0.0089413 -0.7598230 -0.0191771 0.6497856
183.908700 -13.6384926 0.0997509 9.1477642 -0.0089551 -0.7587948 -0.0212232 0.6509224
184.117400 -13.7275505 0.1018147 9.1331635 -0.0054151 -0.7571598 -0.0239623 0.6527677
184.326100 -13.8134632 0.1039153 9.1198645 -0.0013590 -0.7524450 -0.0262827 0.6581290
184.534700 -13.8975840 0.1055107 9.1096869 0.0008684 -0.7439827 -0.0298497 0.6675313
184.743300 -13.9782495 0.1074238 9.1024609 0.0006882 -0.7354566 -0.0291792 0.6769428
184.951900 -14.0562887 0.1091050 9.0975447 0.0002417 -0.7268704 -0.0298764 0.6861245
185.160400 -14.1317167 0.1103093 9.0961065 0.0002179 -0.7177547 -0.0316754 0.6955752
185.473400 -14.2406101 0.1121639 9.0960665 -0.0004769 -0.7022941 -0.0309226 0.7112148
185.681900 -14.3113403 0.1139998 9.0985136 -0.0009963 -0.6915972 -0.0290468 0.7216985
185.890400 -14.3784637 0.1150352 9.1034966 -0.0010956 -0.6806091 -0.0266766 0.7321601
186.098800 -14.4428015 0.1163753 9.1101313 -0.0002383 -0.6701154 -0.0253853 0.7418227
186.411400 -14.5346069 0.1179399 9.1227388 -0.0031283 -0.6547636 -0.0238250 0.7554516
186.619800 -14.5924091 0.1190605 9.1321821 -0.0032455 -0.6458830 -0.0245057 0.7630361
186.828000 -14.6470652 0.1196043 9.1422596 -0.0052151 -0.6404537 -0.0219435 0.7676655
187.140300 -14.7248468 0.1205342 9.1565332 -0.0084529 -0.6396061 -0.0201740 0.7683915
187.452300 -14.7977638 0.1218547 9.1679249 -0.0100247 -0.6463743 -0.0191607 0.7627140
187.972000 -14.9040556 0.1235794 9.1773634 -0.0127962 -0.6787887 -0.0175414 0.7340126
188.283800 -14.9598789 0.1248424 9.1753454 -0.0159218 -0.7087536 -0.0170021 0.7050714
188.699700 -15.0275650 0.1264305 9.1624966 -0.0096791 -0.7576146 -0.0181100 0.6523791
189.011700 -15.0724840 0.1276486 9.1469574 -0.0086158 -0.7922000 -0.0168676 0.6099676
189.324100 -15.1142635 0.1290062 9.1264248 -0.0035651 -0.8237141 -0.0196102 0.5666549
189.636500 -15.1544456 0.1298142 9.1019421 0.0010952 -0.8512757 -0.0255414 0.5240955
189.948900 -15.1913671 0.1306527 9.0750008 -0.0009004 0.8748063 0.0259657 -0.4837757
190.261700 -15.2269840 0.1326120 9.0448160 -0.0055368 0.8924367 0.0310316 -0.4500700
190.574800 -15.2621756 0.1335247 9.0126619 -0.0049779 0.9054177 0.0268717 -0.4236411
190.887500 -15.2971611 0.1343835 8.9790668 -0.0021359 0.9162444 0.0211033 -0.4000579
191.200200 -15.3309736 0.1366436 8.9414539 -0.0011935 0.9268252 0.0152911 -0.3751798
191.512700 -15.3646822 0.1371586 8.8991299 0.0040346 0.9397516 0.0195985 -0.3412718
191.723100 -15.3848543 0.1380776 8.8676691 0.0059289 0.9484680 0.0194155 -0.3162218
191.929600 -15.4050131 0.1386706 8.8337793 0.0063662 0.9573604 0.0207877 -0.2880770
192.241400 -15.4333181 0.1408667 8.7770081 0.0096333 0.9702098 0.0170605 -0.2414727
192.553800 -15.4575081 0.1429251 8.7104988 0.0060078 0.9813432 0.0159267 -0.1915093
192.866300 -15.4808178 0.1447796 8.6319914 0.0096604 0.9884370 0.0164651 -0.1504257
193.179500 -15.5035601 0.1479591 8.5410519 0.0077602 0.9913465 0.0181330 -0.1297804
193.388000 -15.5194263 0.1493909 8.4737425 0.0152783 0.9928617 0.0174200 -0.1169990
193.596300 -15.5339460 0.1514434 8.3992395 0.0168522 0.9946152 0.0146200 -0.1012072
193.804800 -15.5477114 0.1544100 8.3175955 0.0191219 0.9960560 0.0155409 -0.0852372
194.117500 -15.5644379 0.1586556 8.1824379 0.0213759 0.9975563 0.0164449 -0.0644529
194.430500 -15.5778980 0.1630277 8.0336580 0.0210995 0.9982906 0.0149336 -0.0524177
194.743500 -15.5914536 0.1667776 7.8746653 0.0215558 0.9985176 0.0153255 -0.0475724
194.952100 -15.6011877 0.1698596 7.7603879 0.0226727 0.9985719 0.0154821 -0.0458307
195.264800 -15.6169062 0.1747477 7.5763569 0.0267657 0.9985436 0.0175247 -0.0434411
195.473300 -15.6270876 0.1784657 7.4466481 0.0268535 0.9986488 0.0149095 -0.0419200
195.786100 -15.6410704 0.1835948 7.2410979 0.0243245 0.9987808 0.0148311 -0.0403142
195.994400 -15.6516752 0.1878059 7.0979738 0.0259065 0.9986982 0.0203095 -0.0389639
196.202800 -15.6620255 0.1924102 6.9569435 0.0289725 0.9986375 0.0228179 -0.0369200
196.515400 -15.6746464 0.1970348 6.7478957 0.0277016 0.9988364 0.0200735 -0.0339924
196.828000 -15.6858807 0.2028203 6.5387936 0.0249456 0.9989909 0.0209341 -0.0309295
197.140500 -15.6972027 0.2077572 6.3273172 0.0264988 0.9990590 0.0214804 -0.0267868
197.453100 -15.7054415 0.2130089 6.1131353 0.0244508 0.9991558 0.0222853 -0.0243560
197.765600 -15.7133207 0.2185854 5.9006052 0.0230330 0.9992167 0.0223403 -0.0231569
198.078100 -15.7208652 0.2236620 5.6912789 0.0234748 0.9992467 0.0216602 -0.0220415
198.390400 -15.7274847 0.2289267 5.4843836 0.0232808 0.9992626 0.0226896 -0.0204298
198.702800 -15.7342873 0.2342348 5.2759748 0.0222553 0.9993342 0.0229584 -0.0175719
199.119200 -15.7397718 0.2405572 5.0041966 0.0214846 0.9994503 0.0202330 -0.0151041
199.431800 -15.7445831 0.2451560 4.7984343 0.0206749 0.9994290 0.0225726 -0.0143047
199.744000 -15.7473602 0.2492256 4.5989141 0.0197352 0.9994819 0.0193251 -0.0165209
200.160900 -15.7550230 0.2558439 4.3348584 0.0216948 0.9992821 0.0187310 -0.0247752
200.577400 -15.7653055 0.2628023 4.0716805 0.0200969 0.9989628 0.0277006 -0.0300365
200.889800 -15.7729912 0.2691468 3.8760796 0.0153730 0.9990956 0.0228113 -0.0324231
201.202300 -15.7834463 0.2754313 3.6796679 0.0179858 0.9990793 0.0215815 -0.0324230
201.514700 -15.7939301 0.2814793 3.4819121 0.0173518 0.9989631 0.0262065 -0.0329366
201.827200 -15.8042364 0.2877559 3.2878263 0.0178859 0.9989906 0.0244730 -0.0331504
202.139600 -15.8123865 0.2941155 3.0938835 0.0177266 0.9990286 0.0248656 -0.0317684
202.452100 -15.8185415 0.2997270 2.9043427 0.0153533 0.9991134 0.0255387 -0.0297394
202.660400 -15.8234987 0.3034730 2.7774341 0.0151087 0.9991738 0.0252961 -0.0279907
202.972900 -15.8294296 0.3093030 2.5884507 0.0133674 0.9992713 0.0246555 -0.0258908
203.181300 -15.8323870 0.3125315 2.4623215 0.0125530 0.9992822 0.0252681 -0.0252771
203.493800 -15.8371067 0.3178931 2.2771208 0.0108763 0.9992950 0.0254614 -0.0253560
203.806500 -15.8426151 0.3233037 2.0934217 0.0088866 0.9992968 0.0244566 -0.0269972
204.015000 -15.8460636 0.3266299 1.9722323 0.0071351 0.9992033 0.0251396 -0.0301644
204.223400 -15.8512945 0.3299831 1.8516181 0.0070283 0.9990745 0.0259235 -0.0335981
204.536200 -15.8601580 0.3358414 1.6734697 0.0075798 0.9989370 0.0248484 -0.0380780
204.744700 -15.8666925 0.3391177 1.5568564 0.0072394 0.9988570 0.0248965 -0.0401563
205.057100 -15.8770456 0.3433552 1.3848865 0.0075218 0.9987457 0.0251911 -0.0426138
205.265300 -15.8834839 0.3456442 1.2726095 0.0083632 0.9986818 0.0248009 -0.0441549
205.473600 -15.8904209 0.3492829 1.1578901 0.0089459 0.9986333 0.0258564 -0.0445293
205.681700 -15.8978014 0.3526351 1.0440813 0.0104293 0.9987667 0.0258608 -0.0410790
205.889700 -15.9033804 0.3568346 0.9306036 0.0107482 0.9990273 0.0257001 -0.0341813
206.097700 -15.9057570 0.3597968 0.8179740 0.0111546 0.9992684 0.0264219 -0.0253012
206.305800 -15.9058867 0.3627508 0.7068654 0.0111503 0.9994339 0.0276263 -0.0156314
206.513700 -15.9044552 0.3665880 0.5962295 0.0121002 0.9995693 0.0263194 -0.0046958
206.722100 -15.8997707 0.3697585 0.4872878 0.0132204 0.9995803 0.0247110 0.0073328
206.929800 -15.8925304 0.3724393 0.3772087 0.0155695 0.9992540 0.0263968 0.0234981
207.137600 -15.8824968 0.3763064 0.2687293 0.0167788 0.9986545 0.0241899 0.0426892
207.345600 -15.8679686 0.3790638 0.1603979 0.0159636 0.9975984 0.0245044 0.0627873
207.553700 -15.8496017 0.3820973 0.0515244 0.0163342 0.9960325 0.0245857 0.0839522
207.761600 -15.8263283 0.3848802 -0.0565469 0.0167457 0.9939070 0.0236750 0.1063390
207.969500 -15.7972746 0.3878013 -0.1636751 0.0167831 0.9912334 0.0213738 0.1292975
208.177600 -15.7639647 0.3904347 -0.2714820 0.0165873 0.9878845 0.0213622 0.1528160
208.489700 -15.7026653 0.3939299 -0.4320974 0.0186620 0.9817144 0.0232117 0.1880152
208.698000 -15.6545486 0.3961380 -0.5380006 0.0190483 0.9768965 0.0222023 0.2117013
208.905800 -15.6007528 0.3981735 -0.6432858 0.0175053 0.9719099 0.0233448 0.2335373
209.114100 -15.5418034 0.4003358 -0.7474222 0.0173517 0.9668620 0.0196222 0.2539522
209.322400 -15.4771519 0.4018294 -0.8519912 0.0163658 0.9618894 0.0186583 0.2723099
209.635200 -15.3720808 0.4039972 -1.0079069 0.0128931 0.9567494 0.0169393 0.2901334
209.947900 -15.2601242 0.4056901 -1.1656852 0.0115395 0.9543765 0.0153918 0.2979858
210.260700 -15.1432409 0.4070345 -1.3276339 0.0120264 0.9533278 0.0136291 0.3013895
210.469100 -15.0645390 0.4081483 -1.4356861 0.0108946 0.9530885 0.0140462 0.3021695
210.781700 -14.9443455 0.4082699 -1.5997033 0.0092955 0.9538113 0.0134528 0.2999610
211.094400 -14.8272438 0.4091255 -1.7640624 0.0067158 0.9562785 0.0140838 0.2920410
211.406900 -14.7164450 0.4100437 -1.9277658 0.0061837 0.9593939 0.0138407 0.2816622
211.719600 -14.6101990 0.4105988 -2.0939364 0.0070524 0.9629713 0.0154996 0.2690656
212.031900 -14.5094452 0.4116870 -2.2613587 0.0129241 0.9650912 0.0170275 0.2610404
212.344200 -14.4083366 0.4124354 -2.4295659 0.0154479 0.9658957 0.0186933 0.2577936
212.656400 -14.3111954 0.4139217 -2.5929985 0.0196662 0.9663904 0.0198782 0.2555535
212.968600 -14.2162771 0.4163161 -2.7590284 0.0231081 0.9663176 0.0199108 0.2555384
213.280800 -14.1216679 0.4177606 -2.9179239 0.0251265 0.9664212 0.0216399 0.2548143
213.593100 -14.0278234 0.4184803 -3.0721438 0.0258738 0.9666001 0.0227212 0.2539659
213.905100 -13.9361916 0.4199931 -3.2185373 0.0258346 0.9657145 0.0237318 0.2572253
214.217100 -13.8509665 0.4211714 -3.3517118 0.0273967 0.9632650 0.0243272 0.2660415
214.529200 -13.7738810 0.4214770 -3.4707508 0.0256726 0.9602575 0.0249490 0.2768103
214.737400 -13.7241306 0.4216681 -3.5428851 0.0245429 0.9585343 0.0243017 0.2828763
214.945500 -13.6778488 0.4221077 -3.6084580 0.0235728 0.9568336 0.0233632 0.2887351
215.153700 -13.6336613 0.4227974 -3.6699965 0.0234984 0.9551325 0.0235272 0.2943062
215.362200 -13.5931101 0.4230822 -3.7256052 0.0240323 0.9527335 0.0242277 0.3018847
215.570100 -13.5532799 0.4232435 -3.7769756 0.0246805 0.9493222 0.0234600 0.3124546
215.778200 -13.5137529 0.4232982 -3.8237638 0.0247297 0.9452183 0.0219169 0.3247621
215.986200 -13.4753189 0.4238541 -3.8682513 0.0257249 0.9404596 0.0209192 0.3382843
216.194900 -13.4374275 0.4236729 -3.9091096 0.0271985 0.9347445 0.0204697 0.3536861
216.402400 -13.4004765 0.4236906 -3.9454532 0.0278582 0.9272977 0.0204107 0.3727282
216.610300 -13.3651552 0.4229020 -3.9765649 0.0275616 0.9177953 0.0204740 0.3955666
216.818400 -13.3317776 0.4224964 -4.0019836 0.0247752 0.9068092 0.0175075 0.4204484
217.130700 -13.2866573 0.4211648 -4.0304217 0.0205510 0.8912104 0.0120765 0.4529634
217.443100 -13.2437410 0.4198248 -4.0539784 0.0201028 0.8739832 0.0087291 0.4854617
217.755500 -13.1994648 0.4189747 -4.0724316 0.0146488 0.8523781 0.0077337 0.5226636
217.963700 -13.1698389 0.4179796 -4.0826211 0.0125401 0.8371272 0.0071246 0.5468181
218.172000 -13.1396980 0.4171569 -4.0910072 0.0107182 0.8209416 0.0046045 0.5708929
218.484300 -13.0895624 0.4163560 -4.1018286 0.0116861 0.7942362 0.0029411 0.6074896
218.692600 -13.0526266 0.4153205 -4.1066380 0.0132758 0.7754228 0.0023848 0.6312984
218.900800 -13.0124464 0.4141267 -4.1110468 0.0152252 0.7551666 0.0010114 0.6553553
219.213100 -12.9445982 0.4120753 -4.1122971 0.0165721 0.7234451 -0.0006553 0.6901827
219.525600 -12.8670044 0.4101641 -4.1072445 0.0137545 0.6914797 -0.0022191 0.7222615
219.735500 -12.8082619 0.4086390 -4.1005635 0.0133685 0.6723557 0.0000630 0.7401075
219.942400 -12.7448215 0.4067381 -4.0904517 0.0129735 0.6558383 0.0017372 0.7547879
220.151400 -12.6761532 0.4054367 -4.0763659 0.0132547 0.6383173 0.0010083 0.7696586
220.359200 -12.6014233 0.4039898 -4.0580459 0.0131065 0.6186665 0.0045303 0.7855313
220.567600 -12.5227728 0.4021187 -4.0342708 0.0129188 0.5975929 0.0115114 0.8016129
220.775800 -12.4405146 0.4007481 -4.0043497 0.0154294 0.5743755 0.0158026 0.8182939
220.984200 -12.3560238 0.3987896 -3.9690113 0.0235698 0.5500901 0.0183220 0.8345715
221.192700 -12.2682066 0.3965782 -3.9254112 0.0249368 0.5284632 0.0187239 0.8483833
221.401400 -12.1766071 0.3933149 -3.8746252 0.0216485 0.5103570 0.0192877 0.8594737
221.610100 -12.0823317 0.3900146 -3.8182085 0.0203519 0.4974681 0.0175665 0.8670656
221.818800 -11.9842243 0.3871606 -3.7564187 0.0193117 0.4901794 0.0134210 0.8713043
222.027700 -11.8821907 0.3839458 -3.6917722 0.0163650 0.4885164 0.0108618 0.8723336
222.241200 -11.7771101 0.3797466 -3.6266322 0.0170099 0.4892242 0.0089867 0.8719459
222.549900 -11.6120720 0.3733868 -3.5244308 0.0161088 0.4903367 0.0085799 0.8713420
222.862400 -11.4404507 0.3676459 -3.4161363 0.0132810 0.4929777 0.0076876 0.8699066
223.175200 -11.2609501 0.3615069 -3.3079994 0.0146809 0.4959312 0.0035112 0.8682306
223.488000 -11.0748730 0.3553021 -3.1943560 0.0081993 0.5019701 0.0027767 0.8648416
223.696300 -10.9508114 0.3530590 -3.1224546 0.0084658 0.5072010 0.0023294 0.8617831
224.008900 -10.7591629 0.3474814 -3.0159192 0.0083633 0.5152439 0.0060072 0.8569818
224.321300 -10.5640249 0.3425473 -2.9105210 0.0090826 0.5240598 0.0047920 0.8516195
224.633700 -10.3693542 0.3372814 -2.8096008 0.0076316 0.5345514 0.0044122 0.8450900
224.945800 -10.1734533 0.3318547 -2.7171597 0.0048446 0.5426846 0.0047529 0.8399091
225.257700 -9.9743872 0.3277676 -2.6271925 0.0071099 0.5465169 0.0066122 0.8373918
225.465900 -9.8422861 0.3238362 -2.5673921 0.0117997 0.5469097 0.0060755 0.8370864
225.673700 -9.7099886 0.3211834 -2.5074167 0.0094581 0.5472275 0.0069732 0.8369014
225.881700 -9.5783043 0.3174363 -2.4496198 0.0083467 0.5475978 0.0065025 0.8366748
226.089900 -9.4471407 0.3141835 -2.3920598 0.0129798 0.5472622 0.0058577 0.8368401
226.297800 -9.3157482 0.3099340 -2.3329589 0.0156571 0.5479324 0.0061263 0.8363537
226.505900 -9.1835489 0.3052376 -2.2748058 0.0141966 0.5481520 0.0070562 0.8362285
226.714100 -9.0528221 0.3003198 -2.2165999 0.0144689 0.5488223 0.0080102 0.8357754
226.922100 -8.9215279 0.2952742 -2.1582851 0.0161315 0.5489555 0.0074110 0.8356630
227.130200 -8.7906008 0.2905330 -2.1003342 0.0136030 0.5493805 0.0078254 0.8354249
227.338400 -8.6606760 0.2860161 -2.0431490 0.0124539 0.5491952 0.0088176 0.8355548
227.546300 -8.5320311 0.2816167 -1.9861987 0.0145204 0.5474301 0.0081468 0.8366858
227.754500 -8.4039164 0.2771355 -1.9272838 0.0140312 0.5461024 0.0079994 0.8375627
227.962600 -8.2774363 0.2725053 -1.8680316 0.0128570 0.5451284 0.0073567 0.8382217
228.170900 -8.1527109 0.2675584 -1.8105073 0.0122081 0.5455670 0.0035579 0.8379707
228.379100 -8.0270586 0.2635072 -1.7532469 0.0036814 0.5498736 0.0027779 0.8352352
228.587400 -7.9032798 0.2599891 -1.6993768 0.0050368 0.5567876 -0.0031932 0.8306335
228.795900 -7.7795267 0.2557938 -1.6485832 0.0051648 0.5658488 -0.0068606 0.8244643
229.004600 -7.6534171 0.2520807 -1.6001451 0.0008815 0.5748797 -0.0052412 0.8182207
229.212500 -7.5273557 0.2486412 -1.5561696 0.0048862 0.5817462 -0.0055391 0.8133369
229.420600 -7.4001694 0.2443160 -1.5134790 0.0063175 0.5860150 -0.0002559 0.8102755
229.733000 -7.2097483 0.2392149 -1.4502410 0.0078516 0.5915191 -0.0043194 0.8062412
230.045200 -7.0186634 0.2328167 -1.3885230 0.0057982 0.5957289 -0.0058581 0.8031433
230.357400 -6.8263531 0.2276709 -1.3276038 0.0010765 0.5972837 -0.0057014 0.8020090
230.669900 -6.6353822 0.2217450 -1.2700135 0.0018350 0.6027436 -0.0145540 0.7978001
230.982300 -6.4433384 0.2138383 -1.2178538 0.0054909 0.6105648 -0.0118638 0.7918584
231.295200 -6.2499523 0.2061396 -1.1688912 0.0041129 0.6206234 -0.0098571 0.7840361
231.503300 -6.1205716 0.2012913 -1.1397214 0.0055676 0.6271721 -0.0090639 0.7788081
231.711800 -5.9912639 0.1963488 -1.1132311 0.0052091 0.6326166 -0.0080120 0.7744061
231.920100 -5.8608789 0.1920106 -1.0875099 0.0049916 0.6378970 -0.0065188 0.7700779
232.128200 -5.7308536 0.1881124 -1.0650260 0.0067003 0.6412549 -0.0041773 0.7672873
232.336500 -5.6027365 0.1835252 -1.0432516 0.0104570 0.6427137 -0.0033709 0.7660276
232.544600 -5.4754548 0.1795545 -1.0216575 0.0089319 0.6444417 -0.0012648 0.7646003
232.752900 -5.3488994 0.1744611 -1.0000212 0.0075683 0.6466936 0.0010829 0.7627116
232.960900 -5.2240486 0.1712903 -0.9795310 0.0090991 0.6490369 0.0012651 0.7607014
233.169100 -5.0983500 0.1673556 -0.9607892 0.0085214 0.6502500 0.0026533 0.7596679
233.377100 -4.9738836 0.1636787 -0.9425368 0.0092486 0.6514702 0.0020946 0.7586150
233.585300 -4.8501005 0.1597654 -0.9242995 0.0090377 0.6523979 0.0011214 0.7578219
233.793200 -4.7261047 0.1562413 -0.9076527 0.0087249 0.6533040 0.0039860 0.7570349
234.001200 -4.6038451 0.1527530 -0.8907378 0.0103355 0.6541457 0.0045895 0.7562840
234.209300 -4.4815907 0.1492881 -0.8746577 0.0133964 0.6550534 0.0053701 0.7554448
234.417200 -4.3592854 0.1458305 -0.8578836 0.0118204 0.6563333 0.0070057 0.7543459
234.625400 -4.2372055 0.1426023 -0.8417404 0.0114534 0.6576316 0.0073386 0.7532169
234.833700 -4.1169162 0.1391030 -0.8258301 0.0131190 0.6589867 0.0048607 0.7520244
235.041400 -3.9973023 0.1354372 -0.8119085 0.0145969 0.6605501 0.0046361 0.7506257
235.249300 -3.8784652 0.1310567 -0.7981902 0.0133944 0.6624045 0.0025153 0.7490224
235.457500 -3.7605247 0.1271763 -0.7864171 0.0115757 0.6637065 0.0036898 0.7478945
235.665500 -3.6430659 0.1231307 -0.7748822 0.0145675 0.6645858 0.0033938 0.7470622
235.873600 -3.5277719 0.1184512 -0.7642183 0.0160051 0.6656750 0.0034684 0.7460620
236.081600 -3.4129677 0.1145830 -0.7574587 0.0163388 0.6651079 0.0051693 0.7465506
236.290500 -3.3006446 0.1105025 -0.7482939 0.0158755 0.6654348 0.0069392 0.7462549
236.497800 -3.1902246 0.1067150 -0.7408655 0.0170729 0.6656306 0.0072997 0.7460503
236.705900 -3.0817301 0.1023144 -0.7309976 0.0183744 0.6659982 0.0069235 0.7456949
236.914000 -2.9765589 0.0988599 -0.7250639 0.0184646 0.6652166 0.0083784 0.7463751
237.122100 -2.8725843 0.0954269 -0.7162560 0.0180915 0.6651776 0.0088522 0.7464135
237.434200 -2.7200170 0.0898959 -0.7015737 0.0174295 0.6656476 0.0105247 0.7459884
237.642300 -2.6200967 0.0874461 -0.6923071 0.0142861 0.6659123 0.0143689 0.7457548
237.954600 -2.4771347 0.0846754 -0.6795006 0.0149686 0.6667326 0.0150770 0.7449941
238.162700 -2.3878760 0.0829906 -0.6713356 0.0163453 0.6672985 0.0120311 0.7445138
238.475100 -2.2614052 0.0788663 -0.6582866 0.0172804 0.6673815 0.0121873 0.7444157
238.683400 -2.1807654 0.0762977 -0.6497546 0.0156693 0.6664584 0.0130213 0.7452638
238.891600 -2.1037583 0.0741369 -0.6410393 0.0159414 0.6659448 0.0135023 0.7457085
239.204200 -1.9949048 0.0707491 -0.6285782 0.0174466 0.6672548 0.0111535 0.7445416
239.516800 -1.8948461 0.0674248 -0.6191588 0.0195094 0.6695651 0.0135330 0.7423737
239.829500 -1.8043969 0.0645775 -0.6106899 0.0206692 0.6714784 0.0140884 0.7406018
240.142100 -1.7266738 0.0619992 -0.6037516 0.0235782 0.6730573 0.0103243 0.7391423
240.454600 -1.6617297 0.0591211 -0.5974775 0.0255740 0.6737136 0.0089254 0.7384960
240.767000 -1.6076808 0.0570252 -0.5919906 0.0262992 0.6709104 0.0068664 0.7410401
241.391100 -1.5183808 0.0525197 -0.5773123 0.0253340 0.6474806 0.0056636 0.7616397
241.703200 -1.4781142 0.0500817 -0.5660220 0.0207562 0.6274078 0.0033046 0.7784071
250.144600 -1.4171282 0.0471790 -0.5461583 0.0241930 0.6007162 -0.0034701 0.7990887
250.456700 -1.3947608 0.0458810 -0.5362570 0.0231674 0.5825339 -0.0049561 0.8124611
250.768500 -1.3617948 0.0445708 -0.5198994 0.0215366 0.5511571 -0.0031782 0.8341175
251.080000 -1.3211191 0.0425540 -0.4944497 0.0177616 0.5070721 -0.0016013 0.8617191
251.495200 -1.2602592 0.0388484 -0.4428753 0.0101904 0.4304063 -0.0067335 0.9025526
251.806700 -1.2123358 0.0370595 -0.3892676 0.0103395 0.3620780 -0.0082169 0.9320542
252.118500 -1.1661826 0.0351753 -0.3208150 0.0057658 0.2907936 -0.0067789 0.9567444
252.430600 -1.1274433 0.0334926 -0.2380554 0.0046230 0.2212711 -0.0086340 0.9751632
252.743200 -1.0922500 0.0315748 -0.1392667 0.0026608 0.1605926 -0.0031679 0.9870121
252.951700 -1.0710593 0.0300644 -0.0617507 0.0046528 0.1246126 0.0035938 0.9921880
253.264300 -1.0480707 0.0282259 0.0693962 0.0053659 0.0730155 0.0078376 0.9972855
253.473000 -1.0393614 0.0264529 0.1657786 0.0074150 0.0428381 0.0084972 0.9990184
254.203500 -1.0363950 0.0169666 0.5476536 0.0100291 -0.0166331 -0.0005528 0.9998112
254.934000 -1.0619283 0.0050910 1.0085440 0.0045583 -0.0204585 -0.0016141 0.9997790
255.559500 -1.0899298 -0.0032009 1.4361582 -0.0010592 -0.0250085 -0.0006960 0.9996864
256.184500 -1.1254275 -0.0111593 1.8669740 -0.0003560 -0.0288076 -0.0016091 0.9995836
256.913500 -1.1714644 -0.0262718 2.3499694 0.0046375 -0.0273747 -0.0017158 0.9996130
257.538200 -1.2070833 -0.0372652 2.7602255 0.0015431 -0.0255038 0.0031654 0.9996685
258.996100 -1.2907021 -0.0623213 3.7699275 -0.0000945 -0.0221399 -0.0013197 0.9997540
260.037600 -1.3123367 -0.0720161 4.4304953 -0.0016226 -0.0289344 -0.0016079 0.9995787
260.558300 -1.3282158 -0.0767153 4.7523136 -0.0015432 -0.0269936 -0.0005483 0.9996343
261.079100 -1.3405651 -0.0830670 5.0678172 0.0047655 -0.0246766 -0.0020525 0.9996820
261.600100 -1.3533478 -0.0898375 5.3845954 -0.0023792 -0.0180689 -0.0019167 0.9998321
262.120700 -1.3636110 -0.0989134 5.6937723 0.0100780 -0.0173243 -0.0010222 0.9997986
262.641500 -1.3738517 -0.1044738 6.0107574 -0.0021283 -0.0210070 -0.0022684 0.9997745
263.058100 -1.3872472 -0.1055929 6.2750139 -0.0028909 -0.0241252 0.0016958 0.9997033
263.475000 -1.4009200 -0.1107403 6.5460887 0.0089270 -0.0265375 0.0043413 0.9995986
263.891500 -1.4175731 -0.1183444 6.8255138 0.0043654 -0.0301289 0.0029135 0.9995322
264.308100 -1.4457189 -0.1242474 7.1009221 0.0003628 -0.0345354 0.0024089 0.9994005
264.724600 -1.4867027 -0.1291719 7.3844762 0.0004420 -0.0361597 0.0004424 0.9993458
265.141200 -1.5182396 -0.1319333 7.6781301 0.0024274 -0.0356163 -0.0011141 0.9993620
265.349500 -1.5290337 -0.1350805 7.8179846 -0.0007783 -0.0366282 0.0002570 0.9993286
265.557700 -1.5404875 -0.1372982 7.9581304 -0.0031678 -0.0381823 0.0008731 0.9992654
265.766000 -1.5517361 -0.1396304 8.0994263 -0.0004989 -0.0397064 -0.0000225 0.9992113
265.974200 -1.5643573 -0.1427670 8.2366152 0.0004489 -0.0388930 -0.0009396 0.9992428
266.182600 -1.5743251 -0.1446255 8.3755474 -0.0007850 -0.0380099 0.0002049 0.9992771
266.391000 -1.5842116 -0.1478232 8.5091438 -0.0006232 -0.0367005 0.0001115 0.9993261
266.495100 -1.5891569 -0.1483710 8.5757627 -0.0005502 -0.0358966 -0.0005318 0.9993552
266.703500 -1.6003978 -0.1512523 8.7071419 -0.0010669 -0.0338845 -0.0014733 0.9994241
266.911700 -1.6083419 -0.1537765 8.8380966 0.0007158 -0.0329554 -0.0015945 0.9994553
267.120100 -1.6176152 -0.1564961 8.9677563 0.0026760 -0.0313126 -0.0033298 0.9995005
267.328500 -1.6257410 -0.1597750 9.0963593 0.0035284 -0.0294833 -0.0005878 0.9995589
267.536900 -1.6339273 -0.1629203 9.2249546 0.0016161 -0.0281577 -0.0004410 0.9996021
267.745200 -1.6424114 -0.1665544 9.3525095 0.0076218 -0.0273745 -0.0052638 0.9995824
267.953500 -1.6513436 -0.1699971 9.4815502 0.0082794 -0.0277320 -0.0096712 0.9995343
268.161700 -1.6597619 -0.1737243 9.6110525 0.0071312 -0.0301692 -0.0096078 0.9994732
268.370100 -1.6667460 -0.1764534 9.7434387 0.0044048 -0.0320989 -0.0046172 0.9994643
268.578500 -1.6761495 -0.1795785 9.8749924 -0.0038532 -0.0340355 -0.0018830 0.9994114
268.786700 -1.6841879 -0.1806920 10.0094929 -0.0052199 -0.0355055 0.0017582 0.9993543
269.099200 -1.7021400 -0.1848008 10.2104015 0.0028801 -0.0368063 0.0001901 0.9993182
269.411800 -1.7199931 -0.1902800 10.4144421 0.0045415 -0.0348114 0.0004946 0.9993834
269.724200 -1.7314540 -0.1924565 10.6243010 0.0052915 -0.0353840 0.0012027 0.9993591
270.036700 -1.7417452 -0.1921701 10.8412275 0.0040046 -0.0356019 -0.0005310 0.9993579
270.349200 -1.7222100 -0.1665274 11.0713978 0.0212407 -0.0472033 0.0034602 0.9986535
270.661700 -1.7612766 -0.1851000 11.2913027 0.0107010 -0.0379496 -0.0017335 0.9992208
271.703000 -1.8316109 -0.2250559 11.9575014 -0.0023521 -0.0297533 -0.0021625 0.9995522
272.536200 -1.8600862 -0.2349211 12.4531860 0.0034943 -0.0289100 -0.0026210 0.9995725
273.161500 -1.8818436 -0.2424608 12.8110695 0.0026534 -0.0253912 0.0026070 0.9996707
273.682500 -1.8954171 -0.2493360 13.1103897 0.0075074 -0.0218413 0.0047895 0.9997218
274.099100 -1.9069953 -0.2582169 13.3474846 0.0154671 -0.0276837 0.0047665 0.9994857
274.515600 -1.9292095 -0.2664847 13.5854425 -0.0004334 -0.0433530 -0.0008906 0.9990593
274.932600 -1.9563564 -0.2689310 13.8289289 0.0030161 -0.0486620 -0.0053418 0.9987965
275.349900 -1.9792585 -0.2735639 14.0843983 0.0065579 -0.0440855 0.0026395 0.9990028
275.766900 -2.0029929 -0.2814422 14.3545513 0.0070634 -0.0415401 0.0014930 0.9991108
276.079600 -2.0202241 -0.2863089 14.5634832 0.0049034 -0.0401591 0.0037320 0.9991743
276.392200 -2.0378141 -0.2920504 14.7785225 0.0102467 -0.0396979 0.0066937 0.9991367
276.600600 -2.0501032 -0.2960190 14.9238052 0.0058209 -0.0390519 0.0047640 0.9992089
276.809000 -2.0621028 -0.2999508 15.0694351 0.0026071 -0.0388548 0.0039747 0.9992335
277.017400 -2.0741739 -0.3033271 15.2145729 0.0022353 -0.0387382 0.0031427 0.9992419
277.225700 -2.0862708 -0.3065944 15.3579521 0.0054899 -0.0383355 0.0031701 0.9992448
277.434000 -2.0980659 -0.3110016 15.5002956 0.0074104 -0.0381179 0.0030929 0.9992410
277.642400 -2.1082072 -0.3150403 15.6403980 0.0035865 -0.0379577 0.0063092 0.9992530
277.850700 -2.1200624 -0.3184882 15.7802887 0.0031226 -0.0374922 0.0035239 0.9992858
278.059100 -2.1316991 -0.3223427 15.9176302 0.0054345 -0.0366777 -0.0002870 0.9993123
278.267400 -2.1416781 -0.3265252 16.0533047 0.0042303 -0.0368070 -0.0006137 0.9993132
278.475700 -2.1515987 -0.3302961 16.1874313 0.0011986 -0.0380971 0.0013062 0.9992725
278.684000 -2.1625321 -0.3335367 16.3170223 0.0026254 -0.0391335 0.0010415 0.9992300
278.892200 -2.1733544 -0.3371693 16.4432964 0.0032399 -0.0405776 0.0002354 0.9991711
279.204500 -2.1896257 -0.3413975 16.6259403 -0.0025702 -0.0425576 0.0002452 0.9990907
279.516900 -2.2059608 -0.3442340 16.7987690 0.0002523 -0.0433134 -0.0003031 0.9990615
279.725100 -2.2165101 -0.3469172 16.9121571 0.0024967 -0.0438162 0.0005142 0.9990364
280.037700 -2.2318437 -0.3511338 17.0822048 0.0018481 -0.0433604 -0.0006158 0.9990576
280.350400 -2.2479796 -0.3556051 17.2489815 0.0087645 -0.0399641 -0.0049757 0.9991503
280.663000 -2.2618301 -0.3618076 17.4171314 0.0095109 -0.0359562 -0.0083479 0.9992732
280.975600 -2.2728410 -0.3668334 17.5864010 0.0068588 -0.0314268 -0.0062870 0.9994627
281.288100 -2.2836583 -0.3714933 17.7585125 0.0050561 -0.0264751 -0.0056321 0.9996208
281.600700 -2.2928870 -0.3755377 17.9351997 0.0050856 -0.0206803 -0.0079278 0.9997418
281.913400 -2.2994661 -0.3793049 18.1181965 0.0035914 -0.0145476 -0.0056669 0.9998717
282.226000 -2.3035672 -0.3842346 18.3058491 0.0133569 -0.0090708 -0.0035717 0.9998633
282.538600 -2.3065424 -0.3903444 18.4993267 0.0076488 -0.0026316 -0.0042123 0.9999584
282.851200 -2.3068810 -0.3975897 18.6957722 0.0125890 0.0037073 -0.0046021 0.9999033
283.163700 -2.3037856 -0.4050836 18.8952217 0.0107760 0.0100462 -0.0047119 0.9998804
283.476400 -2.2986674 -0.4116342 19.1005573 0.0064236 0.0160747 -0.0035364 0.9998439
283.788900 -2.2911084 -0.4180821 19.3092766 0.0106441 0.0190383 -0.0007463 0.9997618
284.101200 -2.2840946 -0.4245993 19.5211811 0.0094714 0.0204628 -0.0017431 0.9997442
284.413600 -2.2750885 -0.4315095 19.7371025 0.0105241 0.0203122 0.0007080 0.9997380
284.726000 -2.2677064 -0.4394966 19.9549236 0.0077048 0.0197753 0.0016984 0.9997733
285.038200 -2.2592659 -0.4458398 20.1722832 0.0056695 0.0182550 0.0037272 0.9998103
285.350500 -2.2535334 -0.4528084 20.3889065 0.0077951 0.0167617 0.0010135 0.9998286
285.662700 -2.2479591 -0.4598825 20.6036110 0.0072315 0.0149254 -0.0001824 0.9998624
285.975100 -2.2434039 -0.4678820 20.8167839 0.0070524 0.0127432 -0.0016226 0.9998926
286.287400 -2.2396274 -0.4750596 21.0262318 0.0117355 0.0094628 0.0009406 0.9998859
286.703900 -2.2364149 -0.4835497 21.3052025 -0.0010556 0.0067442 0.0015032 0.9999756
287.016400 -2.2364044 -0.4887319 21.5081844 0.0075146 0.0057082 -0.0061488 0.9999366
287.224600 -2.2363319 -0.4928966 21.6429195 0.0050216 0.0052324 -0.0091628 0.9999317
287.537000 -2.2359970 -0.4978126 21.8431435 0.0037479 0.0028369 -0.0104857 0.9999340
