0.000000 0.0000522 0.0000019 -0.0001116 0.0000002 -0.0000544 -0.0000013 1.0000000
0.519499 -0.0034841 -0.0007551 0.0413456 0.0014743 -0.0214831 -0.0008810 0.9997677
0.623377 -0.0052531 -0.0008257 0.0514964 0.0019408 -0.0282598 -0.0008495 0.9995984
0.830874 -0.0094705 -0.0011898 0.0752473 0.0017964 -0.0459192 0.0000323 0.9989436
1.764374 -0.0604593 -0.0038430 0.2063367 0.0044259 -0.1703959 -0.0086024 0.9853282
2.490144 -0.1417885 -0.0055470 0.3122941 0.0024033 -0.3117967 -0.0109265 0.9500830
2.697329 -0.1767809 -0.0062850 0.3407808 0.0021889 -0.3625032 -0.0126464 0.9318942
2.904641 -0.2158740 -0.0057485 0.3688876 0.0000060 -0.4157066 -0.0075734 0.9094672
3.112001 -0.2618298 -0.0059638 0.3937920 -0.0031206 -0.4683366 -0.0062620 0.8835225
3.526893 -0.3777441 -0.0051158 0.4328547 -0.0076026 -0.5716026 -0.0071226 0.8204645
3.630648 -0.4113237 -0.0053038 0.4393422 -0.0098158 -0.5952409 -0.0074908 0.8034524
3.734395 -0.4463181 -0.0052410 0.4452944 -0.0121335 -0.6175604 -0.0066872 0.7864014
3.942122 -0.5238159 -0.0041270 0.4506018 -0.0118723 -0.6561781 -0.0074776 0.7544757
4.046284 -0.5648013 -0.0030749 0.4508579 -0.0110167 -0.6720808 -0.0082988 0.7403494
4.254380 -0.6513780 -0.0014441 0.4495617 -0.0091724 -0.6986358 -0.0070832 0.7153836
4.462646 -0.7444743 -0.0002782 0.4433510 -0.0074559 -0.7190392 -0.0054830 0.6949079
4.671250 -0.8445209 0.0014729 0.4336459 -0.0061760 -0.7317626 -0.0044672 0.6815170
4.879959 -0.9514041 0.0019645 0.4222516 -0.0065724 -0.7394634 -0.0053149 0.6731436
5.088502 -1.0634047 0.0029534 0.4097428 -0.0066987 -0.7433359 -0.0067281 0.6688510
5.297154 -1.1825042 0.0046662 0.3970862 -0.0091261 -0.7434874 -0.0062187 0.6686587
5.505749 -1.3070801 0.0056464 0.3829926 -0.0089891 -0.7422993 -0.0081654 0.6699585
5.714253 -1.4383459 0.0075508 0.3690082 -0.0071734 -0.7412915 -0.0081362 0.6710956
5.922523 -1.5767826 0.0100235 0.3548437 -0.0091330 -0.7400106 -0.0105580 0.6724504
6.130876 -1.7194543 0.0120316 0.3406079 -0.0089265 -0.7388064 -0.0118670 0.6737540
6.339025 -1.8676525 0.0149311 0.3262258 -0.0065639 -0.7376546 -0.0116556 0.6750457
6.651280 -2.0981472 0.0182424 0.3064174 -0.0108359 -0.7364335 -0.0117076 0.6763218
6.859377 -2.2547793 0.0199228 0.2923523 -0.0072502 -0.7360768 -0.0071296 0.6768216
7.171256 -2.4969907 0.0222812 0.2710994 -0.0098719 -0.7363127 -0.0069580 0.6765336
7.483251 -2.7436225 0.0254127 0.2480857 -0.0126097 -0.7366097 -0.0134587 0.6760665
7.795131 -2.9870732 0.0291913 0.2253050 -0.0100917 -0.7368860 -0.0125263 0.6758256
8.107005 -3.2281027 0.0323628 0.2028825 -0.0075534 -0.7367100 -0.0119447 0.6760612
8.522877 -3.5484550 0.0356728 0.1745628 -0.0088433 -0.7361196 -0.0135299 0.6766584
8.834756 -3.7878482 0.0399493 0.1535430 -0.0118403 -0.7357823 -0.0166766 0.6769092
9.146631 -4.0258317 0.0438989 0.1315849 -0.0063128 -0.7355627 -0.0142661 0.6772770
9.458529 -4.2620358 0.0469557 0.1105939 -0.0044839 -0.7364212 -0.0105009 0.6764269
9.770380 -4.4971013 0.0484492 0.0897029 -0.0098176 -0.7379485 -0.0109011 0.6746975
10.082130 -4.7274022 0.0503704 0.0669822 -0.0089611 -0.7394369 -0.0112308 0.6730726
10.393880 -4.9540215 0.0524853 0.0418496 -0.0042605 -0.7405642 -0.0133838 0.6718389
10.705630 -5.1768007 0.0536920 0.0183452 -0.0039674 -0.7413411 -0.0145143 0.6709598
11.017510 -5.3961353 0.0565865 -0.0037732 -0.0078350 -0.7418480 -0.0167082 0.6703141
11.329280 -5.6092634 0.0594323 -0.0258645 -0.0081949 -0.7424440 -0.0163801 0.6696577
11.745130 -5.8771896 0.0626513 -0.0542582 -0.0039188 -0.7413737 -0.0138680 0.6709377
12.057260 -6.0627251 0.0638728 -0.0712251 -0.0057045 -0.7355717 -0.0146668 0.6772641
12.265510 -6.1789913 0.0648908 -0.0782723 -0.0056952 -0.7286684 -0.0167452 0.6846382
12.578130 -6.3412991 0.0665548 -0.0814784 -0.0050972 -0.7094005 -0.0195921 0.7045148
12.891130 -6.4851136 0.0690906 -0.0690506 -0.0063853 -0.6774454 -0.0173887 0.7353398
13.204380 -6.6119876 0.0699871 -0.0423588 -0.0081078 -0.6300961 -0.0162949 0.7763039
13.413260 -6.6886311 0.0695921 -0.0139104 -0.0107169 -0.5897132 -0.0106316 0.8074716
13.726510 -6.7960329 0.0708581 0.0462070 -0.0119559 -0.5203345 -0.0041682 0.8538686
13.935130 -6.8622322 0.0717559 0.0959895 -0.0150858 -0.4733139 -0.0000752 0.8807647
14.143650 -6.9209433 0.0719696 0.1528871 -0.0169642 -0.4251956 0.0061334 0.9049217
14.352150 -6.9746618 0.0729604 0.2140687 -0.0070653 -0.3738957 0.0074116 0.9274142
14.560630 -7.0247617 0.0732730 0.2848675 -0.0005370 -0.3184193 0.0065338 0.9479273
14.769010 -7.0706615 0.0727262 0.3677831 0.0020623 -0.2621529 0.0054951 0.9650085
14.977150 -7.1112437 0.0709175 0.4607420 0.0017057 -0.2117103 0.0016946 0.9773295
15.185010 -7.1484141 0.0697625 0.5624969 0.0026192 -0.1703357 -0.0035095 0.9853764
15.392480 -7.1804986 0.0680147 0.6737347 0.0006792 -0.1419398 -0.0032711 0.9898697
15.599910 -7.2098408 0.0676038 0.7925735 -0.0015381 -0.1218280 -0.0043919 0.9925403
15.807320 -7.2383680 0.0668914 0.9170704 -0.0024755 -0.1072332 -0.0086132 0.9941935
16.014760 -7.2641454 0.0662639 1.0497278 -0.0023963 -0.0936336 -0.0079554 0.9955720
16.222360 -7.2871723 0.0659935 1.1877282 -0.0029636 -0.0790779 -0.0088187 0.9968250
16.429890 -7.3069701 0.0647659 1.3299636 0.0011315 -0.0671110 -0.0095832 0.9976988
16.637520 -7.3250141 0.0635541 1.4780095 0.0042420 -0.0581727 -0.0089139 0.9982577
16.845140 -7.3431377 0.0608873 1.6315736 -0.0029632 -0.0522572 -0.0116426 0.9985614
17.052630 -7.3594537 0.0594874 1.7850950 -0.0042090 -0.0484014 -0.0114913 0.9987530
17.260280 -7.3739800 0.0579071 1.9375635 -0.0049626 -0.0454442 -0.0111551 0.9988922
17.467890 -7.3864779 0.0573024 2.0892463 -0.0069987 -0.0428837 -0.0085782 0.9990187
17.675510 -7.3998995 0.0557086 2.2394681 -0.0016069 -0.0406608 -0.0099060 0.9991226
17.987010 -7.4185953 0.0523201 2.4627488 0.0034866 -0.0381453 -0.0112553 0.9992027
18.298510 -7.4368377 0.0483091 2.6875203 -0.0018245 -0.0344266 -0.0134543 0.9993150
18.610130 -7.4517264 0.0450757 2.9080472 -0.0009900 -0.0327076 -0.0108668 0.9994054
18.921640 -7.4664578 0.0422791 3.1313536 -0.0009569 -0.0316278 -0.0113858 0.9994344
19.233260 -7.4817319 0.0402259 3.3571172 -0.0005298 -0.0334964 -0.0099453 0.9993892
19.544760 -7.5016923 0.0369072 3.5838916 0.0022254 -0.0375253 -0.0129710 0.9992090
19.856260 -7.5216599 0.0330862 3.8154554 0.0041130 -0.0408796 -0.0128853 0.9990726
20.167930 -7.5431542 0.0286229 4.0528874 0.0009010 -0.0434449 -0.0114694 0.9989896
20.479750 -7.5660830 0.0259240 4.2961679 -0.0025559 -0.0425170 -0.0126511 0.9990124
20.791530 -7.5867257 0.0237453 4.5409746 0.0000136 -0.0400362 -0.0097198 0.9991509
21.103270 -7.6056595 0.0202354 4.7852235 -0.0026252 -0.0383468 -0.0060055 0.9992430
21.415040 -7.6254096 0.0171488 5.0253901 0.0020403 -0.0370811 -0.0079422 0.9992786
21.726890 -7.6443868 0.0105525 5.2627621 0.0080108 -0.0358489 -0.0111368 0.9992630
22.038660 -7.6618867 0.0050006 5.4982862 -0.0034537 -0.0367082 -0.0081459 0.9992868
22.350390 -7.6788182 0.0016233 5.7272811 0.0000368 -0.0405304 -0.0041123 0.9991698
22.558370 -7.6930380 -0.0016900 5.8775654 0.0029954 -0.0435699 -0.0061683 0.9990268
22.766140 -7.7075462 -0.0053142 6.0259252 0.0068020 -0.0472097 -0.0075562 0.9988332
22.974020 -7.7237129 -0.0091673 6.1721382 0.0061089 -0.0507275 -0.0113583 0.9986293
23.181990 -7.7401261 -0.0130776 6.3174920 0.0004389 -0.0549771 -0.0126660 0.9984072
23.389770 -7.7580109 -0.0147742 6.4585066 -0.0016614 -0.0607185 -0.0123181 0.9980775
23.597640 -7.7772036 -0.0165179 6.5975580 -0.0033183 -0.0669452 -0.0114897 0.9976850
23.805540 -7.7991385 -0.0183199 6.7331705 -0.0008252 -0.0729094 -0.0148905 0.9972271
24.013390 -7.8206654 -0.0202445 6.8675466 0.0014005 -0.0787329 -0.0152630 0.9967779
24.221270 -7.8442788 -0.0213915 7.0007334 -0.0029950 -0.0842771 -0.0159878 0.9963096
24.429140 -7.8676929 -0.0235133 7.1300411 -0.0023838 -0.0911800 -0.0144751 0.9957263
24.636890 -7.8938375 -0.0249803 7.2580547 0.0019295 -0.1000784 -0.0123733 0.9949008
24.844640 -7.9233518 -0.0265471 7.3861609 -0.0024409 -0.1111381 -0.0118867 0.9937309
25.052390 -7.9550943 -0.0276465 7.5116658 -0.0079626 -0.1230878 -0.0123144 0.9922875
25.364010 -8.0083218 -0.0282172 7.6935081 0.0019279 -0.1413794 -0.0135686 0.9898606
25.571790 -8.0472412 -0.0292277 7.8157792 -0.0043343 -0.1536715 -0.0127482 0.9880303
25.779520 -8.0894165 -0.0298763 7.9361172 -0.0061750 -0.1663601 -0.0111759 0.9859824
25.987390 -8.1340513 -0.0305273 8.0540895 -0.0007014 -0.1768539 -0.0090644 0.9841951
26.299290 -8.2051477 -0.0331718 8.2311077 0.0036190 -0.1888642 -0.0103852 0.9819416
26.507020 -8.2557297 -0.0340676 8.3501272 -0.0008410 -0.1971444 -0.0096849 0.9803263
26.818890 -8.3356619 -0.0354411 8.5263920 -0.0051601 -0.2069122 -0.0184863 0.9781712
27.026890 -8.3876905 -0.0353126 8.6421232 0.0018494 -0.2127264 -0.0140692 0.9770088
27.338640 -8.4723473 -0.0365783 8.8178921 -0.0015874 -0.2201076 -0.0180844 0.9753067
27.546520 -8.5303040 -0.0382650 8.9346685 0.0022369 -0.2253213 -0.0162447 0.9741465
27.754390 -8.5893459 -0.0396617 9.0504179 0.0064897 -0.2304607 -0.0162831 0.9729238
28.066150 -8.6796083 -0.0430662 9.2225571 0.0034351 -0.2373942 -0.0185779 0.9712297
28.274040 -8.7403145 -0.0454140 9.3358412 0.0035889 -0.2421358 -0.0164192 0.9700968
28.585770 -8.8322659 -0.0482055 9.5019073 0.0034410 -0.2491315 -0.0172593 0.9683098
28.793670 -8.8931332 -0.0509035 9.6091175 0.0073422 -0.2538888 -0.0152431 0.9670854
29.105390 -8.9848032 -0.0550450 9.7673674 0.0023452 -0.2597926 -0.0160136 0.9655288
29.417270 -9.0740185 -0.0565926 9.9194803 -0.0052372 -0.2645110 -0.0131288 0.9642791
29.729040 -9.1590757 -0.0576894 10.0595398 -0.0017864 -0.2693575 -0.0112875 0.9629725
30.040770 -9.2390366 -0.0590347 10.1874952 -0.0030261 -0.2728059 -0.0101462 0.9620109
30.352400 -9.3103027 -0.0597067 10.3007364 -0.0032023 -0.2763973 -0.0078261 0.9610063
30.664040 -9.3748646 -0.0619061 10.3974504 0.0011713 -0.2804478 -0.0059419 0.9598502
30.975650 -9.4319010 -0.0631133 10.4821358 -0.0006598 -0.2889029 -0.0058515 0.9573403
31.287140 -9.4837742 -0.0642163 10.5533781 -0.0072274 -0.2990597 -0.0106653 0.9541474
31.598390 -9.5278378 -0.0642423 10.6120796 -0.0101472 -0.3159625 -0.0062827 0.9486966
31.909520 -9.5695171 -0.0650236 10.6572380 -0.0089152 -0.3432972 -0.0069785 0.9391586
32.220650 -9.6083736 -0.0651919 10.6920834 -0.0012890 -0.3745519 -0.0067249 0.9271807
32.531770 -9.6491060 -0.0647899 10.7236204 0.0004359 -0.4075560 -0.0098933 0.9131265
32.842900 -9.6925240 -0.0648174 10.7517853 -0.0026652 -0.4461935 -0.0119396 0.8948529
33.154020 -9.7390947 -0.0641465 10.7740002 -0.0041485 -0.4863397 -0.0171021 0.8735926
33.465270 -9.7870474 -0.0645079 10.7912779 -0.0049840 -0.5274652 -0.0212197 0.8492970
33.776420 -9.8434353 -0.0640197 10.8061104 -0.0014637 -0.5752934 -0.0187473 0.8177310
34.087400 -9.9143152 -0.0624496 10.8158417 -0.0009388 -0.6298941 -0.0168232 0.7764983
34.398420 -9.9979172 -0.0605515 10.8144445 -0.0020648 -0.6868774 -0.0166505 0.7265797
34.709660 -10.0913448 -0.0578513 10.8023443 -0.0081817 -0.7434597 -0.0154800 0.6685515
35.021020 -10.1961069 -0.0536933 10.7718945 -0.0117751 -0.7936616 -0.0147087 0.6080676
35.228670 -10.2694559 -0.0510437 10.7414942 -0.0155840 -0.8231273 -0.0121768 0.5675123
35.436400 -10.3446140 -0.0489707 10.7016258 -0.0189741 -0.8488175 -0.0104558 0.5282419
35.644400 -10.4226151 -0.0458226 10.6522284 0.0201294 0.8698585 0.0096576 -0.4927958
35.852770 -10.5041199 -0.0430464 10.5931377 0.0191054 0.8843078 0.0097933 -0.4664105
36.061290 -10.5906839 -0.0401174 10.5269785 0.0176077 0.8931120 0.0102568 -0.4493726
36.269900 -10.6810913 -0.0371639 10.4555864 0.0191241 0.8988969 0.0102178 -0.4376234
36.478420 -10.7750454 -0.0341496 10.3779869 0.0192138 0.9027516 0.0110473 -0.4295908
36.686900 -10.8734846 -0.0308155 10.2949619 0.0194420 0.9054601 0.0113825 -0.4238331
36.895150 -10.9765310 -0.0272567 10.2072115 0.0206133 0.9069718 0.0113313 -0.4205341
37.103550 -11.0832644 -0.0230515 10.1159096 0.0207890 0.9073969 0.0110288 -0.4196154
37.311780 -11.1945839 -0.0194452 10.0208492 0.0208168 0.9078354 0.0100861 -0.4186883
37.520030 -11.3098621 -0.0152696 9.9207535 0.0209178 0.9081149 0.0118830 -0.4180295
37.832280 -11.4894371 -0.0089199 9.7660475 0.0210514 0.9088199 0.0117023 -0.4164929
38.144280 -11.6758451 -0.0025908 9.6041117 0.0232953 0.9093454 0.0094929 -0.4152808
38.456150 -11.8670931 0.0021915 9.4362049 0.0204806 0.9102194 0.0051519 -0.4135876
38.768150 -12.0631275 0.0062674 9.2617378 0.0187976 0.9100606 0.0080183 -0.4139712
39.079900 -12.2639151 0.0108218 9.0855389 0.0214358 0.9103023 0.0097970 -0.4132726
39.391750 -12.4615650 0.0155356 8.9094353 0.0210831 0.9102934 0.0108882 -0.4132830
39.703630 -12.6600742 0.0216077 8.7345905 0.0214827 0.9106094 0.0116456 -0.4125450
40.015280 -12.8561621 0.0271550 8.5606813 0.0223505 0.9112208 0.0106123 -0.4111745
40.326930 -13.0503540 0.0325527 8.3865547 0.0214672 0.9117479 0.0097813 -0.4100722
40.638670 -13.2431135 0.0374080 8.2132616 0.0188686 0.9116373 0.0110274 -0.4104142
40.950400 -13.4363737 0.0420135 8.0408268 0.0175903 0.9106585 0.0102103 -0.4126591
41.262460 -13.6313019 0.0471178 7.8696690 0.0236429 0.9097313 0.0149612 -0.4142538
41.469820 -13.7598124 0.0514252 7.7571592 0.0232257 0.9096078 0.0137776 -0.4145895
41.677410 -13.8878078 0.0558422 7.6454458 0.0224213 0.9096892 0.0115320 -0.4145235
41.885060 -14.0146065 0.0601385 7.5338736 0.0234367 0.9097303 0.0134097 -0.4143207
42.092740 -14.1405277 0.0640535 7.4236898 0.0233746 0.9100918 0.0117168 -0.4135810
42.300170 -14.2661800 0.0681328 7.3133140 0.0244195 0.9103912 0.0141314 -0.4127855
42.611550 -14.4507141 0.0750366 7.1494598 0.0259813 0.9107485 0.0144606 -0.4118895
42.819190 -14.5724106 0.0792740 7.0412083 0.0245661 0.9109136 0.0137002 -0.4116372
43.026850 -14.6937275 0.0834827 6.9327049 0.0228052 0.9106115 0.0138541 -0.4124011
43.234430 -14.8151312 0.0876755 6.8249202 0.0215918 0.9103143 0.0147758 -0.4130901
43.442050 -14.9356785 0.0914058 6.7188077 0.0210203 0.9101062 0.0144527 -0.4135890
43.753650 -15.1148396 0.0973559 6.5620465 0.0229155 0.9096583 0.0135835 -0.4145023
43.961280 -15.2323647 0.1004886 6.4592686 0.0225317 0.9095031 0.0125900 -0.4148951
44.169050 -15.3483181 0.1036084 6.3579702 0.0221199 0.9091726 0.0096221 -0.4157202
44.480540 -15.5188599 0.1073632 6.2090135 0.0207443 0.9089556 0.0114181 -0.4162198
44.792180 -15.6832876 0.1109617 6.0663471 0.0206823 0.9089603 0.0109183 -0.4162261
45.103550 -15.8395405 0.1149331 5.9303441 0.0205989 0.9090590 0.0114349 -0.4160008
45.415240 -15.9917221 0.1185885 5.7980027 0.0224977 0.9091086 0.0138533 -0.4157206
45.726540 -16.1352177 0.1225837 5.6737270 0.0249102 0.9094688 0.0139692 -0.4147900
46.038180 -16.2686443 0.1268012 5.5552850 0.0263661 0.9104200 0.0127024 -0.4126486
46.349680 -16.3942413 0.1300425 5.4418368 0.0298055 0.9148526 0.0101376 -0.4025589
46.660970 -16.5092087 0.1342597 5.3291445 0.0333269 0.9231618 0.0089811 -0.3828589
46.971930 -16.6101761 0.1365973 5.2148070 0.0376737 0.9357224 0.0076405 -0.3506365
47.282920 -16.6927891 0.1393739 5.0980344 0.0342361 0.9514743 0.0106472 -0.3056323
47.593870 -16.7544003 0.1415400 4.9790154 0.0318186 0.9686210 0.0128741 -0.2461612
47.904910 -16.7938232 0.1427527 4.8596010 0.0176799 0.9838449 0.0124628 -0.1777114
48.216060 -16.8170338 0.1426527 4.7375374 0.0134665 0.9944021 0.0106956 -0.1042538
48.527420 -16.8203316 0.1441764 4.6132431 0.0049461 0.9994510 0.0160195 -0.0285754
48.734910 -16.8123970 0.1452657 4.5319052 0.0060648 0.9995687 0.0175022 0.0227876
48.942530 -16.7982979 0.1453133 4.4525623 0.0126311 0.9970428 0.0159221 0.0741117
49.150280 -16.7745419 0.1456667 4.3758116 0.0133150 0.9920840 0.0139180 0.1240900
49.357910 -16.7447433 0.1479301 4.3014936 0.0167500 0.9843866 0.0128857 0.1747468
49.565780 -16.7058544 0.1482500 4.2280993 0.0160587 0.9752913 0.0132424 0.2199404
49.773780 -16.6603584 0.1489578 4.1551318 0.0155915 0.9656083 0.0172349 0.2589603
49.982180 -16.6097336 0.1493526 4.0828791 0.0173376 0.9568627 0.0194179 0.2893719
50.190690 -16.5542374 0.1501406 4.0117955 0.0158984 0.9497776 0.0192782 0.3119263
50.399300 -16.4947662 0.1510402 3.9393129 0.0151252 0.9449160 0.0183972 0.3264453
50.608030 -16.4325562 0.1515665 3.8654943 0.0134662 0.9416883 0.0162408 0.3358244
50.816730 -16.3665409 0.1525730 3.7882562 0.0148264 0.9395417 0.0156996 0.3417531
51.025280 -16.2974777 0.1531152 3.7087593 0.0155422 0.9382666 0.0149169 0.3452415
51.233800 -16.2242966 0.1534799 3.6264653 0.0122541 0.9375877 0.0131754 0.3472830
51.442160 -16.1482887 0.1546334 3.5378299 0.0154911 0.9374493 0.0148887 0.3474582
51.650530 -16.0686169 0.1547518 3.4462667 0.0145785 0.9376770 0.0119025 0.3469980
51.858780 -15.9852409 0.1555553 3.3505597 0.0156040 0.9378815 0.0062614 0.3465483
52.066910 -15.8974094 0.1543301 3.2483048 0.0156287 0.9381003 0.0076943 0.3459254
52.275030 -15.8037672 0.1538872 3.1419005 0.0104401 0.9381680 0.0078005 0.3459348
52.483160 -15.7077236 0.1543916 3.0304618 0.0090078 0.9380808 0.0096574 0.3461648
52.691180 -15.6055298 0.1545427 2.9126043 0.0069907 0.9381681 0.0123169 0.3458902
53.003160 -15.4484196 0.1558180 2.7302747 0.0080216 0.9378611 0.0101993 0.3467681
53.315160 -15.2848167 0.1577843 2.5383296 0.0102833 0.9378029 0.0148470 0.3466982
53.627040 -15.1155863 0.1589243 2.3412414 0.0152392 0.9378589 0.0112033 0.3465010
53.938910 -14.9408512 0.1586456 2.1378894 0.0130112 0.9381513 0.0131390 0.3457314
54.250800 -14.7665577 0.1596508 1.9336677 0.0184176 0.9383665 0.0178069 0.3446912
54.562530 -14.5939541 0.1615935 1.7285485 0.0206645 0.9381198 0.0263636 0.3446872
54.874290 -14.4237957 0.1644488 1.5319419 0.0234213 0.9387149 0.0177013 0.3434421
55.185920 -14.2549162 0.1648154 1.3341537 0.0235657 0.9391936 0.0188373 0.3420603
55.497680 -14.0903091 0.1650731 1.1410561 0.0199732 0.9412747 0.0186460 0.3365344
55.809690 -13.9367762 0.1664716 0.9483242 0.0196649 0.9471697 0.0188481 0.3195740
56.122050 -13.7974358 0.1695267 0.7470145 0.0224253 0.9566888 0.0232944 0.2893114
56.330510 -13.7162704 0.1722418 0.6088428 0.0255549 0.9648314 0.0246591 0.2604599
56.538940 -13.6434422 0.1747937 0.4667192 0.0280361 0.9728732 0.0248089 0.2282899
56.747290 -13.5811739 0.1771735 0.3232002 0.0312569 0.9800585 0.0159651 0.1955850
56.955550 -13.5276823 0.1779439 0.1792941 0.0278080 0.9861391 0.0117656 0.1631505
57.163560 -13.4849625 0.1771994 0.0309632 0.0274546 0.9902758 0.0109167 0.1359447
57.371290 -13.4481430 0.1774325 -0.1202412 0.0284956 0.9928479 0.0107053 0.1154403
57.579070 -13.4160423 0.1782358 -0.2749870 0.0266426 0.9948680 0.0144247 0.0965389
57.786690 -13.3892870 0.1798280 -0.4321941 0.0261837 0.9964229 0.0120705 0.0794361
57.994890 -13.3677692 0.1817298 -0.5922216 0.0307654 0.9971829 0.0124560 0.0672652
58.201850 -13.3479977 0.1845859 -0.7578284 0.0347351 0.9972296 0.0217820 0.0620653
58.409230 -13.3265886 0.1886051 -0.9248795 0.0324141 0.9974096 0.0204535 0.0608682
58.616560 -13.3029699 0.1927799 -1.0957695 0.0258566 0.9977153 0.0166076 0.0601649
58.824030 -13.2795773 0.1964854 -1.2698030 0.0222624 0.9977797 0.0173788 0.0603159
59.031700 -13.2564831 0.1993807 -1.4474325 0.0209083 0.9977338 0.0185859 0.0611938
59.239170 -13.2329168 0.2031635 -1.6267731 0.0192471 0.9977268 0.0168272 0.0623511
59.446780 -13.2088118 0.2057784 -1.8071173 0.0164973 0.9977850 0.0152540 0.0626111
59.654550 -13.1849852 0.2082858 -1.9897102 0.0147011 0.9979050 0.0155558 0.0610541
59.862460 -13.1614780 0.2113247 -2.1712742 0.0138282 0.9980135 0.0156771 0.0594313
60.069690 -13.1390724 0.2135166 -2.3498921 0.0135176 0.9980465 0.0177141 0.0583667
60.381050 -13.1059399 0.2174103 -2.6147311 0.0125112 0.9981749 0.0165456 0.0567152
60.588540 -13.0843611 0.2191365 -2.7910476 0.0123319 0.9982493 0.0161465 0.0555483
60.797000 -13.0638018 0.2212612 -2.9667130 0.0111838 0.9983591 0.0174071 0.0533946
61.003920 -13.0439682 0.2235759 -3.1414857 0.0103971 0.9985335 0.0168497 0.0503864
61.211580 -13.0242453 0.2260812 -3.3154180 0.0094998 0.9987045 0.0169719 0.0470215
61.419200 -13.0091648 0.2288907 -3.4810553 0.0095773 0.9987991 0.0182473 0.0444477
61.626790 -12.9942322 0.2316016 -3.6468215 0.0098886 0.9989015 0.0180215 0.0421088
61.834510 -12.9802074 0.2340093 -3.8118238 0.0097313 0.9989764 0.0176706 0.0404869
62.042070 -12.9653463 0.2367330 -3.9765179 0.0087117 0.9990399 0.0171803 0.0393480
62.249910 -12.9515495 0.2386466 -4.1383395 0.0082471 0.9991161 0.0135290 0.0389369
62.457420 -12.9386473 0.2394461 -4.3002110 0.0090347 0.9990842 0.0136928 0.0395169
62.665290 -12.9246111 0.2409318 -4.4590979 0.0109405 0.9990275 0.0147878 0.0400713
62.872800 -12.9104557 0.2427506 -4.6190500 0.0116544 0.9989803 0.0153819 0.0408142
63.080660 -12.8967781 0.2440359 -4.7765779 0.0110566 0.9989524 0.0150444 0.0417793
63.288240 -12.8824091 0.2453348 -4.9324193 0.0125888 0.9988508 0.0139703 0.0440844
63.495820 -12.8669968 0.2458800 -5.0871224 0.0120073 0.9987527 0.0130902 0.0466634
63.703640 -12.8515501 0.2469394 -5.2393656 0.0117305 0.9986899 0.0128885 0.0481113
63.911420 -12.8352909 0.2477448 -5.3900204 0.0102475 0.9986851 0.0149000 0.0479684
64.119460 -12.8198709 0.2483326 -5.5358715 0.0092353 0.9987472 0.0156285 0.0466302
64.327430 -12.8057861 0.2494415 -5.6783791 0.0080713 0.9988937 0.0156497 0.0436044
64.535560 -12.7945948 0.2504528 -5.8139319 0.0087058 0.9991453 0.0157031 0.0372320
64.743580 -12.7846031 0.2504802 -5.9410768 0.0105338 0.9993821 0.0169492 0.0289326
65.055500 -12.7781782 0.2517777 -6.1221876 0.0139536 0.9995880 0.0179240 0.0175481
65.367480 -12.7755899 0.2539979 -6.2844782 0.0154963 0.9996977 0.0173116 0.0080466
65.679310 -12.7757425 0.2561179 -6.4256644 0.0176710 0.9996947 0.0172585 0.0005998
65.991170 -12.7763624 0.2571188 -6.5461164 0.0184538 0.9996371 0.0189805 -0.0049886
66.199080 -12.7780495 0.2581996 -6.6141753 0.0204271 0.9995781 0.0193500 -0.0072028
66.303070 -12.7788000 0.2588945 -6.6441760 0.0207754 0.9995599 0.0197086 -0.0077481
66.512930 -12.7798195 0.2585803 -6.6969371 0.0204661 0.9995373 0.0210974 -0.0078208
66.926760 -12.7782955 0.2596655 -6.7731986 0.0171353 0.9996542 0.0194660 -0.0043628
76.286810 -12.7412319 0.2628403 -7.0035486 0.0102828 0.9920899 0.0121824 0.1245130
76.598340 -12.7267599 0.2633389 -7.0364981 0.0110433 0.9875447 0.0142773 0.1562999
76.909690 -12.7058640 0.2639747 -7.0756402 0.0110205 0.9808325 0.0173308 0.1937677
77.220840 -12.6786661 0.2643465 -7.1188097 0.0122329 0.9705752 0.0211711 0.2395536
77.531820 -12.6396322 0.2650994 -7.1663179 0.0108476 0.9537849 0.0183915 0.2997304
77.842690 -12.5802221 0.2664035 -7.2235241 0.0149936 0.9276546 0.0158363 0.3728021
78.153970 -12.4929371 0.2670148 -7.2855520 0.0166916 0.8951886 0.0148482 0.4451273
78.465430 -12.3763351 0.2676165 -7.3440766 0.0158708 0.8566725 0.0198076 0.5152360
78.673060 -12.2852621 0.2686375 -7.3789372 0.0172185 0.8267115 0.0253677 0.5617900
78.880800 -12.1811352 0.2694664 -7.4059019 0.0167843 0.7954226 0.0289588 0.6051302
79.088830 -12.0658293 0.2705855 -7.4249907 0.0184789 0.7650198 0.0305325 0.6430172
79.297060 -11.9385033 0.2717859 -7.4355693 0.0190189 0.7406510 0.0285126 0.6710152
79.505690 -11.8009348 0.2722073 -7.4404678 0.0205581 0.7240991 0.0262802 0.6888884
79.714470 -11.6521063 0.2721411 -7.4431205 0.0220946 0.7130118 0.0261106 0.7003172
79.923050 -11.4971170 0.2713284 -7.4395695 0.0255654 0.7032154 0.0248344 0.7100830
80.131680 -11.3327179 0.2688716 -7.4321237 0.0257153 0.6938332 0.0221913 0.7193342
80.340300 -11.1592445 0.2653750 -7.4217482 0.0225506 0.6885524 0.0190176 0.7245864
80.548940 -10.9762583 0.2633599 -7.4093337 0.0212098 0.6877016 0.0178469 0.7254640
80.757320 -10.7859058 0.2608076 -7.3961415 0.0213190 0.6864414 0.0190851 0.7266220
80.965550 -10.5885448 0.2585225 -7.3817158 0.0215675 0.6833138 0.0187580 0.7295651
81.173790 -10.3852549 0.2561588 -7.3660851 0.0213451 0.6798310 0.0183009 0.7328296
81.381810 -10.1766052 0.2530331 -7.3468328 0.0198747 0.6763366 0.0211945 0.7360194
81.589930 -9.9628048 0.2504008 -7.3271918 0.0193061 0.6739690 0.0220213 0.7381790
81.798060 -9.7433023 0.2487217 -7.3045588 0.0196775 0.6748449 0.0205675 0.7374105
82.006180 -9.5207033 0.2456004 -7.2830148 0.0187651 0.6756105 0.0229587 0.7366622
82.214180 -9.2989597 0.2422362 -7.2609863 0.0182806 0.6764798 0.0241243 0.7358389
82.422200 -9.0789890 0.2388607 -7.2409067 0.0185584 0.6770105 0.0234311 0.7353662
82.630180 -8.8611717 0.2356882 -7.2209210 0.0191058 0.6776648 0.0223243 0.7347836
82.838070 -8.6413412 0.2319021 -7.2012191 0.0175431 0.6783614 0.0238235 0.7341325
83.046050 -8.4241352 0.2297508 -7.1834087 0.0190002 0.6787779 0.0225083 0.7337525
83.253960 -8.2083149 0.2259727 -7.1648979 0.0182375 0.6792697 0.0223500 0.7333216
83.461930 -7.9930592 0.2233674 -7.1477280 0.0154979 0.6795119 0.0234918 0.7331245
83.669810 -7.7812886 0.2207153 -7.1298161 0.0150821 0.6799214 0.0213238 0.7328197
83.773690 -7.6753769 0.2187281 -7.1210613 0.0150831 0.6800614 0.0211560 0.7326946
83.981560 -7.4645767 0.2166138 -7.1047339 0.0141894 0.6802478 0.0217481 0.7325220
84.189660 -7.2548304 0.2154966 -7.0884523 0.0163772 0.6804734 0.0216361 0.7322701
84.500970 -6.9416466 0.2113648 -7.0645375 0.0181334 0.6787314 0.0235102 0.7337862
84.708560 -6.7359929 0.2078350 -7.0477757 0.0171272 0.6762151 0.0235774 0.7361276
84.916060 -6.5326405 0.2047456 -7.0276985 0.0168528 0.6743082 0.0214320 0.7379466
85.123720 -6.3299174 0.2021033 -7.0079732 0.0163053 0.6724997 0.0215292 0.7396045
85.331180 -6.1311207 0.1995580 -6.9879055 0.0158441 0.6712518 0.0219991 0.7407334
85.538870 -5.9343462 0.1966988 -6.9671650 0.0146369 0.6705421 0.0218957 0.7414038
85.746450 -5.7410274 0.1941963 -6.9468746 0.0140504 0.6709214 0.0208330 0.7411025
85.954220 -5.5481067 0.1916642 -6.9271641 0.0141361 0.6721471 0.0211566 0.7399803
86.161940 -5.3570843 0.1896274 -6.9093680 0.0170069 0.6737248 0.0226209 0.7384403
86.369740 -5.1683207 0.1865457 -6.8928604 0.0183987 0.6753433 0.0241427 0.7368786
86.577490 -4.9801822 0.1841318 -6.8764968 0.0169128 0.6769579 0.0250514 0.7354009
86.785510 -4.7927485 0.1824138 -6.8603525 0.0166029 0.6786606 0.0235701 0.7338859
86.992950 -4.6059413 0.1800879 -6.8455744 0.0179273 0.6799769 0.0211927 0.7327080
87.200570 -4.4202485 0.1773303 -6.8310599 0.0192041 0.6809998 0.0206480 0.7317405
87.408330 -4.2347083 0.1735974 -6.8175797 0.0174878 0.6810517 0.0223734 0.7316844
87.616060 -4.0506611 0.1714024 -6.8034883 0.0145127 0.6805440 0.0212285 0.7322558
87.823570 -3.8683500 0.1690004 -6.7884007 0.0119460 0.6802874 0.0179758 0.7326277
88.031060 -3.6876707 0.1664512 -6.7732859 0.0111478 0.6799639 0.0157417 0.7329918
88.238710 -3.5076571 0.1641800 -6.7576933 0.0121911 0.6795822 0.0147785 0.7333491
88.550190 -3.2373095 0.1616158 -6.7366481 0.0109171 0.6784432 0.0211776 0.7342665
88.757820 -3.0621476 0.1597570 -6.7217755 0.0147704 0.6779752 0.0193786 0.7346808
88.965560 -2.8872046 0.1578294 -6.7068877 0.0154878 0.6776121 0.0186527 0.7350197
89.173320 -2.7123091 0.1540854 -6.6917801 0.0172292 0.6775322 0.0187012 0.7350534
89.381180 -2.5385876 0.1504625 -6.6771817 0.0200260 0.6778514 0.0192570 0.7346738
89.692870 -2.2800143 0.1453773 -6.6555214 0.0185489 0.6788552 0.0230269 0.7336766
90.004580 -2.0245695 0.1411301 -6.6343865 0.0178161 0.6801090 0.0209887 0.7325939
90.212510 -1.8572227 0.1385310 -6.6207805 0.0164225 0.6810678 0.0218862 0.7317089
90.420320 -1.6907847 0.1369151 -6.6083021 0.0173191 0.6816208 0.0222595 0.7311618
90.732220 -1.4519707 0.1330772 -6.5906959 0.0154205 0.6825131 0.0218563 0.7303838
91.044070 -1.2230413 0.1296650 -6.5744052 0.0130663 0.6830226 0.0218615 0.7299531
91.355930 -1.0140771 0.1275300 -6.5598140 0.0141479 0.6805461 0.0212691 0.7322599
91.667690 -0.8207359 0.1245961 -6.5429368 0.0133594 0.6754607 0.0188167 0.7370348
91.979540 -0.6434524 0.1204626 -6.5222678 0.0169205 0.6654892 0.0186976 0.7459814
92.291780 -0.4832537 0.1168332 -6.4960713 0.0173039 0.6510848 0.0185249 0.7585815
92.498710 -0.3871882 0.1145980 -6.4768281 0.0166403 0.6386958 0.0187275 0.7690514
92.706330 -0.2969553 0.1123823 -6.4535637 0.0156168 0.6236290 0.0154221 0.7814122
93.017610 -0.1701286 0.1088724 -6.4136343 0.0147398 0.5964633 0.0145393 0.8023733
93.328690 -0.0562847 0.1055475 -6.3652396 0.0171538 0.5589680 0.0115914 0.8289307
93.639690 0.0463457 0.1009100 -6.3064175 0.0187855 0.5034485 0.0141298 0.8637055
93.950650 0.1343219 0.0944777 -6.2343121 0.0161594 0.4346965 0.0089096 0.9003879
94.158110 0.1870062 0.0914502 -6.1802149 0.0192573 0.3865235 0.0102476 0.9220216
94.365720 0.2304912 0.0885360 -6.1196027 0.0145248 0.3389656 0.0037401 0.9406792
94.573250 0.2702627 0.0859843 -6.0548420 0.0090552 0.2892570 0.0020446 0.9572065
94.780820 0.3031611 0.0831165 -5.9856749 0.0024102 0.2398945 0.0032488 0.9707906
94.988570 0.3259995 0.0817950 -5.9120836 -0.0031915 0.1912763 -0.0037168 0.9815240
95.196460 0.3455569 0.0807505 -5.8374524 -0.0014174 0.1448821 -0.0036309 0.9894413
95.300440 0.3530005 0.0804383 -5.7985487 -0.0010666 0.1250213 -0.0038764 0.9921459
95.612820 0.3677602 0.0793354 -5.6774702 -0.0011072 0.0754396 -0.0104089 0.9970954
95.821210 0.3752452 0.0779512 -5.5912547 -0.0023074 0.0539192 -0.0110824 0.9984812
96.029700 0.3812364 0.0771542 -5.5024657 -0.0010414 0.0371629 -0.0095618 0.9992629
96.238190 0.3843289 0.0760870 -5.4084740 -0.0002778 0.0228713 -0.0103753 0.9996845
96.446460 0.3850300 0.0753446 -5.3088441 -0.0000383 0.0092596 -0.0097057 0.9999100
96.654710 0.3833034 0.0744843 -5.2035394 0.0001044 -0.0042101 -0.0083785 0.9999560
96.863080 0.3787304 0.0730185 -5.0921779 0.0013128 -0.0133313 -0.0097462 0.9998628
97.071450 0.3735158 0.0722062 -4.9752522 0.0023096 -0.0184176 -0.0096073 0.9997815
97.279720 0.3670964 0.0705254 -4.8523016 0.0018060 -0.0212538 -0.0092298 0.9997299
97.487940 0.3609601 0.0687403 -4.7252469 -0.0003359 -0.0242673 -0.0076274 0.9996763
97.696240 0.3528685 0.0670382 -4.5966210 -0.0026096 -0.0273634 -0.0070218 0.9995975
98.008320 0.3392785 0.0652657 -4.4044075 -0.0039418 -0.0323181 -0.0036614 0.9994631
98.320320 0.3247819 0.0628385 -4.2127352 -0.0038374 -0.0371710 -0.0037878 0.9992943
98.632320 0.3086583 0.0603305 -4.0187354 -0.0038821 -0.0389879 -0.0046882 0.9992211
98.944340 0.2926079 0.0588331 -3.8263929 -0.0046069 -0.0393690 -0.0047764 0.9992027
99.256070 0.2754699 0.0575185 -3.6358387 -0.0054188 -0.0393070 -0.0044019 0.9992028
99.567940 0.2598548 0.0561432 -3.4481328 -0.0046189 -0.0382185 -0.0044087 0.9992490
99.879940 0.2458616 0.0537542 -3.2650750 -0.0051363 -0.0364381 -0.0038609 0.9993153
100.191800 0.2317511 0.0519992 -3.0894811 -0.0071119 -0.0345940 -0.0045271 0.9993659
100.503700 0.2205225 0.0501668 -2.9246697 -0.0027478 -0.0339540 -0.0047392 0.9994084
100.815600 0.2073987 0.0477719 -2.7640009 -0.0015297 -0.0332647 -0.0067632 0.9994226
101.127400 0.1949156 0.0447347 -2.6083691 -0.0002158 -0.0327934 -0.0084443 0.9994265
101.439300 0.1830435 0.0421004 -2.4552665 -0.0008618 -0.0332970 -0.0084741 0.9994092
101.751200 0.1717480 0.0392348 -2.3044105 -0.0000551 -0.0351671 -0.0078133 0.9993509
102.062900 0.1593719 0.0365602 -2.1562967 0.0003901 -0.0377168 -0.0075384 0.9992599
102.374800 0.1469541 0.0333492 -2.0102887 -0.0003084 -0.0405790 -0.0058972 0.9991589
102.686600 0.1334747 0.0309497 -1.8670110 -0.0017979 -0.0430684 -0.0064007 0.9990500
102.998500 0.1203866 0.0289469 -1.7291274 -0.0021889 -0.0441165 -0.0067040 0.9990015
103.310300 0.1079268 0.0268871 -1.6000986 -0.0021020 -0.0422194 -0.0081110 0.9990732
103.726300 0.0931824 0.0243732 -1.4398098 -0.0011978 -0.0391791 -0.0080914 0.9991987
104.038400 0.0841184 0.0229737 -1.3291721 -0.0013378 -0.0375505 -0.0080921 0.9992611
104.455200 0.0741151 0.0203906 -1.2000862 -0.0030637 -0.0357499 -0.0085107 0.9993199
104.766200 0.0680000 0.0189497 -1.1207294 -0.0023731 -0.0345431 -0.0077391 0.9993704
105.181900 0.0613999 0.0170321 -1.0310758 -0.0005303 -0.0335527 -0.0073582 0.9994097
105.494000 0.0564302 0.0158435 -0.9677469 0.0002503 -0.0328653 -0.0072636 0.9994334
105.805700 0.0518631 0.0146340 -0.9053389 -0.0003703 -0.0325974 -0.0066363 0.9994465
106.117600 0.0477575 0.0134610 -0.8443434 -0.0005120 -0.0334395 -0.0058543 0.9994234
106.741000 0.0345923 0.0118918 -0.7270374 -0.0001411 -0.0506689 -0.0075010 0.9986873
107.052900 0.0271328 0.0107472 -0.6698688 0.0000898 -0.0579401 -0.0070002 0.9982955
107.364700 0.0181372 0.0099553 -0.6130928 0.0006508 -0.0610533 -0.0100202 0.9980840
107.676800 0.0115871 0.0085833 -0.5572309 0.0003874 -0.0590688 -0.0094242 0.9982094
107.989000 0.0058586 0.0077237 -0.5021446 0.0005205 -0.0554753 -0.0092035 0.9984175
108.301100 0.0001777 0.0067609 -0.4481038 0.0005536 -0.0503386 -0.0090034 0.9986915
108.613000 -0.0047708 0.0061935 -0.3920502 0.0019827 -0.0440310 -0.0088589 0.9989889
108.925000 -0.0089343 0.0049877 -0.3287007 0.0027393 -0.0371515 -0.0082724 0.9992716
109.340700 -0.0132546 0.0034259 -0.2323462 0.0007641 -0.0269982 -0.0055297 0.9996199
109.652600 -0.0162129 0.0025137 -0.1528316 -0.0002653 -0.0204125 -0.0051365 0.9997784
109.964400 -0.0179466 0.0012323 -0.0669714 -0.0001040 -0.0154019 -0.0026148 0.9998780
111.314000 -0.0338638 -0.0079348 0.3417677 0.0089717 -0.0465099 -0.0021558 0.9988752
111.832500 -0.0690028 -0.0114636 0.4851644 -0.0017560 -0.1095717 -0.0092485 0.9939343
112.352500 -0.1105271 -0.0127460 0.6234217 -0.0072603 -0.1289866 -0.0176095 0.9914634
112.769200 -0.1303226 -0.0130482 0.7184797 -0.0108418 -0.1108088 -0.0129546 0.9936982
113.185700 -0.1376529 -0.0135287 0.7660195 -0.0091119 -0.0944236 -0.0110404 0.9954292
