0.000000 0.0000476 0.0000018 -0.0000857 0.0000012 -0.0000514 -0.0000019 1.0000000
0.519499 -0.0042425 -0.0005444 0.0425723 0.0016194 -0.0211680 -0.0008750 0.9997742
0.623377 -0.0061492 -0.0006621 0.0530100 0.0020198 -0.0279185 -0.0008269 0.9996078
0.830874 -0.0104204 -0.0010249 0.0777414 0.0019397 -0.0455904 0.0000014 0.9989583
1.764374 -0.0631260 -0.0040930 0.2130723 0.0044878 -0.1700765 -0.0087970 0.9853814
2.282875 -0.1167054 -0.0044757 0.2927523 0.0047919 -0.2649527 -0.0074006 0.9642211
2.593620 -0.1646547 -0.0056498 0.3381678 0.0025878 -0.3367553 -0.0126158 0.9415041
3.112001 -0.2710076 -0.0057355 0.4069160 -0.0028245 -0.4682415 -0.0062875 0.8835737
3.319374 -0.3264935 -0.0055432 0.4289981 -0.0050697 -0.5208064 -0.0063282 0.8536363
3.526893 -0.3884046 -0.0049081 0.4455656 -0.0073386 -0.5712677 -0.0071938 0.8206995
3.630648 -0.4222083 -0.0049231 0.4525020 -0.0095377 -0.5950311 -0.0074976 0.8036110
3.734395 -0.4576035 -0.0049084 0.4580437 -0.0117004 -0.6172616 -0.0068976 0.7866407
3.942122 -0.5339106 -0.0039965 0.4630725 -0.0114910 -0.6558244 -0.0076550 0.7547872
4.046284 -0.5750275 -0.0030879 0.4635004 -0.0107129 -0.6717443 -0.0084890 0.7406570
4.254380 -0.6618755 -0.0014411 0.4622323 -0.0088533 -0.6983293 -0.0072676 0.7156850
4.462646 -0.7551041 -0.0002999 0.4559244 -0.0071381 -0.7187296 -0.0056807 0.6952298
4.671250 -0.8555285 0.0016793 0.4464253 -0.0059358 -0.7314688 -0.0046128 0.6818334
4.879959 -0.9619946 0.0020893 0.4350677 -0.0063505 -0.7391796 -0.0054333 0.6734565
5.088502 -1.0746534 0.0028095 0.4221641 -0.0064370 -0.7429307 -0.0069648 0.6693012
5.297154 -1.1933150 0.0044552 0.4099675 -0.0088888 -0.7431358 -0.0064839 0.6690502
5.505749 -1.3180530 0.0055026 0.3959373 -0.0086237 -0.7419411 -0.0084745 0.6703560
5.714253 -1.4490205 0.0073130 0.3820054 -0.0068318 -0.7409247 -0.0084983 0.6714996
5.922523 -1.5866852 0.0097927 0.3685387 -0.0087363 -0.7396966 -0.0109705 0.6727943
6.130876 -1.7289156 0.0116215 0.3543571 -0.0084849 -0.7384626 -0.0123273 0.6741284
6.339025 -1.8767170 0.0146772 0.3400633 -0.0061882 -0.7373053 -0.0120207 0.6754243
6.651280 -2.1067116 0.0181491 0.3202747 -0.0103520 -0.7359995 -0.0121813 0.6767933
6.963378 -2.3406608 0.0208298 0.3005890 -0.0065099 -0.7358525 -0.0044718 0.6770957
7.275272 -2.5840297 0.0233208 0.2789573 -0.0112569 -0.7361042 -0.0105413 0.6766925
7.587271 -2.8268123 0.0262686 0.2559131 -0.0106613 -0.7363729 -0.0128982 0.6763689
7.899003 -3.0692873 0.0301458 0.2335329 -0.0099159 -0.7364612 -0.0143066 0.6762558
8.211004 -3.3080866 0.0331313 0.2114617 -0.0051251 -0.7362384 -0.0114209 0.6766065
8.522877 -3.5477026 0.0355160 0.1900436 -0.0087319 -0.7356507 -0.0137401 0.6771654
8.834756 -3.7850182 0.0404153 0.1695533 -0.0119339 -0.7353769 -0.0165068 0.6773522
9.146631 -4.0210400 0.0441871 0.1488438 -0.0063696 -0.7352457 -0.0141468 0.6776231
9.458529 -4.2563376 0.0469188 0.1285003 -0.0044850 -0.7361603 -0.0104780 0.6767112
9.770380 -4.4899049 0.0483128 0.1077928 -0.0098149 -0.7375970 -0.0109292 0.6750814
10.082130 -4.7196932 0.0506859 0.0850507 -0.0089723 -0.7390733 -0.0110753 0.6734743
10.393880 -4.9452157 0.0523692 0.0599695 -0.0041119 -0.7401846 -0.0134909 0.6722558
10.705630 -5.1665869 0.0536934 0.0366786 -0.0037754 -0.7409617 -0.0146091 0.6713777
11.017510 -5.3839788 0.0564153 0.0144835 -0.0076098 -0.7413698 -0.0168967 0.6708407
11.329280 -5.5959725 0.0591739 -0.0074684 -0.0080942 -0.7419352 -0.0165116 0.6702194
11.745130 -5.8624439 0.0623921 -0.0354851 -0.0039257 -0.7408872 -0.0138622 0.6714749
12.057260 -6.0468206 0.0634527 -0.0521759 -0.0056016 -0.7350070 -0.0148214 0.6778743
12.265510 -6.1628475 0.0644074 -0.0595038 -0.0056004 -0.7280471 -0.0169172 0.6852955
12.578130 -6.3245754 0.0661523 -0.0623514 -0.0050024 -0.7087409 -0.0197295 0.7051752
12.891130 -6.4678807 0.0682561 -0.0499862 -0.0063119 -0.6767046 -0.0176767 0.7360153
13.204380 -6.5941854 0.0689736 -0.0235745 -0.0080242 -0.6292328 -0.0167013 0.7769960
13.413260 -6.6708388 0.0689168 0.0054957 -0.0105553 -0.5889560 -0.0108632 0.8080232
13.622130 -6.7434554 0.0695589 0.0437601 -0.0115565 -0.5433539 -0.0045072 0.8394121
13.935130 -6.8441091 0.0712662 0.1151333 -0.0148101 -0.4722867 -0.0001852 0.8813205
14.143650 -6.9022541 0.0711623 0.1717205 -0.0167068 -0.4241433 0.0058910 0.9054218
14.352150 -6.9560018 0.0720121 0.2326887 -0.0068646 -0.3727181 0.0071220 0.9278919
14.560630 -7.0062871 0.0723242 0.3038597 -0.0002765 -0.3171892 0.0062540 0.9483416
14.769010 -7.0515733 0.0715663 0.3864501 0.0023071 -0.2609133 0.0050772 0.9653462
14.977150 -7.0916643 0.0699693 0.4793701 0.0020505 -0.2104967 0.0012458 0.9775916
15.185010 -7.1282969 0.0686285 0.5808201 0.0029070 -0.1691755 -0.0038875 0.9855740
15.392480 -7.1599035 0.0667997 0.6920004 0.0009729 -0.1408722 -0.0034809 0.9900212
15.599910 -7.1895952 0.0662986 0.8111572 -0.0012490 -0.1205854 -0.0045654 0.9926917
15.807320 -7.2180939 0.0655439 0.9359806 -0.0022021 -0.1059982 -0.0088526 0.9943245
16.014760 -7.2440825 0.0650167 1.0686576 -0.0020483 -0.0922439 -0.0081558 0.9957010
16.222360 -7.2666893 0.0649492 1.2073087 -0.0025109 -0.0777531 -0.0092033 0.9969270
16.429890 -7.2858682 0.0630531 1.3494164 0.0014337 -0.0658664 -0.0098792 0.9977785
16.637520 -7.3035860 0.0616042 1.4979017 0.0045110 -0.0569176 -0.0092047 0.9983262
16.845140 -7.3215609 0.0591665 1.6515913 -0.0025803 -0.0509790 -0.0120032 0.9986243
17.052630 -7.3370662 0.0575173 1.8043840 -0.0038772 -0.0471684 -0.0118099 0.9988096
17.260280 -7.3519077 0.0557132 1.9573133 -0.0047139 -0.0440876 -0.0113084 0.9989526
17.467890 -7.3642459 0.0553683 2.1089849 -0.0065761 -0.0414657 -0.0089434 0.9990783
17.779390 -7.3830261 0.0525382 2.3320904 0.0026351 -0.0384941 -0.0107540 0.9991975
18.090880 -7.4012527 0.0479674 2.5549562 0.0018887 -0.0354251 -0.0135526 0.9992787
18.298510 -7.4119306 0.0458085 2.7028306 -0.0014919 -0.0331201 -0.0141082 0.9993507
18.610130 -7.4265203 0.0423060 2.9223542 -0.0006656 -0.0313490 -0.0116898 0.9994399
18.921640 -7.4406781 0.0396016 3.1445305 -0.0005373 -0.0302011 -0.0120064 0.9994716
19.233260 -7.4556422 0.0375356 3.3690603 -0.0000341 -0.0319741 -0.0106325 0.9994321
19.544760 -7.4742713 0.0338784 3.5952961 0.0026802 -0.0362506 -0.0134082 0.9992492
19.856260 -7.4940519 0.0293491 3.8250000 0.0043301 -0.0395243 -0.0134280 0.9991190
20.167930 -7.5149879 0.0251688 4.0604734 0.0012231 -0.0420071 -0.0122288 0.9990417
20.479750 -7.5370922 0.0222942 4.3016396 -0.0022313 -0.0410318 -0.0134847 0.9990643
20.791530 -7.5572424 0.0199472 4.5435610 0.0003539 -0.0384952 -0.0104761 0.9992038
21.103270 -7.5756397 0.0158593 4.7867184 -0.0024324 -0.0367493 -0.0067013 0.9992991
21.415040 -7.5943141 0.0127384 5.0250692 0.0022723 -0.0355578 -0.0085496 0.9993284
21.726890 -7.6127148 0.0058115 5.2606912 0.0081068 -0.0342391 -0.0117311 0.9993119
22.038660 -7.6298809 0.0001519 5.4955034 -0.0033784 -0.0350396 -0.0088030 0.9993414
22.350390 -7.6465173 -0.0032018 5.7237535 0.0001265 -0.0387637 -0.0046733 0.9992375
22.558370 -7.6601057 -0.0068345 5.8735461 0.0029535 -0.0418431 -0.0066285 0.9990978
22.766140 -7.6744585 -0.0102358 6.0215163 0.0068315 -0.0453572 -0.0080277 0.9989152
22.974020 -7.6904469 -0.0144062 6.1674843 0.0060855 -0.0487674 -0.0123107 0.9987158
23.181990 -7.7063742 -0.0181756 6.3125725 0.0003684 -0.0530082 -0.0133961 0.9985042
23.389770 -7.7237844 -0.0200462 6.4538774 -0.0018060 -0.0587594 -0.0127886 0.9981886
23.597640 -7.7425184 -0.0218972 6.5933628 -0.0035063 -0.0649329 -0.0119532 0.9978119
23.805540 -7.7639337 -0.0235612 6.7296057 -0.0009838 -0.0709378 -0.0153709 0.9973618
24.013390 -7.7855072 -0.0255603 6.8650308 0.0012327 -0.0766780 -0.0158701 0.9969288
24.221270 -7.8088818 -0.0268455 6.9986420 -0.0031772 -0.0821045 -0.0168431 0.9964763
24.429140 -7.8322177 -0.0288849 7.1294937 -0.0025808 -0.0889666 -0.0152109 0.9959151
24.636890 -7.8579516 -0.0302031 7.2586002 0.0017723 -0.0979230 -0.0129853 0.9951077
24.844640 -7.8874650 -0.0317452 7.3878741 -0.0026449 -0.1089010 -0.0125796 0.9939695
25.052390 -7.9189296 -0.0329235 7.5144291 -0.0081619 -0.1208300 -0.0130454 0.9925539
25.364010 -7.9721179 -0.0337094 7.6983557 0.0015858 -0.1390759 -0.0143018 0.9901772
25.571790 -8.0111761 -0.0343566 7.8220725 -0.0045526 -0.1513000 -0.0135076 0.9883851
25.779520 -8.0534840 -0.0348471 7.9437017 -0.0064178 -0.1638682 -0.0119797 0.9863886
25.987390 -8.0980282 -0.0355637 8.0636158 -0.0009956 -0.1744859 -0.0097128 0.9846113
26.299290 -8.1686344 -0.0378522 8.2433882 0.0033246 -0.1865798 -0.0109467 0.9823732
26.611020 -8.2439098 -0.0391496 8.4238281 -0.0052874 -0.1985925 -0.0102357 0.9800144
26.818890 -8.2992611 -0.0403904 8.5426693 -0.0054678 -0.2046266 -0.0191634 0.9786372
27.026890 -8.3520145 -0.0399822 8.6603127 0.0015866 -0.2103166 -0.0148073 0.9775199
27.234770 -8.4079266 -0.0412174 8.7790108 -0.0000976 -0.2149011 -0.0177334 0.9764748
27.442660 -8.4653769 -0.0426676 8.8977661 -0.0014357 -0.2204101 -0.0170229 0.9752577
27.650520 -8.5242167 -0.0434386 9.0153408 0.0052432 -0.2255350 -0.0161645 0.9740868
27.858410 -8.5845757 -0.0456523 9.1327143 0.0040933 -0.2301576 -0.0177120 0.9729835
28.170020 -8.6755390 -0.0486184 9.3071299 0.0031858 -0.2374790 -0.0178884 0.9712227
28.481890 -8.7684727 -0.0512533 9.4771872 0.0030229 -0.2441452 -0.0175509 0.9695751
28.793670 -8.8616238 -0.0544068 9.6416082 0.0070447 -0.2511055 -0.0156504 0.9678075
29.105390 -8.9548626 -0.0579825 9.8027391 0.0022464 -0.2568130 -0.0165823 0.9663162
29.417270 -9.0445585 -0.0599600 9.9573345 -0.0055201 -0.2614554 -0.0135081 0.9651052
29.729040 -9.1305780 -0.0611856 10.0994120 -0.0021155 -0.2660684 -0.0117489 0.9638802
30.040770 -9.2116213 -0.0624673 10.2299290 -0.0033205 -0.2693883 -0.0107818 0.9629655
30.352400 -9.2837620 -0.0633467 10.3453283 -0.0035933 -0.2727785 -0.0084916 0.9620327
30.664040 -9.3489838 -0.0652023 10.4443045 0.0008813 -0.2767785 -0.0065748 0.9609109
30.975650 -9.4069366 -0.0665183 10.5308495 -0.0009876 -0.2850318 -0.0064972 0.9584955
31.287140 -9.4596367 -0.0673073 10.6038761 -0.0074775 -0.2950051 -0.0113300 0.9553993
31.598390 -9.5038548 -0.0673194 10.6637716 -0.0104095 -0.3119002 -0.0068958 0.9500328
31.909520 -9.5460510 -0.0680772 10.7100134 -0.0091835 -0.3392181 -0.0076435 0.9406319
32.220650 -9.5854263 -0.0681627 10.7457743 -0.0015958 -0.3704603 -0.0074196 0.9288173
32.531770 -9.6267262 -0.0674742 10.7779922 0.0002359 -0.4033968 -0.0105448 0.9149644
32.842900 -9.6706543 -0.0675068 10.8069639 -0.0029266 -0.4420779 -0.0126003 0.8968834
33.154020 -9.7179947 -0.0668665 10.8299875 -0.0045158 -0.4822567 -0.0177850 0.8758377
33.465270 -9.7667065 -0.0671005 10.8481922 -0.0053763 -0.5235586 -0.0218763 0.8516918
33.776420 -9.8243046 -0.0664348 10.8639259 -0.0019072 -0.5715635 -0.0193009 0.8203286
34.087400 -9.8969097 -0.0646506 10.8747005 -0.0013139 -0.6263779 -0.0174593 0.7793229
34.398420 -9.9821749 -0.0625291 10.8737631 -0.0026471 -0.6834518 -0.0170666 0.7297913
34.709660 -10.0775681 -0.0598914 10.8618498 -0.0089092 -0.7401518 -0.0158160 0.6721948
35.021020 -10.1846123 -0.0554150 10.8317232 -0.0124712 -0.7906624 -0.0150158 0.6119412
35.228670 -10.2602844 -0.0526512 10.8011456 -0.0163347 -0.8203132 -0.0124480 0.5715457
35.436400 -10.3381968 -0.0504471 10.7612638 -0.0197889 -0.8462582 -0.0106232 0.5322994
35.644400 -10.4184551 -0.0471928 10.7114182 0.0210373 0.8674476 0.0098146 -0.4969867
35.852770 -10.5023928 -0.0441049 10.6517019 0.0200130 0.8819941 0.0099296 -0.4707307
35.957050 -10.5462952 -0.0427110 10.6190567 0.0193224 0.8870095 0.0098107 -0.4612424
36.165670 -10.6375809 -0.0392137 10.5495033 0.0193804 0.8939911 0.0101739 -0.4475497
36.374170 -10.7337017 -0.0361478 10.4745007 0.0207226 0.8989580 0.0104137 -0.4374204
36.582670 -10.8325071 -0.0328005 10.3928490 0.0203438 0.9021630 0.0112728 -0.4307678
36.791110 -10.9368563 -0.0288632 10.3071480 0.0208361 0.9043870 0.0113770 -0.4260523
36.999490 -11.0451918 -0.0248057 10.2164650 0.0216387 0.9052268 0.0113179 -0.4242265
37.207650 -11.1584692 -0.0210565 10.1221342 0.0215714 0.9057090 0.0106350 -0.4232173
37.415890 -11.2762566 -0.0162595 10.0226393 0.0216348 0.9060584 0.0104960 -0.4224689
37.728150 -11.4590244 -0.0100042 9.8676062 0.0218958 0.9066543 0.0129017 -0.4211082
38.040280 -11.6493664 -0.0027832 9.7061663 0.0230221 0.9072621 0.0102910 -0.4198089
38.352280 -11.8441963 0.0033503 9.5389042 0.0222229 0.9081031 0.0064971 -0.4181060
38.664150 -12.0444241 0.0086273 9.3630810 0.0187549 0.9081575 0.0064524 -0.4181586
38.976020 -12.2505970 0.0123585 9.1850405 0.0213637 0.9082540 0.0095427 -0.4177645
39.287780 -12.4550228 0.0185910 9.0089827 0.0215116 0.9084062 0.0101889 -0.4174106
39.599580 -12.6596804 0.0249382 8.8315306 0.0222280 0.9085043 0.0115424 -0.4171243
39.911280 -12.8631210 0.0301392 8.6549225 0.0223480 0.9090781 0.0105138 -0.4158931
40.223030 -13.0648289 0.0359211 8.4785004 0.0221019 0.9097338 0.0100415 -0.4144818
40.534990 -13.2646980 0.0407065 8.3027611 0.0195836 0.9100160 0.0108182 -0.4139690
40.846410 -13.4635515 0.0453009 8.1274452 0.0176884 0.9092029 0.0102208 -0.4158517
41.158230 -13.6636791 0.0506382 7.9555311 0.0214663 0.9082371 0.0122807 -0.4177245
41.469820 -13.8638992 0.0574750 7.7823873 0.0234866 0.9077576 0.0135272 -0.4186187
41.781210 -14.0610313 0.0633453 7.6121383 0.0225604 0.9078154 0.0132026 -0.4185546
41.988800 -14.1909542 0.0674138 7.4995885 0.0233610 0.9079504 0.0127418 -0.4182320
42.300170 -14.3857832 0.0733980 7.3319473 0.0242856 0.9084646 0.0145287 -0.4170027
42.611550 -14.5765629 0.0803579 7.1653156 0.0257357 0.9087939 0.0149754 -0.4161815
42.819190 -14.7033167 0.0855468 7.0550513 0.0241646 0.9090134 0.0140622 -0.4158281
43.026850 -14.8297539 0.0894511 6.9437499 0.0223481 0.9086902 0.0144176 -0.4166231
43.234430 -14.9556808 0.0941906 6.8345251 0.0213833 0.9084393 0.0151950 -0.4171929
43.545910 -15.1418362 0.1001400 6.6731744 0.0205511 0.9079905 0.0143110 -0.4182416
43.753650 -15.2663746 0.1045471 6.5671115 0.0227425 0.9077314 0.0139540 -0.4187025
43.961280 -15.3886471 0.1079088 6.4623508 0.0223773 0.9076032 0.0129396 -0.4190325
44.169050 -15.5092392 0.1115452 6.3592620 0.0220671 0.9073052 0.0097918 -0.4197789
44.376660 -15.6280689 0.1140324 6.2570310 0.0210924 0.9070354 0.0115136 -0.4203683
44.688220 -15.7991276 0.1183152 6.1113663 0.0210319 0.9070709 0.0109453 -0.4203096
44.895870 -15.9085388 0.1200532 6.0171127 0.0202699 0.9070305 0.0115616 -0.4204177
45.207330 -16.0680790 0.1236474 5.8790374 0.0212618 0.9070202 0.0126080 -0.4203611
45.518940 -16.2227287 0.1277116 5.7476044 0.0235267 0.9071811 0.0145355 -0.4198305
45.831090 -16.3676624 0.1312915 5.6232266 0.0253300 0.9076276 0.0146326 -0.4187557
46.245920 -16.5490913 0.1375867 5.4658718 0.0290172 0.9108785 0.0109532 -0.4115074
46.557220 -16.6707916 0.1416321 5.3503633 0.0323308 0.9179675 0.0096387 -0.3952183
46.971930 -16.8140373 0.1456349 5.1970377 0.0380706 0.9340184 0.0077551 -0.3551058
47.282920 -16.9000549 0.1478984 5.0780110 0.0345368 0.9500467 0.0109898 -0.3099965
47.593870 -16.9640770 0.1505599 4.9569578 0.0321423 0.9674344 0.0130467 -0.2507334
47.904910 -17.0051708 0.1512533 4.8356781 0.0183045 0.9829570 0.0129295 -0.1824644
48.216060 -17.0306606 0.1519339 4.7110157 0.0140279 0.9938976 0.0108736 -0.1088697
48.527420 -17.0349636 0.1530802 4.5842237 0.0055259 0.9992961 0.0163923 -0.0332889
48.734910 -17.0281200 0.1542709 4.5004587 0.0068880 0.9996482 0.0178841 0.0183353
48.942530 -17.0144234 0.1539742 4.4195881 0.0136878 0.9973416 0.0164121 0.0696638
49.150280 -16.9908314 0.1546934 4.3410168 0.0141379 0.9926141 0.0141859 0.1196501
49.357910 -16.9612980 0.1569286 4.2651315 0.0176024 0.9851292 0.0131711 0.1704030
49.565780 -16.9223690 0.1578846 4.1897879 0.0166815 0.9762289 0.0131885 0.2156964
49.773780 -16.8768578 0.1581944 4.1153660 0.0163215 0.9667051 0.0173155 0.2547841
49.982180 -16.8260441 0.1586671 4.0417075 0.0180353 0.9581088 0.0194210 0.2851755
50.190690 -16.7707558 0.1594778 3.9695683 0.0165405 0.9511144 0.0192148 0.3077966
50.399300 -16.7117271 0.1601917 3.8960037 0.0158004 0.9462942 0.0183821 0.3223968
50.608030 -16.6495590 0.1608618 3.8213010 0.0140542 0.9431611 0.0161411 0.3316459
50.816730 -16.5841522 0.1618255 3.7429838 0.0155639 0.9410087 0.0156413 0.3376620
51.025280 -16.5156403 0.1621523 3.6623030 0.0161626 0.9397336 0.0148395 0.3412027
51.233800 -16.4429264 0.1626834 3.5790267 0.0128738 0.9390616 0.0130877 0.3432581
51.442160 -16.3674374 0.1637789 3.4895473 0.0162159 0.9389213 0.0148219 0.3434299
51.650530 -16.2883549 0.1638446 3.3968124 0.0151545 0.9391358 0.0118165 0.3430083
51.858780 -16.2053719 0.1647844 3.3001027 0.0161942 0.9393675 0.0061171 0.3424750
52.066910 -16.1179619 0.1634462 3.1963506 0.0162202 0.9395648 0.0075780 0.3419028
52.275030 -16.0248394 0.1627699 3.0886612 0.0109405 0.9396437 0.0076908 0.3418930
52.483160 -15.9289722 0.1635091 2.9754663 0.0096857 0.9395545 0.0095400 0.3421295
52.691180 -15.8283710 0.1636157 2.8576660 0.0075191 0.9396499 0.0121232 0.3418400
53.003160 -15.6722593 0.1648666 2.6742282 0.0083859 0.9393623 0.0099491 0.3426793
53.315160 -15.5107861 0.1662427 2.4812598 0.0106508 0.9392856 0.0146459 0.3426580
53.627040 -15.3433170 0.1673006 2.2828693 0.0157519 0.9393581 0.0110903 0.3423964
53.938910 -15.1715384 0.1666893 2.0778098 0.0134713 0.9396094 0.0129956 0.3417365
54.250800 -15.0005302 0.1677375 1.8739009 0.0190264 0.9397963 0.0176420 0.3407485
54.562530 -14.8301525 0.1697750 1.6680927 0.0212974 0.9395759 0.0260964 0.3406797
54.874290 -14.6618595 0.1725913 1.4713988 0.0235584 0.9402059 0.0173620 0.3393471
55.185920 -14.4945498 0.1725239 1.2728128 0.0237457 0.9406903 0.0185566 0.3379252
55.497680 -14.3312302 0.1728963 1.0765018 0.0204147 0.9426777 0.0184553 0.3325678
55.809690 -14.1773338 0.1743044 0.8806376 0.0202157 0.9485064 0.0186660 0.3155606
56.122050 -14.0385513 0.1768549 0.6752987 0.0228686 0.9578692 0.0230708 0.2853616
56.330510 -13.9574366 0.1791389 0.5341392 0.0261326 0.9658620 0.0246128 0.2565575
56.538940 -13.8844709 0.1822880 0.3892326 0.0286737 0.9737798 0.0246550 0.2243275
56.747290 -13.8218489 0.1842927 0.2439165 0.0318033 0.9808592 0.0158976 0.1914447
56.955550 -13.7689943 0.1849062 0.0957146 0.0283641 0.9867682 0.0117586 0.1592035
57.163560 -13.7263489 0.1841944 -0.0564625 0.0280173 0.9908022 0.0108826 0.1319375
57.371290 -13.6901560 0.1849323 -0.2116709 0.0290418 0.9932846 0.0106032 0.1114894
57.579070 -13.6584473 0.1852475 -0.3699017 0.0273258 0.9952295 0.0144469 0.0925359
57.786690 -13.6325855 0.1873318 -0.5314400 0.0269479 0.9967085 0.0120224 0.0755082
57.994890 -13.6117907 0.1892499 -0.6959788 0.0315124 0.9974167 0.0123823 0.0633521
58.201850 -13.5925837 0.1919556 -0.8659562 0.0356402 0.9974374 0.0217701 0.0580912
58.409230 -13.5721531 0.1963218 -1.0376174 0.0332450 0.9976144 0.0203756 0.0569658
58.616560 -13.5492659 0.2005272 -1.2132013 0.0265790 0.9979278 0.0165693 0.0562061
58.824030 -13.5266266 0.2043847 -1.3924673 0.0230668 0.9979905 0.0173466 0.0564084
59.031700 -13.5045691 0.2072860 -1.5748868 0.0216380 0.9979494 0.0185626 0.0573083
59.239170 -13.4819384 0.2111792 -1.7592726 0.0199105 0.9979538 0.0168331 0.0583824
59.446780 -13.4586258 0.2140014 -1.9455605 0.0172083 0.9980107 0.0152063 0.0587134
59.654550 -13.4357872 0.2162797 -2.1338878 0.0153529 0.9981236 0.0156326 0.0571772
59.862460 -13.4132328 0.2195507 -2.3204675 0.0145663 0.9982229 0.0156768 0.0556149
60.069690 -13.3915157 0.2216054 -2.5045047 0.0143290 0.9982493 0.0178037 0.0545538
60.381050 -13.3598042 0.2259230 -2.7781744 0.0131880 0.9983708 0.0166077 0.0529711
60.588540 -13.3393517 0.2277743 -2.9593816 0.0131639 0.9984403 0.0161196 0.0518058
60.797000 -13.3196268 0.2300710 -3.1398606 0.0117907 0.9985462 0.0174162 0.0496295
61.003920 -13.3006525 0.2323680 -3.3194237 0.0107853 0.9987136 0.0168968 0.0465752
61.211580 -13.2826920 0.2348323 -3.4977212 0.0100322 0.9988604 0.0170744 0.0434247
61.419200 -13.2683611 0.2379640 -3.6687827 0.0099745 0.9989488 0.0183024 0.0408283
61.626790 -13.2544451 0.2408013 -3.8407366 0.0102841 0.9990407 0.0180792 0.0385359
61.834510 -13.2407675 0.2432796 -4.0112562 0.0100686 0.9991147 0.0177633 0.0367826
62.042070 -13.2267771 0.2456117 -4.1816797 0.0090208 0.9991710 0.0173991 0.0356832
62.249910 -13.2143917 0.2486678 -4.3488398 0.0085253 0.9992445 0.0135304 0.0354205
62.457420 -13.2018118 0.2495082 -4.5163574 0.0092309 0.9992219 0.0137547 0.0357932
62.665290 -13.1892138 0.2513633 -4.6813526 0.0110862 0.9991640 0.0146940 0.0365032
62.872800 -13.1755638 0.2530816 -4.8467426 0.0116738 0.9991207 0.0154131 0.0372025
63.080660 -13.1625614 0.2545213 -5.0100427 0.0111279 0.9990968 0.0150334 0.0381560
63.288240 -13.1489811 0.2559420 -5.1706457 0.0126713 0.9990010 0.0138842 0.0405438
63.495820 -13.1339703 0.2564719 -5.3300972 0.0121287 0.9989134 0.0130137 0.0430753
63.703640 -13.1195030 0.2573546 -5.4868479 0.0117375 0.9988518 0.0128567 0.0446330
63.911420 -13.1035986 0.2581271 -5.6403732 0.0102703 0.9988529 0.0149559 0.0443143
64.119460 -13.0890675 0.2587882 -5.7894559 0.0093834 0.9989062 0.0156435 0.0430543
64.327430 -13.0757017 0.2600211 -5.9347639 0.0082185 0.9990416 0.0156319 0.0400502
64.535560 -13.0646038 0.2609957 -6.0731225 0.0087794 0.9992771 0.0156550 0.0335116
64.743580 -13.0572872 0.2616105 -6.2048750 0.0109208 0.9994720 0.0167443 0.0256162
64.951550 -13.0529594 0.2624066 -6.3299713 0.0135673 0.9995977 0.0172956 0.0179265
65.159520 -13.0500431 0.2639167 -6.4464021 0.0146892 0.9996819 0.0175058 0.0106712
65.367480 -13.0488510 0.2647006 -6.5548420 0.0157572 0.9997184 0.0171766 0.0044567
65.679310 -13.0500221 0.2660854 -6.6975918 0.0180406 0.9996834 0.0172959 -0.0029207
65.991170 -13.0513859 0.2670118 -6.8201346 0.0192648 0.9996002 0.0188744 -0.0084822
66.199080 -13.0535965 0.2684512 -6.8912349 0.0210215 0.9995335 0.0192553 -0.0109632
66.407050 -13.0546932 0.2693334 -6.9504089 0.0209820 0.9995000 0.0204444 -0.0118967
66.614800 -13.0556946 0.2694075 -7.0003691 0.0192797 0.9995447 0.0204804 -0.0109205
66.926760 -13.0551348 0.2702602 -7.0564747 0.0172837 0.9996338 0.0193247 -0.0077517
67.758210 -13.0527449 0.2717689 -7.1669202 0.0164866 0.9997184 0.0166009 0.0039613
75.143810 -13.0410299 0.2726908 -7.2437768 0.0129941 0.9986454 0.0148771 0.0481375
75.455730 -13.0373821 0.2728339 -7.2517414 0.0127663 0.9979240 0.0148352 0.0613560
77.117090 -12.9669552 0.2744101 -7.3927355 0.0121986 0.9752995 0.0204292 0.2196014
77.428190 -12.9317951 0.2749330 -7.4386053 0.0119360 0.9612982 0.0197482 0.2745421
77.739080 -12.8796215 0.2753611 -7.4945159 0.0131091 0.9385228 0.0172049 0.3445390
78.050250 -12.8014288 0.2774598 -7.5574636 0.0159851 0.9081128 0.0141589 0.4181808
78.361560 -12.6932240 0.2779136 -7.6201253 0.0163117 0.8718162 0.0170502 0.4892644
78.673060 -12.5592003 0.2793361 -7.6750126 0.0173412 0.8285138 0.0250405 0.5591396
78.880800 -12.4532681 0.2800416 -7.7027426 0.0168159 0.7974902 0.0286438 0.6024169
79.088830 -12.3365927 0.2812719 -7.7229571 0.0186096 0.7672060 0.0302642 0.6404160
79.297060 -12.2084951 0.2825812 -7.7346277 0.0193145 0.7427984 0.0282078 0.6686418
79.505690 -12.0695333 0.2828594 -7.7400942 0.0207385 0.7263739 0.0258691 0.6864997
79.714470 -11.9191504 0.2826534 -7.7436967 0.0222606 0.7153091 0.0257432 0.6979790
79.923050 -11.7619524 0.2821529 -7.7416120 0.0257036 0.7054592 0.0242434 0.7078692
80.131680 -11.5959158 0.2797873 -7.7353039 0.0258293 0.6960799 0.0215654 0.7171754
80.340300 -11.4210243 0.2764871 -7.7263436 0.0226597 0.6908041 0.0184158 0.7224522
80.548940 -11.2373571 0.2740641 -7.7145872 0.0212572 0.6900193 0.0173480 0.7232708
80.757320 -11.0463953 0.2713986 -7.7031913 0.0211901 0.6886294 0.0184310 0.7245694
80.965550 -10.8476286 0.2688845 -7.6899118 0.0213583 0.6856342 0.0180811 0.7274082
81.069680 -10.7451811 0.2673106 -7.6820593 0.0212942 0.6842075 0.0178693 0.7287574
81.277810 -10.5376062 0.2642458 -7.6674953 0.0204526 0.6802819 0.0187725 0.7324246
81.485930 -10.3238726 0.2619500 -7.6485729 0.0187998 0.6771054 0.0212245 0.7353397
81.694050 -10.1047812 0.2591065 -7.6291332 0.0190121 0.6765003 0.0199628 0.7359263
81.902180 -9.8806477 0.2574098 -7.6086588 0.0187811 0.6775364 0.0208097 0.7349549
82.110180 -9.6555080 0.2537690 -7.5893459 0.0184441 0.6781235 0.0231628 0.7343513
82.318180 -9.4329805 0.2514193 -7.5707641 0.0179185 0.6786720 0.0231107 0.7338591
82.526180 -9.2118750 0.2471217 -7.5511041 0.0188585 0.6794158 0.0217532 0.7331885
82.734050 -8.9894409 0.2444066 -7.5324874 0.0180431 0.6800312 0.0221197 0.7326273
82.942060 -8.7682543 0.2418239 -7.5160203 0.0177484 0.6801909 0.0219372 0.7324917
83.149930 -8.5483236 0.2378660 -7.4994392 0.0192861 0.6805227 0.0211735 0.7321670
83.357930 -8.3298473 0.2345892 -7.4836516 0.0166709 0.6805222 0.0225334 0.7321911
83.565930 -8.1128836 0.2317319 -7.4661469 0.0148811 0.6809980 0.0214027 0.7318212
83.773690 -7.8981748 0.2285828 -7.4492879 0.0150409 0.6813278 0.0203564 0.7315408
83.981560 -7.6840644 0.2256954 -7.4325595 0.0140872 0.6815586 0.0210214 0.7313259
84.189660 -7.4718599 0.2232285 -7.4187894 0.0163747 0.6814294 0.0214082 0.7313873
84.500970 -7.1557555 0.2186452 -7.3948340 0.0181146 0.6797789 0.0233375 0.7328218
84.708560 -6.9466825 0.2153109 -7.3783488 0.0174173 0.6772233 0.0236409 0.7351913
84.916060 -6.7389297 0.2118123 -7.3588390 0.0170005 0.6752562 0.0214883 0.7370742
85.123720 -6.5325561 0.2091467 -7.3388066 0.0164151 0.6736023 0.0215070 0.7385986
85.331180 -6.3295827 0.2067807 -7.3190107 0.0159240 0.6723969 0.0219235 0.7396947
85.538870 -6.1293173 0.2038729 -7.2987862 0.0146005 0.6716218 0.0216728 0.7404332
85.746450 -5.9312563 0.2013268 -7.2785850 0.0138890 0.6720028 0.0204593 0.7401356
85.954220 -5.7346473 0.1984200 -7.2591853 0.0139326 0.6731716 0.0207926 0.7390625
86.161940 -5.5395813 0.1962367 -7.2419081 0.0168339 0.6747086 0.0223801 0.7375527
86.369740 -5.3464870 0.1938591 -7.2254658 0.0183397 0.6763394 0.0236427 0.7359821
86.577490 -5.1532431 0.1915720 -7.2094812 0.0168384 0.6779512 0.0244557 0.7345070
86.785510 -4.9608850 0.1892649 -7.1933522 0.0163724 0.6796482 0.0230279 0.7329938
86.992950 -4.7696667 0.1872669 -7.1784215 0.0179118 0.6810778 0.0206044 0.7317019
87.200570 -4.5794206 0.1841035 -7.1646185 0.0190946 0.6819703 0.0201066 0.7308540
87.408330 -4.3882451 0.1802503 -7.1512423 0.0172318 0.6819897 0.0217358 0.7308356
87.616060 -4.1995540 0.1771820 -7.1371231 0.0142147 0.6815248 0.0207684 0.7313622
87.823570 -4.0116639 0.1751010 -7.1222000 0.0116970 0.6812625 0.0174430 0.7317379
88.031060 -3.8257036 0.1722911 -7.1073604 0.0109597 0.6809862 0.0152692 0.7320551
88.238710 -3.6401699 0.1698799 -7.0923872 0.0118653 0.6805555 0.0142895 0.7324611
88.446330 -3.4540248 0.1677619 -7.0790505 0.0100596 0.6797652 0.0196817 0.7330967
88.757820 -3.1804411 0.1656526 -7.0564532 0.0145846 0.6788618 0.0188969 0.7338780
88.965560 -3.0014839 0.1639128 -7.0411239 0.0151372 0.6786571 0.0179894 0.7340789
89.277420 -2.7316921 0.1577753 -7.0182810 0.0189411 0.6787972 0.0184703 0.7338490
89.588990 -2.4651802 0.1521132 -6.9974704 0.0187726 0.6794125 0.0222057 0.7331802
89.900710 -2.2012284 0.1474973 -6.9767513 0.0181960 0.6805866 0.0208857 0.7321438
90.108700 -2.0276189 0.1447359 -6.9637728 0.0168330 0.6813229 0.0214440 0.7314752
90.316520 -1.8548520 0.1424431 -6.9509554 0.0168982 0.6821071 0.0222128 0.7307195
90.524330 -1.6856256 0.1404812 -6.9397779 0.0170513 0.6825642 0.0221443 0.7302910
90.836200 -1.4416893 0.1365341 -6.9217463 0.0149665 0.6836034 0.0218126 0.7293741
91.044070 -1.2867118 0.1342660 -6.9109192 0.0127751 0.6838917 0.0217191 0.7291483
91.251940 -1.1399163 0.1328232 -6.9011240 0.0135508 0.6825680 0.0216135 0.7303767
91.459820 -1.0002611 0.1312906 -6.8898573 0.0131654 0.6800402 0.0203924 0.7327729
91.667690 -0.8673903 0.1298428 -6.8777399 0.0132442 0.6764884 0.0186180 0.7360988
91.875570 -0.7417476 0.1270809 -6.8648009 0.0157201 0.6704878 0.0187386 0.7415173
92.083700 -0.6238193 0.1241064 -6.8494630 0.0170065 0.6618204 0.0181678 0.7492493
92.394820 -0.4628323 0.1202536 -6.8213410 0.0168870 0.6459753 0.0191238 0.7629318
92.706330 -0.3191733 0.1163397 -6.7880373 0.0154261 0.6242851 0.0154053 0.7808923
93.017610 -0.1873610 0.1126806 -6.7466798 0.0144685 0.5971517 0.0144197 0.8018682
93.328690 -0.0687323 0.1089121 -6.6966691 0.0168016 0.5596529 0.0116434 0.8284749
93.639690 0.0377226 0.1041728 -6.6362677 0.0183836 0.5041686 0.0142751 0.8632916
93.847210 0.1010318 0.1006526 -6.5871897 0.0159778 0.4588448 0.0107886 0.8883072
94.054400 0.1584268 0.0969851 -6.5332117 0.0178368 0.4111502 0.0090780 0.9113479
94.365720 0.2315283 0.0914901 -6.4409852 0.0142346 0.3395332 0.0040066 0.9404778
94.573250 0.2732790 0.0891440 -6.3728762 0.0087985 0.2898663 0.0019975 0.9570246
94.780820 0.3075399 0.0869289 -6.3007011 0.0024398 0.2405235 0.0027653 0.9706363
94.988570 0.3315787 0.0849956 -6.2238579 -0.0034085 0.1918740 -0.0039267 0.9814058
95.196460 0.3522410 0.0842030 -6.1457329 -0.0014739 0.1453839 -0.0039777 0.9893662
95.300440 0.3602543 0.0837439 -6.1048908 -0.0012351 0.1254912 -0.0041504 0.9920853
95.508570 0.3715236 0.0832694 -6.0203996 -0.0012317 0.0898792 -0.0099251 0.9959025
95.717080 0.3805556 0.0822813 -5.9323907 -0.0017628 0.0647265 -0.0112529 0.9978380
95.925440 0.3873287 0.0812251 -5.8408961 -0.0018337 0.0451541 -0.0101656 0.9989266
96.133950 0.3923671 0.0800050 -5.7448878 -0.0005956 0.0306528 -0.0099966 0.9994799
96.342320 0.3940107 0.0791013 -5.6434937 -0.0001876 0.0167082 -0.0102391 0.9998080
96.550570 0.3934286 0.0780334 -5.5347939 -0.0003379 0.0027903 -0.0087210 0.9999580
96.758950 0.3899710 0.0770245 -5.4207354 0.0006594 -0.0084017 -0.0091319 0.9999228
96.967200 0.3847099 0.0758319 -5.3002396 0.0019194 -0.0156372 -0.0098832 0.9998270
97.175570 0.3784218 0.0739584 -5.1742444 0.0020941 -0.0190180 -0.0095018 0.9997718
97.487940 0.3685122 0.0711869 -4.9747772 -0.0006134 -0.0233002 -0.0081442 0.9996952
97.696240 0.3609988 0.0694278 -4.8397784 -0.0029895 -0.0265272 -0.0073569 0.9996166
98.008320 0.3472860 0.0675772 -4.6366191 -0.0042522 -0.0314951 -0.0042740 0.9994857
98.320320 0.3314702 0.0651048 -4.4349031 -0.0042876 -0.0362459 -0.0038465 0.9993263
98.632320 0.3147812 0.0628239 -4.2308145 -0.0042282 -0.0381163 -0.0050577 0.9992515
98.944340 0.2975213 0.0612887 -4.0286207 -0.0049120 -0.0383262 -0.0050998 0.9992402
99.256070 0.2798757 0.0604389 -3.8281596 -0.0057098 -0.0382835 -0.0046490 0.9992398
99.567940 0.2636030 0.0592576 -3.6313009 -0.0049114 -0.0371606 -0.0045122 0.9992871
99.879940 0.2490216 0.0569860 -3.4395335 -0.0054095 -0.0352337 -0.0040264 0.9993563
100.191800 0.2348060 0.0556227 -3.2552080 -0.0071754 -0.0334330 -0.0047839 0.9994038
100.503700 0.2233463 0.0539652 -3.0819864 -0.0029020 -0.0328813 -0.0047518 0.9994438
100.815600 0.2114379 0.0514126 -2.9127431 -0.0016412 -0.0325830 -0.0066441 0.9994456
101.127400 0.1983673 0.0485003 -2.7495501 -0.0002889 -0.0320193 -0.0082810 0.9994529
101.439300 0.1857657 0.0462338 -2.5893362 -0.0006889 -0.0323313 -0.0085418 0.9994405
101.751200 0.1745254 0.0430926 -2.4311125 0.0001062 -0.0342777 -0.0077738 0.9993821
102.062900 0.1624476 0.0402864 -2.2760031 0.0005412 -0.0369075 -0.0078525 0.9992877
102.270800 0.1541112 0.0378733 -2.1735704 0.0004344 -0.0386872 -0.0066445 0.9992292
102.582700 0.1416023 0.0355707 -2.0218217 -0.0009193 -0.0418086 -0.0065380 0.9991038
102.894400 0.1265269 0.0330443 -1.8746078 -0.0019400 -0.0431290 -0.0067790 0.9990447
103.206500 0.1134862 0.0307549 -1.7355993 -0.0018791 -0.0421214 -0.0078431 0.9990799
103.518300 0.1017537 0.0281900 -1.6038122 -0.0017369 -0.0398738 -0.0077599 0.9991731
103.830300 0.0918685 0.0261669 -1.4816617 -0.0011173 -0.0380645 -0.0077454 0.9992446
104.142300 0.0833857 0.0240378 -1.3680477 -0.0014796 -0.0365258 -0.0074382 0.9993039
104.455200 0.0757652 0.0220915 -1.2674239 -0.0030876 -0.0352229 -0.0081966 0.9993411
104.766200 0.0695499 0.0206391 -1.1838113 -0.0023202 -0.0340427 -0.0074923 0.9993896
105.078600 0.0642023 0.0192255 -1.1117488 -0.0013462 -0.0331719 -0.0073397 0.9994218
105.390000 0.0597400 0.0180937 -1.0443056 0.0006953 -0.0326135 -0.0068192 0.9994445
105.701800 0.0549519 0.0167999 -0.9778045 -0.0000522 -0.0322889 -0.0064842 0.9994575
106.013700 0.0505030 0.0157461 -0.9132473 -0.0002708 -0.0324515 -0.0061888 0.9994541
106.325500 0.0457787 0.0145841 -0.8498039 -0.0002971 -0.0369446 -0.0050364 0.9993046
106.637700 0.0381028 0.0135494 -0.7880115 -0.0000076 -0.0473853 -0.0061863 0.9988576
106.949400 0.0300478 0.0122165 -0.7271432 0.0001844 -0.0550298 -0.0074374 0.9984570
107.260700 0.0210445 0.0111304 -0.6668157 0.0004880 -0.0604664 -0.0090394 0.9981292
107.572800 0.0135033 0.0094962 -0.6075867 0.0005294 -0.0595167 -0.0098541 0.9981785
107.885000 0.0071095 0.0085342 -0.5490620 0.0002636 -0.0562522 -0.0094583 0.9983718
108.301100 -0.0007648 0.0074954 -0.4727309 0.0006265 -0.0499072 -0.0090387 0.9987128
108.717000 -0.0070974 0.0064401 -0.3923883 0.0028638 -0.0414310 -0.0084936 0.9991012
109.132800 -0.0118614 0.0043419 -0.2977095 0.0021150 -0.0319480 -0.0068349 0.9994639
109.548600 -0.0163213 0.0030949 -0.1895523 0.0002137 -0.0223075 -0.0052163 0.9997375
109.964400 -0.0189853 0.0015506 -0.0698647 0.0000811 -0.0151991 -0.0026981 0.9998809
111.314000 -0.0358164 -0.0083505 0.3544367 0.0089643 -0.0461263 -0.0021982 0.9988930
111.832500 -0.0708106 -0.0122734 0.5019067 -0.0018263 -0.1093889 -0.0092963 0.9939539
112.352500 -0.1126298 -0.0141196 0.6420783 -0.0074310 -0.1287133 -0.0180258 0.9914902
112.873300 -0.1363756 -0.0144124 0.7575449 -0.0107570 -0.1055834 -0.0138485 0.9942558
113.289700 -0.1414409 -0.0149651 0.7948125 -0.0088994 -0.0922085 -0.0116197 0.9956322
