0.000000 -0.0000000 0.0000000 -0.0000000 0.0000000 0.0000000 -0.0000000 1.0000000
0.519499 -0.0038287 -0.0004980 0.0406027 0.0016380 -0.0212251 -0.0009646 0.9997729
0.623377 -0.0055326 -0.0005493 0.0505149 0.0020623 -0.0280041 -0.0008993 0.9996053
0.830874 -0.0098090 -0.0008670 0.0739098 0.0019876 -0.0455857 -0.0001445 0.9989585
1.453253 -0.0378669 -0.0028924 0.1575158 0.0049743 -0.1203761 -0.0055997 0.9927001
1.868002 -0.0687633 -0.0038120 0.2176997 0.0047037 -0.1875680 -0.0101433 0.9821880
2.697329 -0.1737303 -0.0058254 0.3339702 0.0023759 -0.3621221 -0.0128928 0.9320385
2.800890 -0.1920692 -0.0057354 0.3480425 0.0010801 -0.3887291 -0.0103620 0.9212932
3.008248 -0.2341371 -0.0054354 0.3745525 -0.0010950 -0.4414946 -0.0072027 0.8972343
3.215751 -0.2829781 -0.0053806 0.3974060 -0.0041199 -0.4943945 -0.0062999 0.8692051
3.423126 -0.3397604 -0.0051096 0.4162425 -0.0068310 -0.5461119 -0.0067329 0.8376573
3.630648 -0.4035769 -0.0046785 0.4306940 -0.0097813 -0.5947344 -0.0077166 0.8038257
3.838251 -0.4739397 -0.0042082 0.4399454 -0.0127038 -0.6373602 -0.0064996 0.7704339
3.942122 -0.5123632 -0.0038264 0.4419041 -0.0122511 -0.6557652 -0.0074658 0.7548285
4.046284 -0.5518363 -0.0031344 0.4419477 -0.0113197 -0.6716141 -0.0084883 0.7407660
4.254380 -0.6369237 -0.0011308 0.4409367 -0.0093014 -0.6982288 -0.0073460 0.7157766
4.358512 -0.6811286 -0.0006960 0.4385854 -0.0085926 -0.7093468 -0.0060975 0.7047809
4.566885 -0.7749063 0.0009550 0.4311994 -0.0065501 -0.7259176 -0.0050356 0.6877320
4.775500 -0.8765110 0.0031911 0.4209969 -0.0069593 -0.7358947 -0.0041946 0.6770473
4.984250 -0.9840364 0.0030133 0.4088041 -0.0065598 -0.7414209 -0.0064763 0.6709770
5.192878 -1.0980874 0.0047609 0.3959050 -0.0079692 -0.7433367 -0.0061649 0.6688415
5.401501 -1.2178220 0.0060996 0.3833906 -0.0099806 -0.7425081 -0.0073205 0.6697227
5.610008 -1.3432629 0.0073867 0.3694665 -0.0078152 -0.7413108 -0.0078619 0.6710703
5.818377 -1.4749801 0.0095022 0.3563489 -0.0082597 -0.7402705 -0.0091904 0.6721956
6.026772 -1.6128904 0.0113789 0.3428249 -0.0098425 -0.7390420 -0.0117426 0.6734851
6.235023 -1.7551199 0.0138600 0.3285754 -0.0070606 -0.7377848 -0.0120145 0.6748921
6.443143 -1.9037232 0.0170794 0.3151885 -0.0082755 -0.7367617 -0.0118099 0.6759987
6.755380 -2.1309083 0.0198258 0.2961429 -0.0092643 -0.7358696 -0.0103672 0.6769805
7.067377 -2.3642380 0.0228836 0.2768750 -0.0073027 -0.7360544 -0.0044399 0.6768684
7.379272 -2.6036646 0.0257749 0.2545854 -0.0126649 -0.7361152 -0.0131883 0.6766092
7.691129 -2.8404520 0.0292357 0.2328222 -0.0099679 -0.7365379 -0.0118950 0.6762183
8.003004 -3.0769653 0.0327397 0.2107674 -0.0093774 -0.7364089 -0.0140541 0.6763257
8.315006 -3.3120191 0.0353746 0.1890149 -0.0060455 -0.7360365 -0.0114152 0.6768185
8.626899 -3.5468981 0.0386909 0.1693197 -0.0109184 -0.7354285 -0.0155363 0.6773362
8.938756 -3.7807226 0.0433646 0.1490630 -0.0105981 -0.7354326 -0.0149762 0.6773495
9.250652 -4.0125003 0.0464207 0.1279310 -0.0047803 -0.7354522 -0.0149678 0.6773944
9.562503 -4.2425451 0.0484974 0.1080952 -0.0056073 -0.7363033 -0.0087427 0.6765720
9.874249 -4.4727368 0.0503530 0.0877147 -0.0118253 -0.7382574 -0.0119877 0.6743089
10.186010 -4.6967583 0.0527444 0.0641838 -0.0061793 -0.7394472 -0.0118241 0.6730824
10.497760 -4.9183764 0.0541496 0.0403916 -0.0048443 -0.7405236 -0.0143812 0.6718590
10.809650 -5.1357923 0.0563634 0.0176718 -0.0047752 -0.7412691 -0.0151817 0.6710193
11.225380 -5.4181986 0.0598441 -0.0111727 -0.0082034 -0.7419485 -0.0183991 0.6701541
11.537150 -5.6216345 0.0635500 -0.0331122 -0.0055085 -0.7420518 -0.0148802 0.6701547
11.953260 -5.8743534 0.0656867 -0.0590027 -0.0044908 -0.7374671 -0.0154756 0.6751908
12.265510 -6.0486302 0.0668830 -0.0714667 -0.0052529 -0.7279684 -0.0178071 0.6853593
12.578130 -6.2087641 0.0686429 -0.0740959 -0.0047876 -0.7087674 -0.0205359 0.7051271
12.786780 -6.3049364 0.0699002 -0.0674840 -0.0056112 -0.6892962 -0.0192318 0.7242026
13.099880 -6.4338126 0.0713939 -0.0468585 -0.0066814 -0.6470039 -0.0177676 0.7622504
13.308760 -6.5137229 0.0718903 -0.0225939 -0.0087603 -0.6099058 -0.0156395 0.7922711
13.622130 -6.6227551 0.0724991 0.0306294 -0.0111886 -0.5434672 -0.0050558 0.8393406
13.830760 -6.6907401 0.0735858 0.0752811 -0.0119995 -0.4956574 -0.0042649 0.8684248
14.039380 -6.7516017 0.0739315 0.1291757 -0.0174728 -0.4486547 0.0038122 0.8935263
14.247880 -6.8075571 0.0744070 0.1867523 -0.0124333 -0.3991830 0.0058065 0.9167686
14.456380 -6.8587174 0.0752381 0.2516227 -0.0014918 -0.3454946 0.0060311 0.9384001
14.664880 -6.9061399 0.0746839 0.3282740 0.0011735 -0.2891995 0.0059217 0.9572498
14.873160 -6.9482794 0.0732097 0.4153044 0.0023014 -0.2348881 0.0040844 0.9720111
15.081160 -6.9864445 0.0721516 0.5110888 0.0039156 -0.1886521 -0.0017076 0.9820347
15.288760 -7.0200996 0.0703549 0.6173623 0.0024436 -0.1537933 -0.0042737 0.9880908
15.496190 -7.0508218 0.0687346 0.7320910 0.0005072 -0.1302109 -0.0040266 0.9914780
15.703610 -7.0801029 0.0683986 0.8540684 -0.0010492 -0.1129346 -0.0073925 0.9935744
15.911010 -7.1062608 0.0673274 0.9815700 -0.0015079 -0.0996612 -0.0086472 0.9949827
16.118550 -7.1301613 0.0666835 1.1155505 -0.0016258 -0.0852565 -0.0088724 0.9963182
16.326140 -7.1518035 0.0655230 1.2548330 -0.0004712 -0.0715971 -0.0100383 0.9973830
16.533760 -7.1697974 0.0635274 1.3981462 0.0050738 -0.0612496 -0.0097219 0.9980623
16.741260 -7.1869979 0.0614557 1.5481364 0.0021003 -0.0538769 -0.0104393 0.9984908
16.948890 -7.2040658 0.0588591 1.6994035 -0.0037609 -0.0491627 -0.0128903 0.9987005
17.156420 -7.2187762 0.0577977 1.8488331 -0.0025580 -0.0458136 -0.0123444 0.9988704
17.364000 -7.2317734 0.0559008 1.9983491 -0.0050981 -0.0432524 -0.0107325 0.9989935
17.571660 -7.2447166 0.0545313 2.1475492 -0.0041371 -0.0403412 -0.0093529 0.9991336
17.779390 -7.2570190 0.0527559 2.2935266 0.0033808 -0.0386859 -0.0112079 0.9991828
17.987010 -7.2691574 0.0494015 2.4405847 0.0045507 -0.0369297 -0.0125194 0.9992291
18.194760 -7.2811737 0.0465483 2.5869615 0.0002371 -0.0345393 -0.0157651 0.9992790
18.506260 -7.2955246 0.0423654 2.8041580 -0.0008305 -0.0322088 -0.0120458 0.9994082
18.713910 -7.3046036 0.0405056 2.9485738 0.0007280 -0.0314422 -0.0106658 0.9994484
19.025510 -7.3201804 0.0374810 3.1684196 0.0006682 -0.0303928 -0.0117961 0.9994682
19.337010 -7.3348198 0.0340067 3.3910327 0.0005343 -0.0339758 -0.0112723 0.9993590
19.648510 -7.3539910 0.0301698 3.6164222 0.0049212 -0.0379541 -0.0135102 0.9991760
19.856260 -7.3682566 0.0272862 3.7682996 0.0050342 -0.0398176 -0.0134175 0.9991042
20.167930 -7.3879161 0.0230591 3.9983940 0.0019212 -0.0424717 -0.0122345 0.9990209
20.479750 -7.4095383 0.0195705 4.2342710 -0.0017119 -0.0416193 -0.0133046 0.9990435
20.791530 -7.4288745 0.0168092 4.4715228 0.0008440 -0.0390497 -0.0105076 0.9991817
21.103270 -7.4465942 0.0133737 4.7094421 -0.0017281 -0.0374888 -0.0070209 0.9992709
21.415040 -7.4650416 0.0094261 4.9430642 0.0027547 -0.0362775 -0.0088281 0.9992990
21.726890 -7.4833927 0.0026923 5.1742177 0.0087666 -0.0349629 -0.0119721 0.9992784
22.038660 -7.5010166 -0.0025013 5.4052095 -0.0024597 -0.0356443 -0.0091427 0.9993197
22.246540 -7.5111966 -0.0046003 5.5548544 0.0004033 -0.0382399 -0.0057276 0.9992521
22.558370 -7.5306768 -0.0099561 5.7755270 0.0039029 -0.0426785 -0.0068658 0.9990577
22.766140 -7.5446553 -0.0134157 5.9191446 0.0078425 -0.0462671 -0.0084797 0.9988623
23.078010 -7.5681334 -0.0193298 6.1312423 0.0042897 -0.0517428 -0.0140687 0.9985521
23.285910 -7.5842643 -0.0223841 6.2697597 -0.0002098 -0.0564748 -0.0135132 0.9983125
23.493760 -7.6021504 -0.0247429 6.4056191 -0.0027688 -0.0625717 -0.0118693 0.9979661
23.701510 -7.6215210 -0.0266526 6.5383816 -0.0018283 -0.0690177 -0.0147217 0.9975051
23.909390 -7.6419420 -0.0286896 6.6674929 0.0014724 -0.0750138 -0.0150809 0.9970674
24.117270 -7.6641989 -0.0302750 6.7964435 -0.0002133 -0.0800057 -0.0165758 0.9966565
24.325140 -7.6870584 -0.0323049 6.9234514 -0.0034860 -0.0862115 -0.0161492 0.9961399
24.533020 -7.7103200 -0.0335916 7.0472174 0.0020871 -0.0941667 -0.0146037 0.9954472
24.740760 -7.7369628 -0.0357877 7.1706524 0.0014846 -0.1041100 -0.0130407 0.9944792
24.948510 -7.7662287 -0.0370506 7.2937365 -0.0054031 -0.1159752 -0.0132053 0.9931496
25.156270 -7.7985501 -0.0385645 7.4132051 -0.0046554 -0.1275080 -0.0152233 0.9917098
25.467890 -7.8516340 -0.0394674 7.5902224 -0.0000372 -0.1461856 -0.0135276 0.9891647
25.675640 -7.8913226 -0.0406256 7.7089109 -0.0063040 -0.1583504 -0.0134340 0.9872715
25.987390 -7.9551268 -0.0419039 7.8836551 -0.0000610 -0.1754798 -0.0101837 0.9844304
26.195270 -8.0002012 -0.0431655 7.9991117 0.0037030 -0.1832960 -0.0088383 0.9830111
26.403140 -8.0491257 -0.0452869 8.1146336 0.0032116 -0.1914399 -0.0113225 0.9814337
26.611020 -8.0976486 -0.0462147 8.2297850 -0.0043388 -0.1993416 -0.0110448 0.9798582
26.818890 -8.1508579 -0.0472057 8.3434668 -0.0045141 -0.2053670 -0.0198859 0.9784725
27.026890 -8.2017813 -0.0473751 8.4562550 0.0024223 -0.2110389 -0.0154887 0.9773520
27.234770 -8.2561512 -0.0486642 8.5701571 0.0007531 -0.2154533 -0.0186137 0.9763364
27.442660 -8.3112774 -0.0501165 8.6843691 -0.0005570 -0.2210991 -0.0176941 0.9750907
27.650520 -8.3676224 -0.0510473 8.7970524 0.0060227 -0.2262865 -0.0167929 0.9738974
27.858410 -8.4261570 -0.0535488 8.9097538 0.0048173 -0.2308443 -0.0184586 0.9728037
28.066150 -8.4841681 -0.0557281 9.0212250 0.0037693 -0.2356647 -0.0196340 0.9716287
28.377890 -8.5730553 -0.0586057 9.1860800 0.0037473 -0.2425530 -0.0174670 0.9699737
28.689660 -8.6644888 -0.0621769 9.3465633 0.0056048 -0.2493472 -0.0174574 0.9682406
29.001520 -8.7547417 -0.0651555 9.5030308 0.0071809 -0.2555668 -0.0159768 0.9666327
29.313270 -8.8439465 -0.0676308 9.6549292 -0.0045053 -0.2600541 -0.0161819 0.9654480
29.625020 -8.9277792 -0.0686161 9.7963409 -0.0015614 -0.2650893 -0.0132068 0.9641321
29.936770 -9.0065956 -0.0702871 9.9260712 -0.0017171 -0.2690516 -0.0116609 0.9630536
30.248520 -9.0789413 -0.0717746 10.0423822 -0.0033111 -0.2725535 -0.0095058 0.9620880
30.560270 -9.1441355 -0.0732416 10.1422529 0.0011252 -0.2756923 -0.0090141 0.9612030
30.871790 -9.2014904 -0.0745895 10.2302980 0.0002418 -0.2828425 -0.0053052 0.9591516
31.183270 -9.2549105 -0.0749800 10.3043184 -0.0044134 -0.2920537 -0.0116437 0.9563209
31.494660 -9.2995138 -0.0755699 10.3662243 -0.0084678 -0.3059837 -0.0086197 0.9519601
31.805770 -9.3409081 -0.0758193 10.4152451 -0.0093787 -0.3300046 -0.0083890 0.9438955
32.116900 -9.3796606 -0.0760648 10.4525614 -0.0029842 -0.3610468 -0.0067286 0.9325187
32.428170 -9.4188480 -0.0759615 10.4835215 0.0023432 -0.3926550 -0.0123462 0.9196000
32.739270 -9.4600086 -0.0755070 10.5138769 -0.0011070 -0.4293875 -0.0108173 0.9030549
33.050400 -9.5047722 -0.0749311 10.5378618 -0.0033553 -0.4699500 -0.0164501 0.8825334
33.361650 -9.5512533 -0.0755629 10.5564938 -0.0042899 -0.5102725 -0.0228601 0.8596982
33.569020 -9.5843887 -0.0754602 10.5679150 -0.0031778 -0.5397469 -0.0217229 0.8415410
33.880040 -9.6456280 -0.0743839 10.5823526 -0.0012018 -0.5905202 -0.0196127 0.8067836
34.191020 -9.7197504 -0.0726325 10.5892410 -0.0004700 -0.6466056 -0.0175149 0.7626233
34.502140 -9.8054571 -0.0705236 10.5853853 -0.0043066 -0.7040854 -0.0177037 0.7098816
34.813400 -9.9000359 -0.0672252 10.5685844 -0.0095370 -0.7592000 -0.0164860 0.6505786
35.124770 -10.0064802 -0.0628954 10.5333586 -0.0140554 -0.8070787 -0.0146274 0.5900953
35.332520 -10.0799637 -0.0603450 10.4993916 -0.0179463 -0.8348994 -0.0121417 0.5499759
35.540420 -10.1545191 -0.0577994 10.4561472 -0.0206290 -0.8585945 -0.0107609 0.5121269
35.852770 -10.2734089 -0.0531177 10.3732681 0.0198652 0.8829098 0.0107570 -0.4689988
36.061290 -10.3583107 -0.0498355 10.3087559 0.0184236 0.8917389 0.0111420 -0.4520378
36.269900 -10.4477415 -0.0467532 10.2392998 0.0198562 0.8975455 0.0112010 -0.4403320
36.478420 -10.5409307 -0.0432584 10.1639099 0.0201373 0.9014720 0.0118455 -0.4322064
36.686900 -10.6381435 -0.0397379 10.0824766 0.0200767 0.9041564 0.0123654 -0.4265504
36.895150 -10.7401276 -0.0358157 9.9972000 0.0212130 0.9057513 0.0122665 -0.4231007
37.103550 -10.8457890 -0.0312659 9.9073906 0.0214274 0.9061409 0.0119078 -0.4222650
37.311780 -10.9557543 -0.0270716 9.8149242 0.0215358 0.9066045 0.0107691 -0.4212939
37.520030 -11.0691566 -0.0225300 9.7177505 0.0215939 0.9069113 0.0125569 -0.4205805
37.728150 -11.1861124 -0.0186781 9.6178074 0.0218698 0.9073572 0.0136344 -0.4195698
37.936280 -11.3055687 -0.0140074 9.5144367 0.0220985 0.9076358 0.0117642 -0.4190114
38.144280 -11.4287176 -0.0093007 9.4091301 0.0240340 0.9080655 0.0102624 -0.4180120
38.456150 -11.6182289 -0.0038712 9.2450380 0.0210041 0.9089791 0.0059914 -0.4162689
38.664150 -11.7469454 -0.0005516 9.1312933 0.0190789 0.9088596 0.0072835 -0.4166018
38.976020 -11.9454155 0.0037708 8.9596605 0.0216620 0.9089811 0.0103487 -0.4161454
39.287780 -12.1411076 0.0092751 8.7886753 0.0218315 0.9090529 0.0111521 -0.4159590
39.495830 -12.2730474 0.0141379 8.6731873 0.0221796 0.9091308 0.0120661 -0.4157448
39.807870 -12.4701014 0.0203603 8.5015697 0.0228778 0.9095227 0.0115839 -0.4148625
40.119140 -12.6646786 0.0259286 8.3296871 0.0230461 0.9102022 0.0111296 -0.4133726
40.430770 -12.8573790 0.0314543 8.1593246 0.0217921 0.9105664 0.0106802 -0.4126498
40.742540 -13.0496845 0.0364933 7.9891129 0.0191343 0.9102073 0.0114116 -0.4135531
41.054600 -13.2415466 0.0421159 7.8212171 0.0196912 0.9091992 0.0112713 -0.4157427
41.365930 -13.4345236 0.0483485 7.6553164 0.0255716 0.9084726 0.0161101 -0.4168503
41.677410 -13.6244717 0.0557624 7.4898252 0.0232204 0.9084542 0.0120107 -0.4171661
41.988800 -13.8132687 0.0616435 7.3274717 0.0246211 0.9087654 0.0131594 -0.4163726
42.196450 -13.9380112 0.0657879 7.2179384 0.0243622 0.9090424 0.0131769 -0.4157822
42.404080 -14.0623331 0.0705213 7.1093941 0.0264002 0.9092528 0.0160428 -0.4150964
42.611550 -14.1841164 0.0760037 7.0025382 0.0268129 0.9095173 0.0151222 -0.4145245
42.922920 -14.3668766 0.0831105 6.8423810 0.0245409 0.9096045 0.0142717 -0.4145040
43.130550 -14.4881067 0.0873235 6.7356911 0.0228828 0.9093385 0.0148901 -0.4151603
43.338330 -14.6085272 0.0915016 6.6305003 0.0230827 0.9090293 0.0152795 -0.4158117
43.545910 -14.7277479 0.0959491 6.5266376 0.0220153 0.9088057 0.0143677 -0.4163906
43.753650 -14.8469524 0.1003347 6.4231539 0.0241390 0.9084380 0.0141233 -0.4170831
43.961280 -14.9641151 0.1038662 6.3220434 0.0238228 0.9082953 0.0130710 -0.4174460
44.169050 -15.0801182 0.1072151 6.2222776 0.0233475 0.9080045 0.0101278 -0.4181869
44.480540 -15.2502422 0.1110684 6.0749083 0.0221034 0.9077417 0.0118641 -0.4187787
44.688220 -15.3608341 0.1140885 5.9810805 0.0222142 0.9077900 0.0113751 -0.4186817
44.999710 -15.5175247 0.1185630 5.8452997 0.0210539 0.9078503 0.0116455 -0.4186036
45.311220 -15.6704769 0.1224821 5.7142043 0.0230881 0.9079385 0.0136368 -0.4182448
45.622980 -15.8167582 0.1265152 5.5888133 0.0261105 0.9081282 0.0144714 -0.4176267
45.934310 -15.9529171 0.1309956 5.4712019 0.0271095 0.9088102 0.0141348 -0.4160881
46.245920 -16.0806026 0.1347193 5.3582578 0.0302196 0.9117326 0.0111188 -0.4095204
46.557220 -16.1976986 0.1395806 5.2466750 0.0334789 0.9188445 0.0095344 -0.3930814
46.868310 -16.3031120 0.1424111 5.1352687 0.0384838 0.9299816 0.0076526 -0.3655061
47.179170 -16.3901939 0.1453219 5.0204105 0.0370587 0.9449595 0.0097817 -0.3249346
47.490160 -16.4597702 0.1474553 4.9040356 0.0354327 0.9619071 0.0122046 -0.2707956
47.801160 -16.5061474 0.1493843 4.7873988 0.0235703 0.9787415 0.0128498 -0.2033332
48.112290 -16.5347080 0.1492330 4.6685233 0.0152290 0.9910807 0.0103156 -0.1319874
48.423630 -16.5456734 0.1502072 4.5465140 0.0114500 0.9982270 0.0132064 -0.0568977
48.631190 -16.5410748 0.1510485 4.4655299 0.0055136 0.9998106 0.0176245 -0.0061347
48.838780 -16.5315895 0.1508850 4.3860545 0.0124166 0.9987341 0.0171139 0.0456405
49.046410 -16.5130730 0.1514494 4.3096666 0.0149221 0.9951286 0.0148418 0.0963120
49.254030 -16.4872742 0.1525571 4.2358499 0.0155934 0.9889823 0.0126353 0.1466674
49.461780 -16.4546986 0.1536574 4.1626120 0.0196951 0.9804876 0.0123683 0.1952006
49.669780 -16.4126873 0.1539482 4.0917106 0.0158660 0.9710837 0.0146438 0.2377609
49.878030 -16.3668880 0.1541968 4.0203657 0.0186886 0.9618515 0.0185206 0.2723037
50.086410 -16.3153725 0.1546434 3.9510646 0.0178478 0.9539200 0.0192299 0.2989119
50.295050 -16.2602119 0.1554068 3.8811035 0.0169317 0.9479535 0.0184429 0.3174230
50.503680 -16.2015305 0.1556590 3.8103385 0.0153352 0.9440685 0.0171644 0.3289451
50.608030 -16.1709919 0.1560757 3.7741652 0.0147631 0.9426837 0.0157024 0.3329909
50.816730 -16.1079006 0.1569744 3.6991124 0.0162171 0.9405243 0.0151023 0.3390030
51.025280 -16.0414886 0.1571955 3.6213579 0.0168710 0.9392352 0.0144165 0.3425561
51.233800 -15.9713774 0.1577260 3.5417209 0.0135028 0.9385781 0.0125847 0.3445729
51.442160 -15.8988419 0.1586445 3.4563713 0.0169517 0.9384424 0.0143043 0.3447229
51.650530 -15.8226700 0.1585341 3.3681078 0.0158797 0.9386954 0.0112974 0.3441963
51.858780 -15.7422886 0.1589989 3.2744179 0.0168466 0.9389094 0.0056613 0.3437053
52.066910 -15.6579752 0.1580207 3.1749935 0.0167037 0.9391074 0.0069219 0.3431478
52.275030 -15.5687160 0.1570750 3.0704708 0.0117211 0.9390917 0.0071140 0.3433929
52.483160 -15.4754887 0.1574339 2.9610896 0.0105371 0.9390169 0.0090861 0.3435894
52.691180 -15.3775196 0.1569305 2.8472238 0.0084090 0.9391114 0.0118072 0.3433070
52.899160 -15.2773132 0.1574206 2.7302318 0.0083780 0.9389467 0.0088202 0.3438476
53.211180 -15.1207113 0.1585768 2.5467281 0.0107399 0.9389389 0.0143209 0.3436179
53.523150 -14.9597731 0.1597990 2.3562040 0.0160610 0.9388207 0.0116726 0.3438337
53.835050 -14.7936468 0.1592525 2.1614976 0.0153361 0.9391504 0.0110756 0.3429850
54.146780 -14.6258698 0.1591295 1.9635844 0.0169941 0.9393260 0.0155830 0.3422500
54.458660 -14.4590359 0.1609778 1.7637324 0.0214392 0.9392874 0.0224740 0.3417227
54.770420 -14.2949734 0.1625581 1.5690513 0.0232917 0.9394274 0.0212003 0.3412977
55.082040 -14.1325340 0.1627213 1.3770733 0.0250242 0.9400408 0.0170327 0.3397161
55.393730 -13.9699745 0.1629234 1.1855273 0.0224889 0.9410913 0.0182646 0.3369093
55.705670 -13.8197079 0.1623214 0.9979820 0.0203313 0.9456383 0.0177298 0.3240995
56.017930 -13.6792965 0.1632621 0.8052721 0.0226054 0.9539267 0.0220731 0.2983717
56.226190 -13.5949612 0.1656108 0.6711526 0.0252058 0.9614425 0.0233640 0.2728502
56.434670 -13.5190182 0.1692351 0.5333123 0.0278331 0.9697343 0.0246087 0.2413194
56.643030 -13.4541531 0.1714253 0.3939328 0.0312578 0.9771844 0.0201977 0.2091071
56.851430 -13.3994770 0.1720174 0.2516646 0.0309574 0.9837731 0.0121281 0.1763097
57.059650 -13.3533039 0.1720176 0.1081638 0.0277736 0.9888173 0.0112963 0.1460871
57.267470 -13.3153877 0.1719873 -0.0384464 0.0302351 0.9919777 0.0097522 0.1223560
57.475150 -13.2819920 0.1723299 -0.1902463 0.0278908 0.9941888 0.0130728 0.1031489
57.682930 -13.2540751 0.1746993 -0.3450286 0.0276534 0.9959078 0.0137360 0.0849366
57.890570 -13.2307568 0.1753544 -0.5010904 0.0290994 0.9971014 0.0102460 0.0695494
58.098070 -13.2118988 0.1773957 -0.6625819 0.0343805 0.9974067 0.0169756 0.0609066
58.305440 -13.1929779 0.1813864 -0.8265272 0.0351020 0.9974364 0.0214054 0.0585683
58.512810 -13.1717730 0.1851731 -0.9918470 0.0308512 0.9977088 0.0175892 0.0575842
58.720450 -13.1490183 0.1881988 -1.1626617 0.0243161 0.9979330 0.0162884 0.0572117
58.927820 -13.1275492 0.1916043 -1.3374621 0.0220797 0.9979146 0.0180209 0.0579154
59.135420 -13.1058416 0.1954621 -1.5137061 0.0209557 0.9978770 0.0175173 0.0591225
59.343070 -13.0832758 0.1986243 -1.6907852 0.0192150 0.9979019 0.0153788 0.0598841
59.550680 -13.0599155 0.2009959 -1.8708756 0.0163012 0.9980219 0.0149237 0.0588548
59.758420 -13.0374784 0.2039621 -2.0521190 0.0152379 0.9981295 0.0152375 0.0572102
59.965990 -13.0153513 0.2062616 -2.2309408 0.0147264 0.9982060 0.0161656 0.0557364
60.173450 -12.9940481 0.2084129 -2.4089782 0.0138428 0.9982424 0.0182039 0.0546720
60.381050 -12.9734812 0.2111019 -2.5846720 0.0130498 0.9983470 0.0161548 0.0535908
60.588540 -12.9535017 0.2130160 -2.7597313 0.0127550 0.9984170 0.0156282 0.0525021
60.797000 -12.9342241 0.2150313 -2.9342527 0.0115641 0.9985247 0.0168755 0.0502992
61.003920 -12.9160671 0.2170760 -3.1086562 0.0104876 0.9986860 0.0163875 0.0474109
61.211580 -12.8981533 0.2193830 -3.2815189 0.0096655 0.9988356 0.0164493 0.0443102
61.419200 -12.8831816 0.2221362 -3.4468107 0.0096750 0.9989402 0.0176520 0.0413909
61.626790 -12.8697004 0.2240506 -3.6114664 0.0100486 0.9990297 0.0176079 0.0390982
61.938390 -12.8497686 0.2272190 -3.8569906 0.0091765 0.9991215 0.0177043 0.0368579
62.145930 -12.8373337 0.2296158 -4.0178156 0.0085648 0.9992037 0.0146166 0.0361246
62.353660 -12.8251972 0.2311408 -4.1767464 0.0084284 0.9992270 0.0126382 0.0362579
62.561290 -12.8130007 0.2322385 -4.3359489 0.0097181 0.9991801 0.0137132 0.0368307
62.769050 -12.8007126 0.2334373 -4.4939175 0.0109415 0.9991150 0.0147598 0.0378379
62.976670 -12.7876530 0.2347375 -4.6500273 0.0105575 0.9990860 0.0154151 0.0384471
63.184460 -12.7749834 0.2362331 -4.8046169 0.0119343 0.9990309 0.0142401 0.0399009
63.392070 -12.7611713 0.2374874 -4.9572377 0.0116189 0.9989281 0.0133613 0.0427684
63.599720 -12.7468777 0.2379069 -5.1080809 0.0115116 0.9988476 0.0123892 0.0449165
63.807440 -12.7321777 0.2387382 -5.2573643 0.0104656 0.9988143 0.0136076 0.0455541
64.015770 -12.7178736 0.2393960 -5.4035625 0.0096420 0.9988344 0.0151536 0.0448027
64.223410 -12.7036648 0.2402522 -5.5444040 0.0080890 0.9989336 0.0151828 0.0428463
64.431450 -12.6923018 0.2413943 -5.6802502 0.0079557 0.9991209 0.0153486 0.0381911
64.639590 -12.6846037 0.2419965 -5.8094978 0.0091667 0.9993587 0.0157816 0.0308065
64.847590 -12.6794205 0.2429820 -5.9327669 0.0121922 0.9995209 0.0167483 0.0229957
65.055500 -12.6750917 0.2435075 -6.0482564 0.0137881 0.9996353 0.0174907 0.0152685
65.367480 -12.6734362 0.2455195 -6.2064915 0.0153654 0.9997229 0.0168718 0.0057806
65.679310 -12.6745605 0.2474106 -6.3444452 0.0176089 0.9997031 0.0167714 -0.0015551
65.887300 -12.6742878 0.2481733 -6.4263964 0.0180981 0.9996543 0.0181459 -0.0058685
66.095340 -12.6758299 0.2481453 -6.4976821 0.0192416 0.9995967 0.0189661 -0.0087513
66.303070 -12.6772327 0.2489183 -6.5587964 0.0207219 0.9995391 0.0195865 -0.0104173
66.512930 -12.6781950 0.2496944 -6.6110249 0.0199928 0.9995357 0.0204340 -0.0105424
66.926760 -12.6783705 0.2503822 -6.6873932 0.0169624 0.9996527 0.0190419 -0.0066483
75.559590 -12.6604795 0.2529645 -6.8777590 0.0119773 0.9975322 0.0145027 0.0676446
76.286810 -12.6430101 0.2528961 -6.9149361 0.0101050 0.9923674 0.0120248 0.1223119
76.598340 -12.6287928 0.2534151 -6.9474411 0.0107805 0.9878970 0.0141072 0.1540921
76.909690 -12.6082935 0.2540718 -6.9862080 0.0107646 0.9812697 0.0171406 0.1915728
77.220840 -12.5813742 0.2549419 -7.0290546 0.0120083 0.9711452 0.0208159 0.2372754
77.531820 -12.5436478 0.2549490 -7.0757809 0.0105187 0.9544726 0.0183228 0.2975495
77.842690 -12.4852753 0.2561959 -7.1324439 0.0146512 0.9284726 0.0157932 0.3707756
78.153970 -12.3993282 0.2569122 -7.1937199 0.0163001 0.8962374 0.0147808 0.4430285
78.465430 -12.2844830 0.2577094 -7.2528725 0.0154016 0.8577458 0.0196838 0.5134662
78.673060 -12.1952448 0.2585490 -7.2871757 0.0169060 0.8278942 0.0254207 0.5600529
78.880800 -12.0922537 0.2591545 -7.3145666 0.0165202 0.7966677 0.0292101 0.6034852
79.088830 -11.9784622 0.2607114 -7.3337283 0.0183503 0.7663763 0.0306769 0.6413966
79.297060 -11.8538780 0.2620869 -7.3446107 0.0190323 0.7420184 0.0286746 0.6694955
79.505690 -11.7188148 0.2626361 -7.3501377 0.0205042 0.7254611 0.0263946 0.6874511
79.714470 -11.5733356 0.2625325 -7.3531489 0.0220289 0.7144324 0.0262403 0.6988652
79.923050 -11.4198351 0.2619895 -7.3510270 0.0254960 0.7045122 0.0248865 0.7087970
80.131680 -11.2580214 0.2603597 -7.3446255 0.0258081 0.6950892 0.0221313 0.7181192
80.340300 -11.0875149 0.2569290 -7.3349748 0.0225085 0.6898383 0.0189693 0.7233648
80.548940 -10.9082441 0.2546333 -7.3239665 0.0210812 0.6889203 0.0178925 0.7243095
80.757320 -10.7216978 0.2525973 -7.3120790 0.0212486 0.6876137 0.0190628 0.7255154
80.965550 -10.5279980 0.2502982 -7.2989368 0.0215313 0.6844422 0.0188470 0.7285053
81.173790 -10.3283758 0.2478948 -7.2833419 0.0212439 0.6811692 0.0183316 0.7315881
81.381810 -10.1235638 0.2446332 -7.2663884 0.0196776 0.6774688 0.0212867 0.7349800
81.589930 -9.9134512 0.2422385 -7.2478952 0.0190915 0.6751423 0.0220801 0.7371098
81.798060 -9.6974554 0.2400064 -7.2273607 0.0194518 0.6758271 0.0208262 0.7365091
82.006180 -9.4792614 0.2376108 -7.2070613 0.0186574 0.6765938 0.0231171 0.7357569
82.214180 -9.2612524 0.2350457 -7.1873379 0.0183573 0.6772660 0.0242237 0.7351102
82.422200 -9.0445652 0.2319091 -7.1686630 0.0185955 0.6777599 0.0235851 0.7346696
82.630180 -8.8309803 0.2291107 -7.1498528 0.0191017 0.6783735 0.0223422 0.7341290
82.838070 -8.6147270 0.2257130 -7.1318588 0.0176081 0.6788675 0.0237716 0.7336646
83.046050 -8.4008236 0.2233630 -7.1149449 0.0190906 0.6792078 0.0226553 0.7333478
83.253960 -8.1881027 0.2198769 -7.0979085 0.0182494 0.6795585 0.0223130 0.7330548
83.357930 -8.0817223 0.2185718 -7.0897412 0.0166700 0.6796268 0.0232485 0.7330000
83.565930 -7.8709998 0.2160750 -7.0721011 0.0148480 0.6801403 0.0220976 0.7325985
83.773690 -7.6622200 0.2133587 -7.0554824 0.0150316 0.6804063 0.0209639 0.7323810
83.877560 -7.5570326 0.2125624 -7.0475984 0.0144835 0.6803578 0.0208618 0.7324400
84.085580 -7.3493700 0.2098212 -7.0307522 0.0145262 0.6806847 0.0217189 0.7321104
84.293370 -7.1445622 0.2069348 -7.0169921 0.0177605 0.6803047 0.0224400 0.7323704
84.500970 -6.9395671 0.2042992 -7.0010481 0.0181433 0.6788173 0.0239862 0.7336911
84.708560 -6.7374258 0.2013143 -6.9836802 0.0173148 0.6764356 0.0242055 0.7359002
84.916060 -6.5363350 0.1979250 -6.9641166 0.0169265 0.6744483 0.0220907 0.7377974
85.123720 -6.3351936 0.1958837 -6.9444523 0.0164207 0.6727836 0.0219496 0.7393313
85.331180 -6.1378050 0.1930302 -6.9244690 0.0158232 0.6716162 0.0225890 0.7403857
85.538870 -5.9419475 0.1909714 -6.9048672 0.0147207 0.6706825 0.0221808 0.7412666
85.746450 -5.7489886 0.1885437 -6.8841133 0.0139327 0.6711842 0.0209902 0.7408624
85.954220 -5.5557575 0.1859760 -6.8645606 0.0140025 0.6723908 0.0212844 0.7397577
86.161940 -5.3642411 0.1838858 -6.8481512 0.0169080 0.6737314 0.0229647 0.7384259
86.369740 -5.1739025 0.1817008 -6.8312092 0.0185497 0.6754147 0.0242947 0.7368043
86.577490 -4.9836354 0.1791562 -6.8153591 0.0170011 0.6769297 0.0252586 0.7354177
86.785510 -4.7950830 0.1774718 -6.7988625 0.0165810 0.6786919 0.0236507 0.7338549
86.992950 -4.6073618 0.1752106 -6.7836061 0.0180365 0.6801648 0.0212911 0.7325280
87.200570 -4.4210296 0.1722461 -6.7692122 0.0192548 0.6811095 0.0208257 0.7316320
87.408330 -4.2344303 0.1689638 -6.7561703 0.0174165 0.6810402 0.0222860 0.7316996
87.616060 -4.0512147 0.1655296 -6.7417078 0.0142864 0.6806226 0.0214609 0.7321804
87.823570 -3.8685129 0.1640111 -6.7264509 0.0117430 0.6804011 0.0179655 0.7325255
88.135050 -3.5989971 0.1605102 -6.7047377 0.0109265 0.6797773 0.0144045 0.7331957
88.342600 -3.4182515 0.1585831 -6.6893654 0.0112517 0.6794693 0.0174604 0.7334099
88.550190 -3.2385156 0.1567695 -6.6755795 0.0107549 0.6784548 0.0213104 0.7342543
88.757820 -3.0623512 0.1549330 -6.6605067 0.0144749 0.6780342 0.0194381 0.7346307
88.965560 -2.8877261 0.1529047 -6.6452303 0.0151436 0.6777666 0.0187023 0.7348832
89.173320 -2.7129912 0.1492333 -6.6298027 0.0169618 0.6777098 0.0187754 0.7348940
89.381180 -2.5399287 0.1456268 -6.6154208 0.0197125 0.6780172 0.0193135 0.7345278
89.588990 -2.3684001 0.1423961 -6.6008019 0.0187806 0.6786057 0.0227080 0.7339115
89.900710 -2.1130931 0.1380909 -6.5798950 0.0181356 0.6799033 0.0210550 0.7327751
90.212510 -1.8609173 0.1345118 -6.5599890 0.0161656 0.6811338 0.0217238 0.7316580
90.524330 -1.6144063 0.1314830 -6.5405359 0.0167833 0.6822867 0.0219303 0.7305629
90.732220 -1.4558705 0.1287925 -6.5287204 0.0149875 0.6829101 0.0215764 0.7300298
90.940100 -1.3014858 0.1263897 -6.5179162 0.0135605 0.6834241 0.0216817 0.7295735
91.251940 -1.0866841 0.1242830 -6.5020561 0.0131618 0.6824067 0.0212291 0.7305458
91.563820 -0.8885683 0.1224348 -6.4874268 0.0126879 0.6778713 0.0191391 0.7348219
91.875570 -0.7061995 0.1189817 -6.4692278 0.0154406 0.6700590 0.0183975 0.7419192
92.083700 -0.5938162 0.1164120 -6.4545155 0.0167282 0.6614110 0.0178453 0.7496247
92.291780 -0.4890020 0.1138580 -6.4372802 0.0169147 0.6513981 0.0179588 0.7583350
92.498710 -0.3936058 0.1112420 -6.4175668 0.0161831 0.6391734 0.0182896 0.7686748
92.812670 -0.2608911 0.1078283 -6.3826509 0.0152922 0.6155341 0.0152025 0.7878152
93.017610 -0.1777288 0.1055706 -6.3558321 0.0141941 0.5968155 0.0141407 0.8021284
93.328690 -0.0641272 0.1022140 -6.3074398 0.0164925 0.5594311 0.0112139 0.8286369
93.536240 0.0044763 0.0987031 -6.2703991 0.0182779 0.5251281 0.0123067 0.8507379
93.847210 0.0978272 0.0947058 -6.2023411 0.0158908 0.4586843 0.0104523 0.8883957
94.054400 0.1524553 0.0917440 -6.1506386 0.0180157 0.4110541 0.0087174 0.9113912
94.261830 0.2003622 0.0883892 -6.0940218 0.0173057 0.3633679 0.0077718 0.9314526
94.469450 0.2418516 0.0853246 -6.0311527 0.0119330 0.3146780 0.0010750 0.9491228
94.677090 0.2791746 0.0833497 -5.9641628 0.0061608 0.2649502 0.0035187 0.9642360
94.884790 0.3053563 0.0809900 -5.8925161 -0.0020110 0.2163355 -0.0027553 0.9763131
95.092440 0.3270699 0.0799595 -5.8187561 -0.0022835 0.1676099 -0.0048070 0.9858390
95.300440 0.3439775 0.0791918 -5.7423744 -0.0010762 0.1254565 -0.0046108 0.9920878
95.404570 0.3496680 0.0792206 -5.7030249 -0.0011685 0.1069714 -0.0074980 0.9942331
95.612820 0.3589923 0.0781723 -5.6219726 -0.0011202 0.0757423 -0.0111369 0.9970646
95.717080 0.3629407 0.0775876 -5.5800061 -0.0017108 0.0646977 -0.0116694 0.9978352
95.925440 0.3697321 0.0768916 -5.4938025 -0.0016748 0.0449772 -0.0105177 0.9989312
96.133950 0.3742746 0.0757780 -5.4038453 -0.0004138 0.0305033 -0.0105935 0.9994785
96.342320 0.3762845 0.0750277 -5.3081532 0.0000273 0.0164453 -0.0106922 0.9998076
96.550570 0.3751673 0.0738567 -5.2066164 -0.0001994 0.0027480 -0.0091464 0.9999544
96.758950 0.3726529 0.0726928 -5.0987592 0.0007810 -0.0087217 -0.0094605 0.9999169
96.967200 0.3673985 0.0714813 -4.9857726 0.0019471 -0.0158607 -0.0100961 0.9998214
97.175570 0.3615317 0.0703732 -4.8672252 0.0023989 -0.0192717 -0.0098688 0.9997627
97.383810 0.3555341 0.0685560 -4.7433724 0.0009725 -0.0219957 -0.0091992 0.9997153
97.592070 0.3483292 0.0674121 -4.6160088 -0.0014278 -0.0251160 -0.0078622 0.9996526
97.904320 0.3361152 0.0645186 -4.4241652 -0.0040665 -0.0299951 -0.0055982 0.9995261
98.112320 0.3272524 0.0632711 -4.2966557 -0.0041247 -0.0334759 -0.0045156 0.9994208
98.424320 0.3114948 0.0616695 -4.1054411 -0.0039881 -0.0374535 -0.0046341 0.9992797
98.736320 0.2953198 0.0597422 -3.9143894 -0.0039011 -0.0383927 -0.0055848 0.9992395
99.048200 0.2794612 0.0585016 -3.7237294 -0.0051509 -0.0387409 -0.0051076 0.9992229
99.360070 0.2627779 0.0573710 -3.5353031 -0.0051962 -0.0386157 -0.0054664 0.9992257
99.671950 0.2470729 0.0560179 -3.3491762 -0.0044897 -0.0369288 -0.0050409 0.9992951
99.983820 0.2337867 0.0534849 -3.1699889 -0.0060225 -0.0351629 -0.0031137 0.9993586
100.295700 0.2209097 0.0523380 -2.9987154 -0.0056568 -0.0339408 -0.0036005 0.9994013
100.607700 0.2087523 0.0510673 -2.8358929 -0.0018535 -0.0331701 -0.0062168 0.9994287
100.919600 0.1969249 0.0483630 -2.6780798 -0.0008829 -0.0323714 -0.0071697 0.9994498
101.231500 0.1849198 0.0453869 -2.5241957 0.0002029 -0.0322857 -0.0092245 0.9994361
101.543300 0.1740326 0.0423927 -2.3721697 -0.0006608 -0.0333498 -0.0085778 0.9994067
101.855100 0.1627133 0.0398979 -2.2241719 0.0006323 -0.0354022 -0.0079090 0.9993417
102.166900 0.1507979 0.0366288 -2.0790658 0.0006235 -0.0381396 -0.0072278 0.9992461
102.478700 0.1383143 0.0337961 -1.9352793 -0.0006284 -0.0408194 -0.0063145 0.9991464
102.790600 0.1247797 0.0314800 -1.7955106 -0.0018702 -0.0429160 -0.0070483 0.9990520
103.102400 0.1127789 0.0294880 -1.6618385 -0.0019781 -0.0431288 -0.0076015 0.9990386
103.414300 0.1010013 0.0272303 -1.5371538 -0.0018600 -0.0409543 -0.0076679 0.9991299
103.726300 0.0915660 0.0252082 -1.4203110 -0.0010687 -0.0390635 -0.0079022 0.9992049
104.038400 0.0824743 0.0234988 -1.3113440 -0.0012756 -0.0372239 -0.0080868 0.9992734
104.350600 0.0751417 0.0216764 -1.2134764 -0.0025580 -0.0358458 -0.0078465 0.9993232
104.558200 0.0700612 0.0208092 -1.1560761 -0.0027399 -0.0348719 -0.0087355 0.9993498
104.870200 0.0649477 0.0190988 -1.0821012 -0.0020537 -0.0339391 -0.0074062 0.9993944
105.181900 0.0601325 0.0177722 -1.0169630 -0.0003817 -0.0332124 -0.0073471 0.9994212
105.494000 0.0551900 0.0165830 -0.9545661 0.0003864 -0.0325319 -0.0072470 0.9994444
106.117600 0.0468124 0.0142531 -0.8336657 -0.0002976 -0.0331012 -0.0058209 0.9994350
106.429300 0.0415966 0.0132283 -0.7746844 -0.0003265 -0.0401322 -0.0052427 0.9991806
106.741000 0.0335743 0.0125132 -0.7173759 0.0000310 -0.0502984 -0.0073797 0.9987070
106.949400 0.0286373 0.0118182 -0.6793987 0.0003156 -0.0550567 -0.0075025 0.9984550
107.572800 0.0134954 0.0093618 -0.5678731 0.0007059 -0.0597128 -0.0098649 0.9981666
107.885000 0.0076536 0.0086526 -0.5129406 0.0004464 -0.0564953 -0.0094131 0.9983584
108.197100 0.0017835 0.0078424 -0.4592703 0.0007806 -0.0521192 -0.0092576 0.9985977
108.509100 -0.0028003 0.0069034 -0.4055954 0.0012390 -0.0460644 -0.0090062 0.9988971
108.821000 -0.0070601 0.0057806 -0.3459764 0.0030160 -0.0393451 -0.0085042 0.9991850
109.132800 -0.0109159 0.0044371 -0.2778521 0.0022003 -0.0319483 -0.0069252 0.9994631
109.548600 -0.0148141 0.0032640 -0.1764583 0.0003667 -0.0224024 -0.0051905 0.9997355
110.380000 -0.0217375 -0.0005147 0.0585396 0.0016100 -0.0094290 -0.0070511 0.9999294
111.002900 -0.0228691 -0.0060341 0.2478559 0.0069896 -0.0162213 -0.0003494 0.9998440
111.521300 -0.0454922 -0.0095801 0.3954859 0.0029481 -0.0711080 -0.0050986 0.9974512
112.040200 -0.0840295 -0.0120736 0.5322223 -0.0046209 -0.1265521 -0.0114774 0.9918828
112.456700 -0.1143408 -0.0128846 0.6398100 -0.0073453 -0.1249655 -0.0168059 0.9919915
112.665100 -0.1242096 -0.0124033 0.6873286 -0.0099550 -0.1157906 -0.0125699 0.9931442
113.081600 -0.1343905 -0.0131128 0.7462842 -0.0095231 -0.0968720 -0.0119954 0.9951790
113.497700 -0.1358024 -0.0131847 0.7599410 -0.0079677 -0.0917553 -0.0115800 0.9956824
114.121600 -0.1361246 -0.0138843 0.7586299 -0.0038676 -0.0918387 -0.0117085 0.9956976
