0.000000 -0.0000000 -0.0000000 -0.0000000 0.0000000 0.0000000 0.0000000 1.0000000
0.519499 -0.0044061 -0.0005074 0.0431952 0.0016159 -0.0211175 -0.0009977 0.9997752
0.623377 -0.0062826 -0.0004897 0.0537443 0.0021151 -0.0278711 -0.0009551 0.9996088
0.830874 -0.0107357 -0.0008486 0.0786112 0.0019923 -0.0454614 -0.0001859 0.9989641
1.349627 -0.0337450 -0.0029448 0.1514114 0.0047271 -0.1052906 -0.0053300 0.9944160
1.453253 -0.0401099 -0.0030405 0.1671805 0.0050094 -0.1202907 -0.0056233 0.9927101
2.386504 -0.1317483 -0.0050357 0.3114159 0.0033827 -0.2875235 -0.0080723 0.9577336
2.800890 -0.2042088 -0.0063577 0.3703155 0.0009100 -0.3888903 -0.0102287 0.9212269
3.008248 -0.2487995 -0.0061775 0.3981813 -0.0013865 -0.4416582 -0.0071140 0.8971541
3.215751 -0.3004811 -0.0058780 0.4218281 -0.0040396 -0.4945417 -0.0065352 0.8691199
3.423126 -0.3590831 -0.0051805 0.4406006 -0.0063539 -0.5460736 -0.0070983 0.8376830
3.630648 -0.4252284 -0.0046833 0.4552572 -0.0093058 -0.5946909 -0.0081117 0.8038597
3.838251 -0.4961044 -0.0041591 0.4642507 -0.0120950 -0.6372370 -0.0070237 0.7705410
3.942122 -0.5351182 -0.0038422 0.4661670 -0.0116991 -0.6556467 -0.0080162 0.7549346
4.046284 -0.5752639 -0.0029896 0.4665786 -0.0107962 -0.6715919 -0.0089714 0.7407882
4.150266 -0.6166893 -0.0018790 0.4660479 -0.0095388 -0.6855767 -0.0089968 0.7278823
4.358512 -0.7057312 -0.0006362 0.4623474 -0.0080507 -0.7091841 -0.0066720 0.7049458
4.566885 -0.8001592 0.0009199 0.4549815 -0.0059033 -0.7257653 -0.0057076 0.6878933
4.775500 -0.9008007 0.0031757 0.4447344 -0.0062792 -0.7357224 -0.0049051 0.6772363
4.984250 -1.0072703 0.0028890 0.4325261 -0.0059380 -0.7412348 -0.0072299 0.6711807
5.192878 -1.1200022 0.0046535 0.4195409 -0.0072971 -0.7431126 -0.0069179 0.6690909
5.401501 -1.2389210 0.0059443 0.4072832 -0.0093129 -0.7422930 -0.0080777 0.6699620
5.610008 -1.3633636 0.0071002 0.3938699 -0.0072907 -0.7411664 -0.0086253 0.6712264
5.818377 -1.4935021 0.0094945 0.3812146 -0.0078738 -0.7401764 -0.0097175 0.6722965
6.026772 -1.6302130 0.0113550 0.3674936 -0.0094239 -0.7388790 -0.0122893 0.6736601
6.235023 -1.7709496 0.0139792 0.3534975 -0.0066882 -0.7376410 -0.0124513 0.6750452
6.443143 -1.9177223 0.0168977 0.3406546 -0.0079466 -0.7366479 -0.0122897 0.6761181
6.755380 -2.1410511 0.0201279 0.3216625 -0.0088087 -0.7356648 -0.0107410 0.6772032
7.067377 -2.3708637 0.0228532 0.3027480 -0.0068723 -0.7358571 -0.0049009 0.6770843
7.379272 -2.6074107 0.0259194 0.2808942 -0.0123033 -0.7359351 -0.0134517 0.6768066
7.691129 -2.8394711 0.0292611 0.2598736 -0.0096152 -0.7363297 -0.0121638 0.6764452
8.003004 -3.0710700 0.0327438 0.2387471 -0.0091023 -0.7362841 -0.0142933 0.6764603
8.315006 -3.3016653 0.0357190 0.2174930 -0.0057785 -0.7358978 -0.0114923 0.6769704
8.626899 -3.5335193 0.0389092 0.1976761 -0.0107352 -0.7352859 -0.0154886 0.6774950
8.938756 -3.7627537 0.0433292 0.1779440 -0.0102364 -0.7352833 -0.0151089 0.6775141
9.250652 -3.9904599 0.0459096 0.1569365 -0.0044197 -0.7352728 -0.0152610 0.6775850
9.562503 -4.2169623 0.0481114 0.1371995 -0.0053042 -0.7361211 -0.0089062 0.6767704
9.874249 -4.4434233 0.0499408 0.1166253 -0.0114713 -0.7379413 -0.0122166 0.6746568
10.186010 -4.6633792 0.0522347 0.0940273 -0.0056871 -0.7391670 -0.0121586 0.6733884
10.497760 -4.8817000 0.0533917 0.0707341 -0.0043441 -0.7402453 -0.0147764 0.6721605
10.809650 -5.0941625 0.0558418 0.0484521 -0.0042420 -0.7409163 -0.0155897 0.6714031
11.121380 -5.3018198 0.0584678 0.0272652 -0.0080436 -0.7412882 -0.0183937 0.6708866
11.641130 -5.6341319 0.0635225 -0.0089590 -0.0043060 -0.7411829 -0.0142843 0.6711373
11.953260 -5.8178272 0.0651868 -0.0268347 -0.0041163 -0.7370507 -0.0155327 0.6756464
12.369630 -6.0435395 0.0666580 -0.0413179 -0.0044472 -0.7223306 -0.0194885 0.6912590
12.682390 -6.1947856 0.0677294 -0.0382405 -0.0051531 -0.6993398 -0.0203057 0.7144823
13.099880 -6.3675466 0.0695136 -0.0138284 -0.0066022 -0.6464846 -0.0179946 0.7626863
13.308760 -6.4452443 0.0704094 0.0100598 -0.0084914 -0.6093883 -0.0158191 0.7926686
13.517630 -6.5168128 0.0702338 0.0429580 -0.0104962 -0.5664858 -0.0082265 0.8239636
13.830760 -6.6184249 0.0726721 0.1065185 -0.0116276 -0.4952806 -0.0040707 0.8686457
14.039380 -6.6784000 0.0725144 0.1590428 -0.0172542 -0.4481111 0.0039600 0.8938026
14.247880 -6.7323208 0.0732365 0.2154472 -0.0121464 -0.3988161 0.0061229 0.9169300
14.456380 -6.7823386 0.0739375 0.2790225 -0.0012447 -0.3450797 0.0062942 0.9385514
14.664880 -6.8293295 0.0732022 0.3542247 0.0013581 -0.2886500 0.0063857 0.9574124
14.873160 -6.8709497 0.0718581 0.4399056 0.0024946 -0.2342819 0.0046174 0.9721546
15.081160 -6.9081097 0.0703575 0.5335617 0.0040202 -0.1880719 -0.0012299 0.9821463
15.288760 -6.9411740 0.0693956 0.6387229 0.0027544 -0.1532291 -0.0037686 0.9881797
15.496190 -6.9712439 0.0676850 0.7512845 0.0007188 -0.1296540 -0.0034166 0.9915531
15.703610 -6.9998779 0.0670473 0.8708075 -0.0008667 -0.1123661 -0.0069257 0.9936424
15.911010 -7.0251684 0.0658315 0.9961003 -0.0013861 -0.0991658 -0.0080336 0.9950376
16.118550 -7.0486321 0.0650900 1.1279690 -0.0015324 -0.0847627 -0.0083727 0.9963648
16.326140 -7.0697155 0.0638860 1.2653069 -0.0003417 -0.0710968 -0.0094653 0.9974244
16.533760 -7.0874424 0.0619293 1.4066429 0.0051925 -0.0607257 -0.0090283 0.9981002
16.741260 -7.1045213 0.0598135 1.5543905 0.0022595 -0.0532852 -0.0099585 0.9985271
16.948890 -7.1213078 0.0574813 1.7038913 -0.0035912 -0.0485858 -0.0122297 0.9987377
17.156420 -7.1357384 0.0558716 1.8514372 -0.0025985 -0.0451850 -0.0118515 0.9989049
17.364000 -7.1486864 0.0544639 1.9998410 -0.0049530 -0.0425756 -0.0101546 0.9990293
17.571660 -7.1614847 0.0529746 2.1477723 -0.0040812 -0.0396683 -0.0086880 0.9991668
17.779390 -7.1737819 0.0514005 2.2919998 0.0035349 -0.0378953 -0.0106519 0.9992187
18.090880 -7.1910238 0.0462655 2.5095568 0.0026946 -0.0350094 -0.0132283 0.9992958
18.402390 -7.2065334 0.0423789 2.7259667 -0.0007428 -0.0319433 -0.0122712 0.9994141
18.713910 -7.2199402 0.0389608 2.9415181 0.0007308 -0.0305855 -0.0103204 0.9994786
19.025510 -7.2343254 0.0363008 3.1592467 0.0007508 -0.0297439 -0.0112727 0.9994937
19.337010 -7.2486706 0.0329798 3.3807442 0.0006569 -0.0333723 -0.0108714 0.9993836
19.648510 -7.2668891 0.0289819 3.6042030 0.0049873 -0.0373234 -0.0131324 0.9992045
19.960140 -7.2866278 0.0238601 3.8310394 0.0046089 -0.0403063 -0.0123812 0.9991000
20.271890 -7.3067474 0.0199644 4.0623822 -0.0004473 -0.0423273 -0.0114489 0.9990381
20.583640 -7.3274255 0.0168609 4.2988358 -0.0010041 -0.0401628 -0.0126829 0.9991121
20.895390 -7.3460927 0.0139666 4.5366874 0.0009909 -0.0375292 -0.0091648 0.9992530
21.207140 -7.3637676 0.0112965 4.7739706 -0.0015488 -0.0362777 -0.0065091 0.9993193
21.519010 -7.3824224 0.0059636 5.0066438 0.0054870 -0.0348733 -0.0092256 0.9993341
21.830760 -7.3998666 -0.0004417 5.2377653 0.0058470 -0.0339580 -0.0100433 0.9993557
22.142620 -7.4168816 -0.0053246 5.4661112 -0.0014171 -0.0359594 -0.0079655 0.9993205
22.454390 -7.4341507 -0.0096795 5.6873946 0.0021781 -0.0397566 -0.0060611 0.9991887
22.766140 -7.4547524 -0.0151815 5.9041052 0.0076439 -0.0448918 -0.0084975 0.9989265
22.974020 -7.4700050 -0.0193119 6.0460191 0.0069207 -0.0484280 -0.0123107 0.9987268
23.181990 -7.4860687 -0.0230891 6.1877403 0.0012881 -0.0524005 -0.0138150 0.9985297
23.389770 -7.5029922 -0.0254072 6.3262959 -0.0010064 -0.0580814 -0.0132914 0.9982229
23.597640 -7.5210466 -0.0271579 6.4630108 -0.0026281 -0.0643879 -0.0125633 0.9978424
23.805540 -7.5417833 -0.0289835 6.5966282 -0.0000791 -0.0704179 -0.0161017 0.9973876
24.013390 -7.5626926 -0.0311058 6.7292404 0.0021077 -0.0761751 -0.0164612 0.9969563
24.221270 -7.5854254 -0.0324922 6.8612056 -0.0023413 -0.0816875 -0.0171787 0.9965072
24.429140 -7.6082220 -0.0349503 6.9899445 -0.0017590 -0.0885564 -0.0157607 0.9959449
24.636890 -7.6335626 -0.0363438 7.1173825 0.0026689 -0.0974380 -0.0136298 0.9951447
24.844640 -7.6622977 -0.0380625 7.2449818 -0.0017566 -0.1084619 -0.0130993 0.9940128
25.052390 -7.6934037 -0.0395563 7.3700514 -0.0073269 -0.1203462 -0.0135866 0.9926119
25.260140 -7.7272377 -0.0406050 7.4912438 -0.0000389 -0.1324185 -0.0158681 0.9910669
25.467890 -7.7639580 -0.0410444 7.6119184 -0.0001528 -0.1449104 -0.0139256 0.9893467
25.675640 -7.8041945 -0.0421031 7.7331409 -0.0064738 -0.1569806 -0.0135937 0.9874869
25.883390 -7.8462825 -0.0420565 7.8529515 -0.0033314 -0.1696387 -0.0119007 0.9854288
26.195270 -7.9143872 -0.0444453 8.0299053 0.0035774 -0.1820374 -0.0090368 0.9832436
26.507020 -7.9877777 -0.0472372 8.2063818 -0.0004696 -0.1944307 -0.0110954 0.9808534
26.818890 -8.0670948 -0.0491668 8.3832951 -0.0049014 -0.2042260 -0.0199878 0.9787074
27.130890 -8.1462269 -0.0488456 8.5578194 0.0027150 -0.2120006 -0.0160155 0.9771345
27.442660 -8.2305584 -0.0514739 8.7333584 -0.0008280 -0.2200451 -0.0176463 0.9753298
27.650520 -8.2882452 -0.0522582 8.8492270 0.0058685 -0.2251811 -0.0170554 0.9741499
27.962300 -8.3777103 -0.0556610 9.0211506 0.0037461 -0.2318885 -0.0195124 0.9725394
28.170020 -8.4367418 -0.0573917 9.1344328 0.0039712 -0.2369529 -0.0190644 0.9713259
28.481890 -8.5281420 -0.0603301 9.3018322 0.0036631 -0.2436435 -0.0184690 0.9696821
28.793670 -8.6196260 -0.0636358 9.4637136 0.0076520 -0.2506115 -0.0166358 0.9679146
29.105390 -8.7104921 -0.0675024 9.6216812 0.0027785 -0.2563374 -0.0176787 0.9664217
29.417270 -8.7989349 -0.0692528 9.7735844 -0.0048264 -0.2608572 -0.0147463 0.9652527
29.729040 -8.8833046 -0.0707105 9.9137402 -0.0015114 -0.2655709 -0.0128205 0.9640049
30.040770 -8.9628315 -0.0720721 10.0422058 -0.0027366 -0.2689041 -0.0118707 0.9630899
30.352400 -9.0339565 -0.0728292 10.1557570 -0.0029362 -0.2722319 -0.0095668 0.9621797
30.664040 -9.0982656 -0.0749118 10.2526321 0.0014747 -0.2760513 -0.0076703 0.9611112
30.975650 -9.1552181 -0.0756941 10.3376722 -0.0002572 -0.2842951 -0.0074757 0.9587076
31.287140 -9.2068338 -0.0768765 10.4092484 -0.0069076 -0.2942578 -0.0123277 0.9556216
31.598390 -9.2503328 -0.0767679 10.4684315 -0.0097799 -0.3111722 -0.0079386 0.9502701
31.909520 -9.2919111 -0.0774334 10.5137196 -0.0085387 -0.3383519 -0.0086926 0.9409407
32.220650 -9.3306408 -0.0775108 10.5492697 -0.0009823 -0.3696654 -0.0084488 0.9291260
32.531770 -9.3711185 -0.0771418 10.5808573 0.0006773 -0.4025689 -0.0116904 0.9153148
32.842900 -9.4143248 -0.0771075 10.6095734 -0.0025461 -0.4413059 -0.0136821 0.8972488
33.154020 -9.4608994 -0.0764956 10.6324253 -0.0042436 -0.4815535 -0.0188845 0.8762029
33.465270 -9.5089569 -0.0766909 10.6502438 -0.0051702 -0.5227845 -0.0229725 0.8521396
33.776420 -9.5655975 -0.0760981 10.6655340 -0.0017353 -0.5706636 -0.0205542 0.8209248
34.087400 -9.6371250 -0.0743912 10.6758680 -0.0012119 -0.6253421 -0.0188040 0.7801232
34.398420 -9.7214146 -0.0718899 10.6751928 -0.0025106 -0.6825377 -0.0183162 0.7306166
34.709660 -9.8166018 -0.0691002 10.6639652 -0.0089762 -0.7393740 -0.0171475 0.6730168
34.917150 -9.8853979 -0.0654671 10.6458530 -0.0108898 -0.7738722 -0.0168410 0.6330242
35.124770 -9.9592800 -0.0626363 10.6206608 -0.0144838 -0.8051749 -0.0149912 0.5926709
35.332520 -10.0350809 -0.0599817 10.5859976 -0.0184816 -0.8330606 -0.0124822 0.5527321
35.540420 -10.1134405 -0.0570212 10.5416756 -0.0210185 -0.8569239 -0.0111112 0.5148943
35.748650 -10.1959095 -0.0541599 10.4867620 0.0214912 0.8748950 0.0109262 -0.4837121
35.957050 -10.2817078 -0.0504785 10.4241190 0.0195788 0.8863952 0.0109496 -0.4623854
36.165670 -10.3726244 -0.0466166 10.3551044 0.0197645 0.8934012 0.0112409 -0.4486840
36.374170 -10.4684181 -0.0431633 10.2797728 0.0210131 0.8982739 0.0115004 -0.4387826
36.582670 -10.5683222 -0.0398147 10.1988831 0.0210172 0.9016296 0.0123212 -0.4318224
36.791110 -10.6715307 -0.0355331 10.1131382 0.0213940 0.9037330 0.0124139 -0.4273815
36.999490 -10.7798004 -0.0313668 10.0232830 0.0222223 0.9045804 0.0123904 -0.4255430
37.207650 -10.8931456 -0.0272566 9.9293709 0.0220650 0.9050702 0.0117713 -0.4245262
37.415890 -11.0102358 -0.0223099 9.8305073 0.0224249 0.9053697 0.0114792 -0.4238763
37.728150 -11.1931391 -0.0156565 9.6757784 0.0226998 0.9059655 0.0139250 -0.4225131
38.040280 -11.3833618 -0.0083078 9.5153627 0.0238945 0.9065627 0.0114757 -0.4212379
38.352280 -11.5774317 -0.0018026 9.3487272 0.0232419 0.9072946 0.0077307 -0.4197815
38.664150 -11.7788258 0.0040655 9.1730309 0.0198652 0.9073506 0.0076950 -0.4198346
38.976020 -11.9860401 0.0086727 8.9955664 0.0223943 0.9074382 0.0108017 -0.4194494
39.287780 -12.1923828 0.0155357 8.8190622 0.0224797 0.9076064 0.0115180 -0.4190615
39.599580 -12.3988934 0.0227687 8.6413507 0.0232203 0.9077311 0.0128773 -0.4187114
39.911280 -12.6041851 0.0291386 8.4639158 0.0233921 0.9082797 0.0117463 -0.4175438
40.223030 -12.8078699 0.0352470 8.2872038 0.0231937 0.9089502 0.0114608 -0.4161013
40.534990 -13.0105133 0.0413507 8.1093941 0.0207011 0.9091358 0.0121407 -0.4158078
40.846410 -13.2121105 0.0467198 7.9336772 0.0186402 0.9083864 0.0115429 -0.4175565
41.158230 -13.4147596 0.0530743 7.7604246 0.0225523 0.9073626 0.0136267 -0.4195222
41.365930 -13.5514660 0.0577881 7.6444120 0.0259483 0.9069818 0.0167367 -0.4200365
41.573580 -13.6856155 0.0637214 7.5285053 0.0235965 0.9069610 0.0126364 -0.4203633
41.781210 -13.8196898 0.0682067 7.4142222 0.0240234 0.9069713 0.0142450 -0.4202655
41.988800 -13.9523087 0.0728295 7.3010063 0.0251376 0.9071748 0.0137253 -0.4197780
42.196450 -14.0846052 0.0770265 7.1871948 0.0249060 0.9075212 0.0138511 -0.4190382
42.404080 -14.2166691 0.0826172 7.0737767 0.0272509 0.9077364 0.0164376 -0.4183322
42.611550 -14.3461609 0.0886295 6.9620671 0.0275961 0.9080317 0.0156334 -0.4176990
42.819190 -14.4746265 0.0940264 6.8508902 0.0262594 0.9082126 0.0147275 -0.4174247
43.026850 -14.6032009 0.0985633 6.7388229 0.0245318 0.9079151 0.0150515 -0.4181648
43.338330 -14.7938633 0.1059800 6.5747619 0.0235738 0.9075282 0.0158488 -0.4190294
43.545910 -14.9193668 0.1105639 6.4661231 0.0222656 0.9072123 0.0151112 -0.4198115
43.857500 -15.1065388 0.1175071 6.3067846 0.0248997 0.9068208 0.0146450 -0.4205255
44.065190 -15.2287674 0.1217975 6.2033329 0.0239379 0.9066785 0.0115559 -0.4209841
44.272790 -15.3488083 0.1253406 6.1013203 0.0226137 0.9062902 0.0116825 -0.4218888
44.584310 -15.5243530 0.1299277 5.9529066 0.0224902 0.9062991 0.0118930 -0.4218704
44.895870 -15.6922245 0.1340307 5.8105664 0.0217484 0.9062691 0.0124188 -0.4219586
45.207330 -15.8530025 0.1388306 5.6728520 0.0225241 0.9062903 0.0133967 -0.4218425
45.518940 -16.0089703 0.1435362 5.5418510 0.0248364 0.9064873 0.0152891 -0.4212245
45.831090 -16.1556454 0.1485136 5.4171433 0.0265040 0.9069638 0.0152008 -0.4200990
46.142050 -16.2911282 0.1538911 5.2998219 0.0289425 0.9086686 0.0123219 -0.4163315
46.453430 -16.4177380 0.1583235 5.1855803 0.0324337 0.9145999 0.0104796 -0.4029209
46.764550 -16.5321732 0.1617823 5.0724583 0.0367590 0.9244245 0.0089302 -0.3794845
47.075560 -16.6305218 0.1647697 4.9558558 0.0383474 0.9385288 0.0092168 -0.3429406
47.386540 -16.7100620 0.1672400 4.8364530 0.0347661 0.9551563 0.0122322 -0.2937994
47.697410 -16.7672024 0.1692451 4.7155399 0.0295811 0.9727821 0.0137438 -0.2294145
48.008600 -16.8019772 0.1700172 4.5943274 0.0162942 0.9868748 0.0120100 -0.1602134
48.319780 -16.8229389 0.1715648 4.4690199 0.0152649 0.9961779 0.0118072 -0.0851895
48.631190 -16.8193150 0.1732032 4.3415651 0.0057239 0.9997757 0.0180809 -0.0094241
48.838780 -16.8099155 0.1742991 4.2593842 0.0120989 0.9988840 0.0169749 0.0423831
49.046410 -16.7916050 0.1747550 4.1800056 0.0146224 0.9954331 0.0147935 0.0931682
49.254030 -16.7653027 0.1760317 4.1034160 0.0152742 0.9894468 0.0126128 0.1435363
49.461780 -16.7320766 0.1773885 4.0275035 0.0192643 0.9811131 0.0121913 0.1920867
49.669780 -16.6893902 0.1772070 3.9537797 0.0156928 0.9718235 0.0147749 0.2347223
49.878030 -16.6422558 0.1775360 3.8795490 0.0186427 0.9626964 0.0186647 0.2692948
50.086410 -16.5890923 0.1780554 3.8075376 0.0177561 0.9548737 0.0193725 0.2958474
50.295050 -16.5325394 0.1787255 3.7348151 0.0166938 0.9489804 0.0186115 0.3143423
50.503680 -16.4722805 0.1792151 3.6613069 0.0151762 0.9451356 0.0172072 0.3258716
50.712390 -16.4095116 0.1802984 3.5854855 0.0150784 0.9425129 0.0150435 0.3334904
50.920920 -16.3436661 0.1809022 3.5059657 0.0175966 0.9408683 0.0154630 0.3379616
51.129530 -16.2737236 0.1806445 3.4247732 0.0148023 0.9399031 0.0131999 0.3408648
51.338030 -16.2008896 0.1815167 3.3393254 0.0144236 0.9394696 0.0137106 0.3420540
51.546400 -16.1251945 0.1819882 3.2488790 0.0169562 0.9396700 0.0140462 0.3413728
51.754650 -16.0454712 0.1823397 3.1555328 0.0158842 0.9398659 0.0079292 0.3410819
51.962780 -15.9621515 0.1820535 3.0561423 0.0176302 0.9400483 0.0060899 0.3405308
52.171030 -15.8740139 0.1809428 2.9520621 0.0130795 0.9402099 0.0072440 0.3402672
52.379030 -15.7814178 0.1802537 2.8426495 0.0107174 0.9400830 0.0079354 0.3406848
52.691180 -15.6349030 0.1807216 2.6705232 0.0078586 0.9402364 0.0117394 0.3402293
53.003160 -15.4810095 0.1814747 2.4892082 0.0087232 0.9399719 0.0096022 0.3410051
53.315160 -15.3223305 0.1827757 2.2984591 0.0109019 0.9399027 0.0142100 0.3409725
53.627040 -15.1570988 0.1826173 2.1017590 0.0159043 0.9399738 0.0107318 0.3407067
53.938910 -14.9876986 0.1820944 1.9001198 0.0138327 0.9402820 0.0126206 0.3398809
54.250800 -14.8194714 0.1824757 1.6973763 0.0191971 0.9404191 0.0173084 0.3390338
54.562530 -14.6521530 0.1845756 1.4937544 0.0214801 0.9402016 0.0256286 0.3389730
54.874290 -14.4871464 0.1869943 1.2985330 0.0239222 0.9407961 0.0170158 0.3376995
55.185920 -14.3231831 0.1869607 1.1011643 0.0241226 0.9412509 0.0182490 0.3363508
55.497680 -14.1642361 0.1873586 0.9060402 0.0208277 0.9431417 0.0180976 0.3312438
55.809690 -14.0148287 0.1888447 0.7130766 0.0207586 0.9489058 0.0183144 0.3143427
56.122050 -13.8800735 0.1915861 0.5120592 0.0235130 0.9581851 0.0227301 0.2842740
56.330510 -13.8020010 0.1944411 0.3728371 0.0267510 0.9661020 0.0241126 0.2556362
56.538940 -13.7302551 0.1970507 0.2305636 0.0293954 0.9739920 0.0242582 0.2233540
56.747290 -13.6697817 0.1994030 0.0870805 0.0325542 0.9810022 0.0154195 0.1906233
56.955550 -13.6179342 0.1996689 -0.0580661 0.0291520 0.9869009 0.0113534 0.1582652
57.163560 -13.5769148 0.1986422 -0.2073269 0.0288514 0.9908903 0.0105758 0.1311185
57.371290 -13.5415220 0.1990381 -0.3599117 0.0298493 0.9933552 0.0102856 0.1106743
57.579070 -13.5104885 0.1995099 -0.5160886 0.0280590 0.9952889 0.0141421 0.0917205
57.786690 -13.4857264 0.2012922 -0.6757492 0.0276886 0.9967428 0.0117517 0.0748260
57.994890 -13.4653349 0.2031600 -0.8372360 0.0322957 0.9974442 0.0121263 0.0625694
58.201850 -13.4467592 0.2059304 -1.0050092 0.0364370 0.9974571 0.0214584 0.0573681
58.409230 -13.4268999 0.2099118 -1.1740816 0.0340150 0.9976342 0.0201309 0.0562467
58.616560 -13.4048538 0.2139029 -1.3469714 0.0273933 0.9979474 0.0163586 0.0555250
58.824030 -13.3830070 0.2176850 -1.5231502 0.0239017 0.9980133 0.0171101 0.0557261
59.031700 -13.3617125 0.2206304 -1.7030354 0.0225800 0.9979677 0.0182996 0.0567086
59.239170 -13.3395023 0.2242645 -1.8841560 0.0209072 0.9979756 0.0165651 0.0577332
59.446780 -13.3165169 0.2269428 -2.0672805 0.0181722 0.9980385 0.0149851 0.0580037
59.654550 -13.2939835 0.2291435 -2.2524672 0.0162994 0.9981534 0.0153708 0.0564604
59.862460 -13.2721672 0.2320096 -2.4374254 0.0154829 0.9982452 0.0155592 0.0549966
60.069690 -13.2510910 0.2342255 -2.6195695 0.0153660 0.9982686 0.0175826 0.0539863
60.277190 -13.2309227 0.2365181 -2.8000264 0.0141322 0.9983351 0.0178253 0.0530054
60.484800 -13.2107792 0.2391188 -2.9790616 0.0135028 0.9984280 0.0159064 0.0520210
60.692600 -13.1913824 0.2414178 -3.1570778 0.0128697 0.9985012 0.0164200 0.0505974
60.900200 -13.1726542 0.2436804 -3.3349252 0.0118748 0.9986425 0.0171727 0.0477208
61.107700 -13.1546021 0.2460351 -3.5115495 0.0109677 0.9988111 0.0161672 0.0446626
61.315290 -13.1383028 0.2489272 -3.6853185 0.0104938 0.9989250 0.0175128 0.0416167
61.522950 -13.1246891 0.2516121 -3.8568876 0.0111128 0.9990033 0.0182400 0.0391956
61.730990 -13.1111355 0.2538753 -4.0268183 0.0113605 0.9990893 0.0176210 0.0371612
61.938390 -13.0972719 0.2560118 -4.1955676 0.0102916 0.9991456 0.0181660 0.0356657
62.145930 -13.0858250 0.2586276 -4.3630533 0.0097277 0.9992188 0.0150907 0.0352048
62.353660 -13.0734024 0.2607169 -4.5288386 0.0096514 0.9992475 0.0130377 0.0352325
62.561290 -13.0609951 0.2620754 -4.6939678 0.0109343 0.9991964 0.0141309 0.0358797
62.769050 -13.0480032 0.2635256 -4.8583298 0.0121801 0.9991409 0.0150248 0.0366529
62.976670 -13.0353861 0.2654048 -5.0199213 0.0116799 0.9991079 0.0156061 0.0374630
63.184460 -13.0221071 0.2663819 -5.1805553 0.0129841 0.9990563 0.0145596 0.0388057
63.392070 -13.0085106 0.2679971 -5.3396378 0.0128258 0.9989530 0.0135751 0.0417614
63.599720 -12.9940929 0.2686849 -5.4966969 0.0126728 0.9988764 0.0126232 0.0438859
63.807440 -12.9791021 0.2697778 -5.6524954 0.0114924 0.9988520 0.0137580 0.0444213
64.015770 -12.9648037 0.2706582 -5.8046460 0.0108419 0.9988689 0.0152564 0.0437096
64.223410 -12.9510870 0.2716557 -5.9520822 0.0091661 0.9989604 0.0153201 0.0419439
64.431450 -12.9393930 0.2731612 -6.0935431 0.0088325 0.9991500 0.0153709 0.0372145
64.639590 -12.9310694 0.2732136 -6.2280693 0.0100784 0.9993802 0.0159193 0.0297364
64.951550 -12.9236927 0.2747358 -6.4174571 0.0139342 0.9995925 0.0170994 0.0181146
65.263460 -12.9204731 0.2762869 -6.5893583 0.0155898 0.9997007 0.0172226 0.0076777
65.575320 -12.9206896 0.2779996 -6.7399554 0.0176933 0.9997088 0.0164020 -0.0004438
65.887300 -12.9213324 0.2789546 -6.8694320 0.0190416 0.9996216 0.0185961 -0.0069547
66.095340 -12.9225225 0.2796480 -6.9446106 0.0202066 0.9995612 0.0191659 -0.0100884
66.303070 -12.9238567 0.2806703 -7.0092797 0.0215214 0.9995015 0.0197827 -0.0119311
66.407050 -12.9232445 0.2804670 -7.0376196 0.0213147 0.9994825 0.0206371 -0.0124274
66.614800 -12.9254436 0.2820511 -7.0884361 0.0199170 0.9995347 0.0202979 -0.0110369
67.862190 -12.9228201 0.2837456 -7.2644315 0.0170812 0.9997010 0.0162568 0.0064729
75.455730 -12.9093409 0.2846721 -7.3379173 0.0130859 0.9979270 0.0145780 0.0613026
75.767480 -12.9043264 0.2843392 -7.3480825 0.0127441 0.9966761 0.0146864 0.0791114
76.079100 -12.8971119 0.2845877 -7.3632808 0.0119214 0.9945283 0.0121372 0.1030731
76.702070 -12.8694935 0.2857922 -7.4252329 0.0108474 0.9860723 0.0154564 0.1652418
77.013440 -12.8465080 0.2860460 -7.4664974 0.0123022 0.9786311 0.0185716 0.2044136
77.324460 -12.8156672 0.2869977 -7.5119634 0.0133175 0.9667088 0.0205065 0.2547083
77.635430 -12.7700615 0.2873525 -7.5642109 0.0116777 0.9471869 0.0174245 0.3199953
77.946530 -12.7011433 0.2890467 -7.6259775 0.0165675 0.9187041 0.0141550 0.3943450
78.257840 -12.6019344 0.2901526 -7.6898823 0.0176219 0.8844764 0.0150137 0.4660103
78.569310 -12.4753933 0.2904824 -7.7483788 0.0170954 0.8436190 0.0220018 0.5362187
78.880800 -12.3201647 0.2914506 -7.7950945 0.0170821 0.7970059 0.0281529 0.6030731
79.088830 -12.2024078 0.2930139 -7.8142757 0.0189167 0.7669190 0.0295016 0.6407862
79.297060 -12.0748453 0.2940784 -7.8257642 0.0196454 0.7425139 0.0275411 0.6689758
79.505690 -11.9360332 0.2943112 -7.8316255 0.0211184 0.7259430 0.0252498 0.6869666
79.714470 -11.7863760 0.2939131 -7.8349829 0.0226690 0.7149250 0.0251107 0.6983823
79.923050 -11.6302710 0.2931166 -7.8322010 0.0260583 0.7051448 0.0236408 0.7081898
80.131680 -11.4656391 0.2906944 -7.8259258 0.0263587 0.6957666 0.0209443 0.7174785
80.340300 -11.2925673 0.2868471 -7.8165674 0.0230494 0.6905035 0.0177801 0.7227431
80.548940 -11.1108074 0.2844411 -7.8050303 0.0217398 0.6897475 0.0166550 0.7235320
80.757320 -10.9219151 0.2814268 -7.7936831 0.0217691 0.6883444 0.0179014 0.7248363
80.965550 -10.7258120 0.2790378 -7.7798915 0.0221837 0.6854353 0.0175554 0.7275838
81.173790 -10.5238037 0.2754708 -7.7647557 0.0217433 0.6821705 0.0172504 0.7306662
81.381810 -10.3168640 0.2720410 -7.7476702 0.0201759 0.6786230 0.0200417 0.7339361
81.589930 -10.1047955 0.2690703 -7.7298317 0.0196300 0.6761925 0.0209315 0.7361659
81.798060 -9.8872433 0.2668001 -7.7099094 0.0200274 0.6768335 0.0195363 0.7356043
82.006180 -9.6670523 0.2632233 -7.6891007 0.0190434 0.6777697 0.0219752 0.7346990
82.214180 -9.4473629 0.2595823 -7.6695361 0.0186554 0.6784373 0.0231292 0.7340571
82.422200 -9.2296858 0.2560280 -7.6507373 0.0187832 0.6790603 0.0223833 0.7335007
82.630180 -9.0140705 0.2526257 -7.6328764 0.0192551 0.6796154 0.0212215 0.7330087
82.838070 -8.7961130 0.2489317 -7.6157455 0.0178724 0.6801157 0.0227056 0.7325351
83.046050 -8.5812826 0.2455415 -7.5991240 0.0190876 0.6805837 0.0216159 0.7321027
83.253960 -8.3675394 0.2418333 -7.5830994 0.0183017 0.6808313 0.0212987 0.7319017
83.357930 -8.2609196 0.2407206 -7.5756202 0.0169385 0.6808116 0.0221794 0.7319267
83.565930 -8.0492420 0.2381644 -7.5585532 0.0151353 0.6813179 0.0209631 0.7315309
83.773690 -7.8399076 0.2345295 -7.5420866 0.0152991 0.6817063 0.0201095 0.7311895
83.981560 -7.6294918 0.2304356 -7.5256834 0.0143254 0.6820102 0.0211285 0.7308971
84.189660 -7.4209824 0.2281973 -7.5122452 0.0162435 0.6819625 0.0211691 0.7309003
84.500970 -7.1104078 0.2238806 -7.4890661 0.0182092 0.6802690 0.0232205 0.7323683
84.708560 -6.9062309 0.2208190 -7.4732690 0.0174759 0.6777700 0.0233591 0.7346951
84.916060 -6.7033195 0.2174160 -7.4546237 0.0170827 0.6757549 0.0212848 0.7366210
85.123720 -6.5012498 0.2146692 -7.4356127 0.0163953 0.6740531 0.0212353 0.7381955
85.331180 -6.3024344 0.2120509 -7.4164367 0.0157967 0.6728426 0.0216076 0.7393013
85.538870 -6.1055226 0.2090305 -7.3963418 0.0145819 0.6721654 0.0214509 0.7399465
85.746450 -5.9115529 0.2065741 -7.3773861 0.0140451 0.6723965 0.0204158 0.7397762
85.954220 -5.7168212 0.2036384 -7.3583937 0.0140935 0.6736177 0.0208445 0.7386516
86.161940 -5.5234308 0.2014424 -7.3418379 0.0170758 0.6750863 0.0224372 0.7371997
86.369740 -5.3320961 0.1989462 -7.3257380 0.0186017 0.6767305 0.0237413 0.7356128
86.577490 -5.1409278 0.1967252 -7.3106246 0.0173309 0.6782383 0.0246550 0.7342238
86.785510 -4.9508071 0.1945821 -7.2950721 0.0168624 0.6798682 0.0230856 0.7327769
86.992950 -4.7618456 0.1922269 -7.2805948 0.0182835 0.6812612 0.0207476 0.7315179
87.200570 -4.5732660 0.1891763 -7.2670293 0.0196165 0.6821752 0.0203244 0.7306430
87.408330 -4.3849845 0.1852670 -7.2543540 0.0177541 0.6821380 0.0218856 0.7306803
87.616060 -4.1981378 0.1822548 -7.2397923 0.0146589 0.6818108 0.0208601 0.7310841
87.823570 -4.0116973 0.1802583 -7.2245874 0.0122269 0.6816241 0.0175098 0.7313908
88.031060 -3.8269291 0.1771648 -7.2101955 0.0114244 0.6812825 0.0153748 0.7317700
88.238710 -3.6423926 0.1745965 -7.1959147 0.0123262 0.6807047 0.0144228 0.7323122
88.446330 -3.4576807 0.1725235 -7.1825314 0.0104904 0.6800075 0.0197871 0.7328630
88.653930 -3.2762568 0.1716083 -7.1677976 0.0134276 0.6792192 0.0198989 0.7335428
88.861690 -3.0966110 0.1697673 -7.1533809 0.0154685 0.6788814 0.0180765 0.7338624
89.069450 -2.9160483 0.1660870 -7.1383986 0.0160012 0.6785846 0.0183972 0.7341174
89.381180 -2.6490006 0.1599012 -7.1171703 0.0199975 0.6788366 0.0187205 0.7337782
89.692870 -2.3815682 0.1543978 -7.0958681 0.0186568 0.6797593 0.0227391 0.7328453
90.004580 -2.1185427 0.1500955 -7.0750942 0.0180375 0.6810457 0.0206287 0.7317280
90.212510 -1.9451351 0.1472011 -7.0618844 0.0166346 0.6818588 0.0216272 0.7309749
90.524330 -1.6903516 0.1433217 -7.0433006 0.0171826 0.6827835 0.0219330 0.7300893
90.732220 -1.5257807 0.1402470 -7.0318570 0.0153222 0.6833534 0.0215757 0.7296079
91.044070 -1.2895610 0.1365657 -7.0158629 0.0129596 0.6838999 0.0216355 0.7291398
91.251940 -1.1416816 0.1345607 -7.0057006 0.0133129 0.6827413 0.0213394 0.7302272
91.563820 -0.9333740 0.1331044 -6.9901848 0.0128633 0.6782529 0.0190761 0.7344683
91.771700 -0.8041176 0.1296955 -6.9778576 0.0141343 0.6737628 0.0185168 0.7385804
91.979540 -0.6822013 0.1280754 -6.9638934 0.0169596 0.6662900 0.0182201 0.7452772
92.291780 -0.5145644 0.1234649 -6.9376554 0.0171392 0.6518123 0.0181360 0.7579697
92.607140 -0.3660159 0.1200615 -6.9065299 0.0160564 0.6321520 0.0166237 0.7744997
92.913890 -0.2293975 0.1164693 -6.8672857 0.0150799 0.6068113 0.0150336 0.7945607
93.225060 -0.1050754 0.1119065 -6.8203292 0.0149630 0.5738752 0.0124194 0.8187119
93.536240 0.0060134 0.1086759 -6.7637367 0.0189339 0.5251899 0.0124226 0.8506837
93.847210 0.1046352 0.1027385 -6.6922221 0.0158666 0.4587281 0.0105743 0.8883721
94.054400 0.1618345 0.0991339 -6.6379929 0.0178693 0.4111187 0.0090108 0.9113621
94.261830 0.2133658 0.0957154 -6.5781517 0.0172656 0.3632163 0.0081503 0.9315092
94.469450 0.2574556 0.0924704 -6.5112028 0.0118624 0.3146092 0.0013388 0.9491462
94.677090 0.2965598 0.0902584 -6.4405909 0.0060557 0.2649324 0.0038648 0.9642403
94.884790 0.3245635 0.0876765 -6.3646145 -0.0020511 0.2162609 -0.0023267 0.9763307
95.092440 0.3472513 0.0866206 -6.2866273 -0.0023631 0.1676621 -0.0045205 0.9858313
95.300440 0.3657408 0.0859560 -6.2052135 -0.0010803 0.1254700 -0.0042097 0.9920879
95.508570 0.3767743 0.0852540 -6.1204615 -0.0011544 0.0900034 -0.0100262 0.9958903
95.717080 0.3861233 0.0840514 -6.0310602 -0.0017492 0.0647709 -0.0113144 0.9978345
95.925440 0.3933047 0.0830137 -5.9385920 -0.0018392 0.0451378 -0.0102446 0.9989265
96.133950 0.3983618 0.0819275 -5.8415542 -0.0005574 0.0306338 -0.0100313 0.9994802
96.342320 0.4003097 0.0811705 -5.7384782 -0.0000866 0.0166229 -0.0102692 0.9998091
96.550570 0.3988406 0.0799997 -5.6284566 -0.0002694 0.0029493 -0.0087710 0.9999571
96.758950 0.3955058 0.0788141 -5.5119252 0.0006860 -0.0083014 -0.0092710 0.9999223
96.967200 0.3907366 0.0774965 -5.3883195 0.0018752 -0.0157074 -0.0098466 0.9998264
97.175570 0.3845882 0.0759712 -5.2596116 0.0022472 -0.0191596 -0.0096071 0.9997678
97.383810 0.3775630 0.0741395 -5.1253204 0.0008828 -0.0217805 -0.0087917 0.9997237
97.696240 0.3661311 0.0721552 -4.9191856 -0.0026483 -0.0264817 -0.0072555 0.9996195
98.008320 0.3523964 0.0702304 -4.7108831 -0.0038765 -0.0314758 -0.0043751 0.9994874
98.320320 0.3365470 0.0672870 -4.5045285 -0.0040031 -0.0363925 -0.0039973 0.9993216
98.632320 0.3191016 0.0657095 -4.2964716 -0.0038688 -0.0381717 -0.0048396 0.9992520
98.840320 0.3074965 0.0646900 -4.1579676 -0.0041668 -0.0384752 -0.0045013 0.9992408
99.152220 0.2897677 0.0629013 -3.9528553 -0.0055058 -0.0386015 -0.0045671 0.9992291
99.464100 0.2728046 0.0609049 -3.7510757 -0.0051216 -0.0379146 -0.0049635 0.9992555
99.775950 0.2569788 0.0594251 -3.5518813 -0.0044112 -0.0360983 -0.0049776 0.9993261
100.087800 0.2426954 0.0574252 -3.3611016 -0.0071668 -0.0342776 -0.0046631 0.9993758
100.399700 0.2305315 0.0557971 -3.1800358 -0.0043943 -0.0334924 -0.0034243 0.9994234
100.711600 0.2164288 0.0534469 -3.0068145 -0.0017527 -0.0325468 -0.0065167 0.9994474
101.023600 0.2039492 0.0501758 -2.8369856 -0.0004920 -0.0318397 -0.0075227 0.9994646
101.335400 0.1919700 0.0483298 -2.6716065 -0.0001337 -0.0322454 -0.0088737 0.9994406
101.647200 0.1796428 0.0446811 -2.5092635 -0.0004583 -0.0334871 -0.0078232 0.9994084
101.959100 0.1665668 0.0418025 -2.3499932 0.0006136 -0.0357026 -0.0079621 0.9993305
102.270800 0.1537451 0.0387626 -2.1925972 0.0004992 -0.0383821 -0.0065085 0.9992418
102.582700 0.1405300 0.0362583 -2.0377481 -0.0008820 -0.0412686 -0.0066306 0.9991257
102.894400 0.1258993 0.0335629 -1.8882681 -0.0019411 -0.0428575 -0.0068079 0.9990561
103.206500 0.1126846 0.0313737 -1.7475934 -0.0018250 -0.0418540 -0.0079377 0.9990906
103.518300 0.1010000 0.0288206 -1.6146773 -0.0016019 -0.0396273 -0.0078156 0.9991827
103.830300 0.0909405 0.0267422 -1.4912003 -0.0010059 -0.0377352 -0.0080514 0.9992548
104.038400 0.0849406 0.0253318 -1.4139724 -0.0012843 -0.0366414 -0.0081329 0.9992946
104.350600 0.0772855 0.0231617 -1.3080213 -0.0026091 -0.0353178 -0.0079260 0.9993413
104.558200 0.0718995 0.0220562 -1.2462806 -0.0028835 -0.0343086 -0.0088153 0.9993683
104.870200 0.0664949 0.0205259 -1.1663792 -0.0020448 -0.0332758 -0.0075623 0.9994155
105.181900 0.0616824 0.0190837 -1.0959691 -0.0004061 -0.0326784 -0.0074960 0.9994377
105.494000 0.0565894 0.0178885 -1.0286320 0.0003358 -0.0320026 -0.0073540 0.9994607
105.805700 0.0523406 0.0166190 -0.9620983 -0.0002178 -0.0318724 -0.0067043 0.9994695
106.117600 0.0481427 0.0154190 -0.8976513 -0.0003104 -0.0326984 -0.0058684 0.9994480
106.429300 0.0423381 0.0142210 -0.8341733 -0.0003211 -0.0395741 -0.0053841 0.9992021
106.741000 0.0341990 0.0133906 -0.7722098 0.0000036 -0.0499425 -0.0076314 0.9987230
107.052900 0.0265175 0.0123519 -0.7111282 0.0002941 -0.0572869 -0.0070473 0.9983329
107.364700 0.0172807 0.0112511 -0.6504591 0.0007466 -0.0604408 -0.0100760 0.9981207
107.676800 0.0103342 0.0101518 -0.5909870 0.0006504 -0.0584268 -0.0095587 0.9982457
108.093000 0.0030082 0.0086594 -0.5137862 0.0007480 -0.0535933 -0.0091996 0.9985202
108.405100 -0.0024889 0.0077707 -0.4557995 0.0007600 -0.0478307 -0.0090562 0.9988141
108.717000 -0.0075526 0.0068353 -0.3941963 0.0028977 -0.0412924 -0.0086640 0.9991053
109.132800 -0.0125439 0.0050451 -0.2992661 0.0022743 -0.0317725 -0.0069736 0.9994682
109.548600 -0.0171619 0.0035328 -0.1904335 0.0002932 -0.0220542 -0.0053253 0.9997426
109.964400 -0.0193345 0.0016184 -0.0705671 -0.0000091 -0.0151212 -0.0027262 0.9998820
110.276000 -0.0226527 -0.0002026 0.0281429 0.0022075 -0.0120931 -0.0047499 0.9999132
111.521300 -0.0471738 -0.0107973 0.4102576 0.0026958 -0.0706426 -0.0051901 0.9974846
112.040200 -0.0895908 -0.0131160 0.5612516 -0.0047439 -0.1262443 -0.0114089 0.9919223
112.561000 -0.1275195 -0.0137504 0.7027736 -0.0091202 -0.1202737 -0.0137509 0.9926037
113.081600 -0.1430244 -0.0141069 0.7903510 -0.0095922 -0.0965894 -0.0119737 0.9952061
114.225600 -0.1446870 -0.0150726 0.8034353 -0.0043059 -0.0913018 -0.0119146 0.9957427
