3.837524 0.0000000 0.0000000 0.0000000 0.0000000 0.0000000 0.0000000 1.0000000
3.941290 0.0010738 -0.0003480 0.0371287 0.0002825 0.0113721 0.0021783 0.9999329
4.044901 0.0030641 -0.0004408 0.0745252 0.0003111 0.0214458 0.0051618 0.9997566
4.148625 0.0053628 -0.0007563 0.1127274 -0.0000307 0.0304458 0.0072802 0.9995099
4.252293 0.0085595 -0.0009103 0.1511137 0.0001346 0.0382295 0.0090249 0.9992282
4.355974 0.0122156 -0.0010643 0.1899041 -0.0002509 0.0454341 0.0101952 0.9989153
4.563217 0.0211441 -0.0016952 0.2677230 -0.0007813 0.0580685 0.0103240 0.9982589
4.666947 0.0260805 -0.0019053 0.3071117 0.0006492 0.0637292 0.0103647 0.9979132
4.770559 0.0316518 -0.0021553 0.3471322 0.0022979 0.0687918 0.0104435 0.9975737
4.874319 0.0374664 -0.0025542 0.3880277 0.0035011 0.0736864 0.0110930 0.9972136
4.977967 0.0442422 -0.0028002 0.4298942 0.0040305 0.0773571 0.0107862 0.9969370
5.081656 0.0508422 -0.0032166 0.4719386 0.0043283 0.0802713 0.0108054 0.9967051
5.288943 0.0655070 -0.0039056 0.5589383 0.0061000 0.0851085 0.0107338 0.9962952
5.496314 0.0811579 -0.0047153 0.6482967 0.0061605 0.0886730 0.0107643 0.9959836
5.703641 0.0969549 -0.0057776 0.7402899 0.0046227 0.0912231 0.0113319 0.9957553
5.910955 0.1159347 -0.0067992 0.8359138 0.0048464 0.0924235 0.0125994 0.9956283
6.118447 0.1337380 -0.0073635 0.9332869 0.0058037 0.0928846 0.0133450 0.9955705
6.325669 0.1526202 -0.0086927 1.0344096 0.0065563 0.0919057 0.0138322 0.9956501
6.533021 0.1714260 -0.0099935 1.1378961 0.0064324 0.0907199 0.0136876 0.9957616
6.740399 0.1909368 -0.0114584 1.2449502 0.0070652 0.0896812 0.0143888 0.9958415
6.947755 0.2104247 -0.0126540 1.3547195 0.0064298 0.0888845 0.0150910 0.9959068
7.155209 0.2302004 -0.0141828 1.4661262 0.0058470 0.0883081 0.0166156 0.9959375
7.362568 0.2498288 -0.0160801 1.5780909 0.0064464 0.0875769 0.0167736 0.9959956
7.569925 0.2700887 -0.0173746 1.6940050 0.0060838 0.0874383 0.0171834 0.9960032
7.777286 0.2897571 -0.0184539 1.8109016 0.0061933 0.0876535 0.0179579 0.9959699
7.984696 0.3113506 -0.0202448 1.9309949 0.0070170 0.0879206 0.0175940 0.9959474
8.192118 0.3326229 -0.0227853 2.0523262 0.0074019 0.0893562 0.0167390 0.9958315
8.399546 0.3552543 -0.0248501 2.1762619 0.0068863 0.0902764 0.0162414 0.9957605
8.606978 0.3780392 -0.0267139 2.3022990 0.0069013 0.0913496 0.0148841 0.9956837
8.814436 0.4028164 -0.0290793 2.4306710 0.0077423 0.0944748 0.0145353 0.9953910
8.918107 0.4147314 -0.0302994 2.4951196 0.0071878 0.0969904 0.0134356 0.9951687
9.125548 0.4403801 -0.0328684 2.6242414 0.0071696 0.1019304 0.0122908 0.9946898
9.332783 0.4667898 -0.0359606 2.7541831 0.0086706 0.1070833 0.0124198 0.9941347
9.436507 0.4806019 -0.0367895 2.8196189 0.0090706 0.1096526 0.0114947 0.9938621
9.643856 0.5107213 -0.0398091 2.9514360 0.0085239 0.1148941 0.0096668 0.9932941
9.747566 0.5258306 -0.0410976 3.0173173 0.0082797 0.1179266 0.0092408 0.9929448
9.851216 0.5415845 -0.0423746 3.0835588 0.0081226 0.1208560 0.0093440 0.9925928
9.954854 0.5576039 -0.0437083 3.1494930 0.0089374 0.1237876 0.0095453 0.9922226
10.058450 0.5742862 -0.0452485 3.2156360 0.0094257 0.1267653 0.0094778 0.9918427
10.162270 0.5906386 -0.0464480 3.2814622 0.0094447 0.1300816 0.0097178 0.9914107
10.265950 0.6081841 -0.0479514 3.3472137 0.0094850 0.1328844 0.0092813 0.9910427
10.369540 0.6257756 -0.0495451 3.4130719 0.0099061 0.1357307 0.0089298 0.9906560
10.473330 0.6446881 -0.0511140 3.4794793 0.0103069 0.1383008 0.0086850 0.9902986
10.577010 0.6629914 -0.0527253 3.5459981 0.0097774 0.1408774 0.0091978 0.9899361
10.680800 0.6829473 -0.0545377 3.6130426 0.0096783 0.1428534 0.0107888 0.9896377
10.784490 0.7027635 -0.0561599 3.6794355 0.0097698 0.1445247 0.0111452 0.9893902
10.888380 0.7226768 -0.0578178 3.7462854 0.0101000 0.1462575 0.0114023 0.9891292
10.992100 0.7428840 -0.0597522 3.8127909 0.0097894 0.1478623 0.0109533 0.9888989
11.096280 0.7634590 -0.0614556 3.8796949 0.0100351 0.1497695 0.0100117 0.9886193
11.199650 0.7844063 -0.0630321 3.9472103 0.0103680 0.1519643 0.0092782 0.9882880
11.303360 0.8056241 -0.0647240 4.0142927 0.0102661 0.1542290 0.0087810 0.9879428
11.407080 0.8257663 -0.0661408 4.0820522 0.0105502 0.1568663 0.0087183 0.9875250
11.614180 0.8702922 -0.0709120 4.2154551 0.0104656 0.1613051 0.0082535 0.9868146
11.821430 0.9164389 -0.0752690 4.3495979 0.0099566 0.1653831 0.0089193 0.9861388
12.028650 0.9632854 -0.0786630 4.4851255 0.0108157 0.1693781 0.0093319 0.9854476
12.132140 0.9880760 -0.0805711 4.5534072 0.0115671 0.1710769 0.0090952 0.9851478
12.235950 1.0116780 -0.0822907 4.6211581 0.0121181 0.1729981 0.0092313 0.9848043
12.339620 1.0362499 -0.0846500 4.6893148 0.0123049 0.1747007 0.0089400 0.9845041
12.443230 1.0610845 -0.0869213 4.7575135 0.0121919 0.1765398 0.0091628 0.9841753
12.546850 1.0866802 -0.0890199 4.8264709 0.0122599 0.1786515 0.0091383 0.9837936
12.650590 1.1123776 -0.0907192 4.8951893 0.0127730 0.1805861 0.0103307 0.9834220
12.754210 1.1389436 -0.0928970 4.9638643 0.0125718 0.1820801 0.0111655 0.9831399
12.961450 1.1921897 -0.0970765 5.1025715 0.0119950 0.1850645 0.0114742 0.9825861
13.168790 1.2459948 -0.1010966 5.2407455 0.0135524 0.1879604 0.0104410 0.9820276
13.272410 1.2738240 -0.1035333 5.3110456 0.0142956 0.1897792 0.0099452 0.9816723
13.479770 1.3311911 -0.1080132 5.4498677 0.0155313 0.1927022 0.0084717 0.9810978
13.687000 1.3881516 -0.1135422 5.5906157 0.0149867 0.1968607 0.0088598 0.9802769
13.894440 1.4467299 -0.1183024 5.7306080 0.0145983 0.2008524 0.0083903 0.9794768
14.101800 1.5067482 -0.1239650 5.8704925 0.0148604 0.2048532 0.0075534 0.9786507
14.309200 1.5684788 -0.1288598 6.0099630 0.0154712 0.2080074 0.0078754 0.9779732
14.516540 1.6305977 -0.1339203 6.1479158 0.0149440 0.2106836 0.0092325 0.9773964
14.723680 1.6927360 -0.1393168 6.2865181 0.0155468 0.2132785 0.0098219 0.9768184
14.931630 1.7548102 -0.1443974 6.4252939 0.0163539 0.2163703 0.0092832 0.9761302
15.138550 1.8168243 -0.1503798 6.5640821 0.0169953 0.2195977 0.0077218 0.9754119
15.345730 1.8825969 -0.1572260 6.7026262 0.0169166 0.2225944 0.0090554 0.9747223
15.553070 1.9490527 -0.1629983 6.8418455 0.0163531 0.2256514 0.0091321 0.9740281
15.760420 2.0176659 -0.1687751 6.9818540 0.0163651 0.2291043 0.0076167 0.9732345
15.967780 2.0867391 -0.1742749 7.1190739 0.0164151 0.2326958 0.0070395 0.9723855
16.175170 2.1568031 -0.1794796 7.2562284 0.0161617 0.2366545 0.0062664 0.9714392
16.382370 2.2281232 -0.1859998 7.3931103 0.0165131 0.2406804 0.0063359 0.9704432
16.589730 2.3013878 -0.1924565 7.5295568 0.0164670 0.2443805 0.0062458 0.9695194
16.796960 2.3733883 -0.1982573 7.6679168 0.0171140 0.2487209 0.0058431 0.9684064
17.004320 2.4393039 -0.2031852 7.8013196 0.0181547 0.2532415 0.0073372 0.9672049
17.212260 2.5161450 -0.2107261 7.9375587 0.0191062 0.2565637 0.0091274 0.9662954
17.418950 2.5899982 -0.2176720 8.0727291 0.0209881 0.2599752 0.0107732 0.9653270
17.626280 2.6713483 -0.2241013 8.2097540 0.0219334 0.2629037 0.0116768 0.9645020
17.833610 2.7505922 -0.2301595 8.3473940 0.0226209 0.2668898 0.0115069 0.9633928
18.041020 2.8325255 -0.2373425 8.4847364 0.0227561 0.2702002 0.0100264 0.9624830
18.248220 2.9182100 -0.2444917 8.6237383 0.0226425 0.2726602 0.0118944 0.9617704
18.455670 3.0037978 -0.2508276 8.7624722 0.0225591 0.2749715 0.0120613 0.9611120
18.663050 3.0868905 -0.2567325 8.8999920 0.0225034 0.2779279 0.0128806 0.9602519
18.766280 3.1283083 -0.2601878 8.9683104 0.0222480 0.2792180 0.0131293 0.9598802
18.973530 3.2134733 -0.2685635 9.1068201 0.0239087 0.2819214 0.0130904 0.9590502
19.077140 3.2605655 -0.2733621 9.1782589 0.0237582 0.2835374 0.0132247 0.9585756
19.180870 3.3045115 -0.2766370 9.2482300 0.0229336 0.2859647 0.0122729 0.9578871
19.388220 3.3933449 -0.2832645 9.3889751 0.0212918 0.2919621 0.0110707 0.9561288
19.491840 3.4367027 -0.2859185 9.4594154 0.0218228 0.2950803 0.0117987 0.9551504
19.699070 3.5296907 -0.2930079 9.6013985 0.0225805 0.3000359 0.0141296 0.9535559
19.906420 3.6156964 -0.3025243 9.7372456 0.0207088 0.3058890 0.0158509 0.9517099
20.010030 3.6691101 -0.3034272 9.8079224 0.0202496 0.3078024 0.0142250 0.9511284
20.217270 3.7684309 -0.3106827 9.9459629 0.0198606 0.3124038 0.0146363 0.9496290
20.320880 3.8188727 -0.3139192 10.0155296 0.0196752 0.3146792 0.0149117 0.9488770
20.424500 3.8706727 -0.3169308 10.0858068 0.0191744 0.3172832 0.0150632 0.9480173
20.528120 3.9230700 -0.3196578 10.1561003 0.0191883 0.3192215 0.0144584 0.9473755
20.735350 4.0303783 -0.3261791 10.2968874 0.0181450 0.3227935 0.0153082 0.9461716
20.838960 4.0840926 -0.3292607 10.3673897 0.0179325 0.3244890 0.0140776 0.9456147
20.942580 4.1392412 -0.3323751 10.4388361 0.0181522 0.3261560 0.0122074 0.9450628
21.046320 4.1944084 -0.3354971 10.5096874 0.0184290 0.3278145 0.0102796 0.9445064
21.149940 4.2500134 -0.3387197 10.5800819 0.0173065 0.3291709 0.0099455 0.9440594
21.253550 4.3051929 -0.3418366 10.6501341 0.0169360 0.3310483 0.0104006 0.9434045
21.357170 4.3588696 -0.3447134 10.7186604 0.0172207 0.3331645 0.0099109 0.9426593
21.460820 4.4131813 -0.3480908 10.7859936 0.0167131 0.3349068 0.0094634 0.9420555
21.564620 4.4682541 -0.3515428 10.8551321 0.0147752 0.3369522 0.0092808 0.9413601
21.771790 4.5795717 -0.3573754 10.9903994 0.0132565 0.3405070 0.0084119 0.9401109
21.979040 4.6894403 -0.3624321 11.1236172 0.0129486 0.3445015 0.0080121 0.9386622
22.186210 4.8029480 -0.3678165 11.2585726 0.0120959 0.3480712 0.0063887 0.9373683
22.290250 4.8590918 -0.3703228 11.3251286 0.0120991 0.3501796 0.0011409 0.9366037
22.497250 4.9709940 -0.3768064 11.4549179 0.0193676 0.3541078 -0.0003775 0.9350040
22.600850 5.0280485 -0.3804902 11.5195789 0.0185936 0.3548552 0.0032267 0.9347308
22.808100 5.1447086 -0.3856172 11.6540232 0.0081913 0.3587588 0.0031564 0.9333890
23.015390 5.2583590 -0.3891635 11.7772856 0.0063532 0.3624628 0.0020463 0.9319744
23.119010 5.3067455 -0.3916953 11.8334503 0.0074789 0.3636804 0.0037676 0.9314862
23.326370 5.3833838 -0.3940479 11.9247036 0.0102518 0.3649259 0.0032562 0.9309744
23.741080 5.4684472 -0.3904017 12.0226812 0.0101815 0.3732322 0.0010308 0.9276815
24.155650 5.4808578 -0.3901068 12.0458565 0.0087031 0.3864428 0.0015199 0.9222710
24.777590 5.4961824 -0.3897454 12.0791597 0.0100957 0.4080438 -0.0044521 0.9128957
24.984880 5.5005960 -0.3896943 12.0905867 0.0103136 0.4161417 -0.0072276 0.9092125
25.191950 5.5064850 -0.3904256 12.0982513 0.0078875 0.4198868 -0.0034985 0.9075354
25.399160 5.5094566 -0.3905595 12.1049356 0.0057207 0.4228733 0.0029667 0.9061659
25.606390 5.5125856 -0.3909321 12.1102571 0.0055368 0.4242195 -0.0050220 0.9055285
25.917260 5.5172167 -0.3913394 12.1145992 0.0050348 0.4208613 -0.0071922 0.9070826
26.020850 5.5181885 -0.3914804 12.1161499 0.0049078 0.4194970 -0.0066261 0.9077193
26.435440 5.5200977 -0.3913873 12.1179161 0.0016076 0.4166618 -0.0187560 0.9088666
26.642670 5.5217562 -0.3915693 12.1191416 0.0008820 0.4154236 -0.0184672 0.9094402
26.849920 5.5223680 -0.3914017 12.1183205 -0.0001509 0.4123830 -0.0168395 0.9108549
27.057260 5.5236430 -0.3913890 12.1192055 0.0009188 0.4107766 -0.0186162 0.9115455
27.368230 5.5258312 -0.3915529 12.1215229 0.0006396 0.4093299 -0.0175657 0.9122171
27.575480 5.5272822 -0.3915976 12.1229019 0.0002381 0.4082439 -0.0177910 0.9126995
27.782840 5.5283928 -0.3916761 12.1241665 -0.0008407 0.4079625 -0.0172526 0.9128353
28.093790 5.5305109 -0.3917353 12.1260462 0.0002501 0.4068072 -0.0177702 0.9133411
28.301020 5.5319080 -0.3917929 12.1273127 -0.0012096 0.4064251 -0.0184903 0.9134962
28.508250 5.5333495 -0.3918371 12.1285887 -0.0009979 0.4065973 -0.0183987 0.9134216
28.819230 5.5353823 -0.3918942 12.1304302 -0.0021764 0.4065873 -0.0181972 0.9134281
29.130070 5.5372038 -0.3919868 12.1323357 -0.0021147 0.4076519 -0.0188584 0.9129402
29.441040 5.5392642 -0.3920462 12.1341772 -0.0019720 0.4070675 -0.0187017 0.9132045
29.752010 5.5413218 -0.3921384 12.1360397 -0.0026658 0.4065435 -0.0187363 0.9134354
30.062730 5.5433617 -0.3922004 12.1378880 -0.0025134 0.4060158 -0.0179345 0.9136866
30.477220 5.5460491 -0.3922896 12.1402807 -0.0031008 0.4056499 -0.0183058 0.9138399
30.788170 5.5478411 -0.3923164 12.1417427 -0.0050689 0.4061602 -0.0182252 0.9136060
31.099140 5.5498500 -0.3923686 12.1435633 -0.0025814 0.4060916 -0.0193327 0.9136242
31.513850 5.5524688 -0.3924441 12.1457739 -0.0038711 0.4058255 -0.0174006 0.9137767
31.824820 5.5543900 -0.3924918 12.1473770 -0.0041310 0.4053883 -0.0166346 0.9139839
32.239540 5.5570388 -0.3924937 12.1488981 -0.0047791 0.4035752 -0.0158616 0.9147965
32.550780 5.5588999 -0.3925752 12.1503410 -0.0057178 0.4027919 -0.0170233 0.9151154
33.380050 5.5640626 -0.3921274 12.1507797 -0.0035750 0.3941868 -0.0159118 0.9188856
33.691220 5.5661287 -0.3923025 12.1528692 -0.0050071 0.3934125 -0.0180217 0.9191718
34.105990 5.5689230 -0.3925224 12.1563730 -0.0063270 0.3949354 -0.0171928 0.9185262
34.624450 5.5723209 -0.3923703 12.1577234 -0.0038330 0.3924784 -0.0174489 0.9195877
35.142780 5.5755062 -0.3927672 12.1627121 -0.0052734 0.3947993 -0.0176490 0.9185827
35.661090 5.5788918 -0.3929317 12.1675701 -0.0061456 0.3957327 -0.0187803 0.9181531
36.179530 5.5824099 -0.3929128 12.1693211 -0.0050536 0.3914404 -0.0184865 0.9200039
36.594140 5.5841360 -0.3930615 12.1717672 -0.0067131 0.3911298 -0.0171098 0.9201520
37.112590 5.5855117 -0.3931016 12.1737080 -0.0061088 0.3918005 -0.0185138 0.9198436
37.527300 5.5861721 -0.3930961 12.1744976 -0.0058500 0.3920404 -0.0199795 0.9197124
38.978300 5.5900044 -0.3932361 12.1774702 -0.0056246 0.3909243 -0.0188801 0.9202120
39.496500 5.5912833 -0.3932410 12.1784534 -0.0048265 0.3889140 -0.0170125 0.9211043
40.325920 5.5932455 -0.3932753 12.1800261 -0.0036573 0.3854036 -0.0182080 0.9225612
40.844270 5.5946083 -0.3932587 12.1809740 -0.0038713 0.3845014 -0.0194530 0.9229113
41.155220 5.5954041 -0.3932834 12.1814690 -0.0040632 0.3828993 -0.0178595 0.9236085
41.673550 5.5968065 -0.3932824 12.1825199 -0.0010338 0.3799917 -0.0171373 0.9248306
42.088380 5.5976496 -0.3932835 12.1835680 -0.0019307 0.3791563 -0.0173912 0.9251672
42.606580 5.5983377 -0.3932856 12.1846504 -0.0021100 0.3780652 -0.0188553 0.9255845
43.124790 5.5990591 -0.3933119 12.1857395 -0.0026240 0.3793501 -0.0207040 0.9250178
44.575530 5.6016798 -0.3933198 12.1889305 -0.0011974 0.3793178 -0.0199201 0.9250512
44.990110 5.6023502 -0.3933339 12.1898384 -0.0021938 0.3773428 -0.0193929 0.9258680
45.508320 5.6029167 -0.3933474 12.1909904 -0.0027477 0.3767351 -0.0199459 0.9261022
46.648340 5.6038918 -0.3934616 12.1936455 -0.0052813 0.3807323 -0.0203526 0.9244462
48.617800 5.6053495 -0.3938004 12.1983776 -0.0095607 0.3793192 -0.0134205 0.9251192
50.275650 5.6066275 -0.3938199 12.2025185 -0.0109165 0.3842038 -0.0137883 0.9230808
51.830730 5.6083889 -0.3938874 12.2068138 -0.0165568 0.3846495 -0.0109392 0.9228494
52.867640 5.6100550 -0.3940172 12.2098761 -0.0128644 0.3875700 -0.0063901 0.9217284
53.282240 5.6106648 -0.3940689 12.2111225 -0.0128144 0.3879226 -0.0062751 0.9215815
53.696680 5.6112413 -0.3941817 12.2123919 -0.0154713 0.3882676 -0.0043031 0.9214067
55.044310 5.6140041 -0.3942144 12.2167950 -0.0153910 0.3888966 -0.0050543 0.9211390
55.355300 5.6145582 -0.3942103 12.2178783 -0.0143335 0.3889725 -0.0074921 0.9211074
55.666250 5.6152153 -0.3942412 12.2188797 -0.0148994 0.3875501 -0.0039112 0.9217199
56.598920 5.6170664 -0.3943830 12.2224035 -0.0174330 0.3894795 -0.0042866 0.9208601
56.909640 5.6180263 -0.3944077 12.2236719 -0.0153261 0.3900988 -0.0023670 0.9206424
57.220620 5.6193609 -0.3944193 12.2249928 -0.0164365 0.3895985 0.0004882 0.9208380
57.531360 5.6210546 -0.3943714 12.2262869 -0.0120220 0.3865432 0.0019400 0.9221909
57.842180 5.6215830 -0.3944406 12.2276516 -0.0109030 0.3880079 0.0052117 0.9215768
58.464000 5.6237955 -0.3944337 12.2304564 -0.0154455 0.3881346 0.0055899 0.9214563
58.774970 5.6249785 -0.3944829 12.2318516 -0.0173948 0.3873616 0.0075649 0.9217327
59.086070 5.6262455 -0.3944872 12.2333136 -0.0176734 0.3869252 0.0080828 0.9219063
59.293570 5.6270819 -0.3945032 12.2343082 -0.0180242 0.3866252 0.0083144 0.9220233
59.500910 5.6278744 -0.3944974 12.2353172 -0.0171022 0.3869703 0.0091723 0.9218879
59.812000 5.6292071 -0.3944695 12.2367649 -0.0159872 0.3856413 0.0089814 0.9224665
59.915740 5.6296625 -0.3944690 12.2372770 -0.0158570 0.3855065 0.0091938 0.9225230
60.123100 5.6304941 -0.3944547 12.2383080 -0.0159312 0.3856381 0.0102290 0.9224558
60.330460 5.6313362 -0.3944212 12.2393084 -0.0166459 0.3855591 0.0105262 0.9224730
60.537830 5.6322250 -0.3943628 12.2403164 -0.0163829 0.3858786 0.0096028 0.9223541
60.745170 5.6331511 -0.3943207 12.2413197 -0.0165915 0.3860432 0.0102488 0.9222745
61.056140 5.6345921 -0.3942927 12.2428770 -0.0162676 0.3868932 0.0119626 0.9219034
61.366980 5.6359653 -0.3942503 12.2444153 -0.0165345 0.3875739 0.0136401 0.9215894
61.574220 5.6370330 -0.3942093 12.2454929 -0.0152345 0.3874934 0.0135349 0.9216473
61.784120 5.6380801 -0.3942118 12.2465601 -0.0144926 0.3866596 0.0152505 0.9219825
61.988910 5.6391640 -0.3941253 12.2475796 -0.0162655 0.3854942 0.0156686 0.9224339
62.196570 5.6402478 -0.3940795 12.2486458 -0.0172425 0.3846108 0.0155235 0.9227872
62.403410 5.6413431 -0.3940371 12.2497272 -0.0168543 0.3839149 0.0139888 0.9231086
62.611050 5.6424465 -0.3939893 12.2508173 -0.0161537 0.3827016 0.0145504 0.9236162
62.817730 5.6435142 -0.3939515 12.2518854 -0.0149327 0.3814695 0.0150285 0.9241386
63.024960 5.6445894 -0.3939095 12.2529764 -0.0152048 0.3805846 0.0154431 0.9244921
63.335690 5.6462393 -0.3938463 12.2546310 -0.0159777 0.3786205 0.0163394 0.9252698
63.542910 5.6473246 -0.3937951 12.2557392 -0.0155485 0.3774284 0.0165643 0.9257601
63.750030 5.6484070 -0.3937541 12.2568474 -0.0144521 0.3755308 0.0164884 0.9265505
63.957240 5.6494808 -0.3937175 12.2579613 -0.0126955 0.3735092 0.0160638 0.9274005
64.164350 5.6505651 -0.3936769 12.2590866 -0.0129012 0.3716141 0.0159951 0.9281598
64.371580 5.6516590 -0.3936379 12.2602444 -0.0127525 0.3705235 0.0149888 0.9286146
64.682580 5.6533108 -0.3935928 12.2619696 -0.0109830 0.3687522 0.0145633 0.9293487
64.889620 5.6544471 -0.3935567 12.2631845 -0.0108563 0.3680386 0.0149051 0.9296277
65.096770 5.6555271 -0.3935276 12.2643337 -0.0119121 0.3668301 0.0148977 0.9300924
65.407740 5.6571646 -0.3934709 12.2660999 -0.0134500 0.3649805 0.0160111 0.9307803
65.719300 5.6587524 -0.3934189 12.2678471 -0.0092918 0.3633100 0.0148506 0.9315036
66.029810 5.6603670 -0.3934013 12.2696476 -0.0067793 0.3615515 0.0143639 0.9322168
66.237180 5.6614304 -0.3933814 12.2708511 -0.0088713 0.3606247 0.0147761 0.9325517
66.548250 5.6629868 -0.3933726 12.2727194 -0.0100398 0.3601950 0.0160932 0.9326842
66.755490 5.6640100 -0.3934339 12.2739172 -0.0092548 0.3585861 0.0176613 0.9332837
66.962720 5.6650972 -0.3933642 12.2751751 -0.0080083 0.3574316 0.0169118 0.9337518
67.273570 5.6665683 -0.3933824 12.2770615 -0.0085917 0.3560640 0.0193224 0.9342223
67.584290 5.6678715 -0.3933801 12.2789431 -0.0070897 0.3556932 0.0211814 0.9343358
67.791520 5.6690903 -0.3933570 12.2803326 -0.0062884 0.3544575 0.0212019 0.9348106
67.998740 5.6694946 -0.3932105 12.2815456 -0.0068345 0.3553587 0.0204426 0.9344814
68.309500 5.6702218 -0.3929990 12.2835302 -0.0050048 0.3561233 0.0198434 0.9342148
68.620200 5.6717625 -0.3928830 12.2858677 -0.0026496 0.3553900 0.0173524 0.9345533
69.656100 5.6757832 -0.3931032 12.2906952 -0.0017956 0.3536023 0.0184380 0.9352124
69.966820 5.6774769 -0.3930762 12.2917862 -0.0024764 0.3510677 0.0173534 0.9361860
70.588760 5.6784048 -0.3931412 12.2933941 -0.0011634 0.3524955 0.0178205 0.9356431
70.795990 5.6787362 -0.3931593 12.2938023 -0.0005370 0.3525130 0.0180330 0.9356330
71.003350 5.6790905 -0.3931797 12.2944202 0.0008629 0.3529180 0.0165742 0.9355071
71.314340 5.6807880 -0.3931112 12.2958479 0.0003598 0.3504612 0.0149340 0.9364581
71.521800 5.6813850 -0.3930685 12.2963724 0.0003634 0.3500599 0.0146461 0.9366127
71.729150 5.6817451 -0.3930963 12.2970123 0.0007577 0.3501515 0.0155534 0.9365636
72.040250 5.6816883 -0.3932203 12.2977114 0.0008124 0.3524910 0.0165769 0.9356680
72.766060 5.6825609 -0.3935077 12.3000669 0.0013602 0.3552474 0.0166385 0.9346232
73.388130 5.6828127 -0.3936418 12.3021059 0.0014682 0.3604575 0.0155460 0.9326449
73.595360 5.6830273 -0.3936497 12.3022461 0.0010610 0.3585706 0.0152203 0.9333779
73.906330 5.6834278 -0.3936700 12.3025846 0.0013221 0.3568618 0.0156781 0.9340247
74.217430 5.6841221 -0.3935862 12.3027248 0.0003186 0.3523012 0.0146599 0.9357718
74.528420 5.6849613 -0.3936071 12.3032665 0.0005435 0.3489639 0.0154670 0.9370083
74.735780 5.6849766 -0.3935942 12.3037205 0.0008860 0.3504456 0.0144157 0.9364717
75.046740 5.6855021 -0.3935882 12.3040209 0.0005436 0.3478173 0.0142686 0.9374536
75.253960 5.6858821 -0.3935568 12.3042564 -0.0002126 0.3462794 0.0135496 0.9380335
75.565050 5.6866732 -0.3935261 12.3050308 -0.0003622 0.3460505 0.0141852 0.9381086
75.772410 5.6872568 -0.3934845 12.3055077 0.0001513 0.3444663 0.0131386 0.9387068
77.015550 5.6908441 -0.3937414 12.3080196 -0.0028953 0.3334630 0.0157937 0.9426265
77.326390 5.6910877 -0.3938198 12.3089991 -0.0022572 0.3358792 0.0156713 0.9417720
78.362800 5.6923237 -0.3938394 12.3102894 -0.0044374 0.3277290 0.0159443 0.9446268
78.673770 5.6924615 -0.3938342 12.3104029 -0.0064271 0.3276771 0.0158901 0.9446343
79.088250 5.6928296 -0.3938266 12.3108358 -0.0055630 0.3275380 0.0159372 0.9446872
79.502830 5.6930962 -0.3938092 12.3110380 -0.0055232 0.3264874 0.0158784 0.9450520
79.917400 5.6933851 -0.3938234 12.3113098 -0.0062390 0.3271129 0.0158678 0.9448314
80.228390 5.6936526 -0.3938341 12.3114843 -0.0086151 0.3280340 0.0151283 0.9445055
81.161430 5.6943274 -0.3938744 12.3121099 -0.0121941 0.3352849 0.0151048 0.9419168
82.715890 5.6950231 -0.3939127 12.3136005 -0.0111046 0.3498011 0.0173590 0.9365973
83.337860 5.6953363 -0.3938887 12.3141184 -0.0128502 0.3465427 0.0186985 0.9377598
83.648840 5.6955500 -0.3938859 12.3143215 -0.0093885 0.3411330 0.0211350 0.9397305
83.960030 5.6957369 -0.3938798 12.3145599 -0.0128579 0.3370214 0.0213452 0.9411672
84.478430 5.6958218 -0.3938440 12.3151579 -0.0123198 0.3411798 0.0213708 0.9396743
84.789410 5.6960177 -0.3938453 12.3153534 -0.0130379 0.3389938 0.0194212 0.9404978
85.100490 5.6962128 -0.3938380 12.3155680 -0.0130156 0.3378533 0.0198587 0.9408993
85.411440 5.6964054 -0.3938316 12.3157787 -0.0126208 0.3364507 0.0204112 0.9413953
85.723090 5.6966023 -0.3938274 12.3159857 -0.0137061 0.3338543 0.0217271 0.9422746
86.033690 5.6968555 -0.3937731 12.3161058 -0.0127792 0.3280596 0.0215676 0.9443243
86.344470 5.6971521 -0.3936980 12.3161783 -0.0076834 0.3186232 0.0224627 0.9475841
86.966920 5.6976838 -0.3935776 12.3164330 -0.0077345 0.3029143 0.0208514 0.9527583
87.588960 5.6981893 -0.3934750 12.3167467 -0.0025912 0.2897780 0.0212980 0.9568534
88.522330 5.6988459 -0.3934447 12.3172684 -0.0035971 0.2786447 0.0207074 0.9601642
88.833470 5.6989927 -0.3934500 12.3175077 -0.0063257 0.2793039 0.0197349 0.9599791
89.144560 5.6992097 -0.3934149 12.3176775 -0.0054190 0.2762297 0.0222277 0.9608193
89.455530 5.6994357 -0.3933734 12.3178272 -0.0020718 0.2721190 0.0269864 0.9618829
89.766510 5.6996241 -0.3933516 12.3180180 0.0005444 0.2703566 0.0313562 0.9622493
90.077600 5.6997180 -0.3933687 12.3182335 0.0009950 0.2735265 0.0361472 0.9611845
90.388820 5.6997871 -0.3933849 12.3184290 0.0010745 0.2782283 0.0418361 0.9596028
90.699910 5.6998887 -0.3933810 12.3186131 0.0012196 0.2848983 0.0444800 0.9575244
91.011010 5.6999803 -0.3933761 12.3187866 0.0012158 0.2962757 0.0455326 0.9540157
91.322130 5.7000871 -0.3933614 12.3189554 0.0027018 0.3146891 0.0460321 0.9480741
91.633230 5.7001481 -0.3933515 12.3190842 0.0033387 0.3384981 0.0509861 0.9395788
91.944420 5.7002988 -0.3933293 12.3192453 0.0053076 0.3622418 0.0530673 0.9305571
92.359390 5.7003775 -0.3933960 12.3195267 0.0003591 0.4049352 0.0586040 0.9124653
92.566890 5.7004595 -0.3933689 12.3195782 0.0016814 0.4239341 0.0585120 0.9037994
92.774250 5.7005186 -0.3933612 12.3195906 0.0009225 0.4432539 0.0587413 0.8944689
93.189210 5.7006683 -0.3933108 12.3196049 0.0006837 0.4826350 0.0636659 0.8735042
93.707670 5.7008634 -0.3932681 12.3196421 0.0035634 0.5343523 0.0666251 0.8426245
93.811380 5.7009020 -0.3932581 12.3196459 0.0041778 0.5449944 0.0677496 0.8356875
94.018900 5.7010517 -0.3932545 12.3197088 0.0035518 0.5691876 0.0672880 0.8194420
94.122480 5.7011175 -0.3932537 12.3197269 0.0025206 0.5805185 0.0672388 0.8114622
94.226290 5.7011890 -0.3932478 12.3197460 0.0019620 0.5915817 0.0681793 0.8033547
94.433570 5.7013354 -0.3932390 12.3197851 -0.0006784 0.6144463 0.0679288 0.7860286
94.537200 5.7014136 -0.3932342 12.3198013 -0.0009918 0.6253297 0.0673798 0.7774457
94.640800 5.7014885 -0.3932309 12.3198147 -0.0022580 0.6359185 0.0665563 0.7688776
94.744540 5.7015681 -0.3932247 12.3198261 -0.0024571 0.6462263 0.0678879 0.7601163
94.848290 5.7016487 -0.3932194 12.3198357 -0.0030689 0.6564125 0.0678913 0.7513348
95.055660 5.7018142 -0.3932070 12.3198547 -0.0040724 0.6767052 0.0684813 0.7330509
95.263120 5.7019820 -0.3931930 12.3198643 -0.0039625 0.6965511 0.0682602 0.7142418
95.470470 5.7021523 -0.3931786 12.3198662 -0.0043739 0.7150130 0.0681076 0.6957719
95.677830 5.7023258 -0.3931621 12.3198576 -0.0048689 0.7323722 0.0690500 0.6773768
95.885200 5.7024994 -0.3931451 12.3198404 -0.0050286 0.7495580 0.0686660 0.6583483
96.092540 5.7026701 -0.3931282 12.3198128 -0.0041436 0.7668015 0.0663999 0.6384273
96.403410 5.7029276 -0.3931041 12.3197575 -0.0058902 0.7923321 0.0656769 0.6065160
96.714500 5.7031822 -0.3930771 12.3196793 -0.0074294 0.8171125 0.0653858 0.5727099
96.921840 5.7033486 -0.3930590 12.3196144 -0.0078991 0.8328704 0.0651539 0.5495629
97.129320 5.7035108 -0.3930403 12.3195419 -0.0089680 0.8481944 0.0651981 0.5255807
97.336810 5.7036686 -0.3930206 12.3194571 -0.0091186 0.8633190 0.0643874 0.5004512
97.440420 5.7037458 -0.3930113 12.3194132 -0.0102655 0.8707006 0.0637910 0.4875509
97.647900 5.7038980 -0.3929920 12.3193150 -0.0114115 0.8849051 0.0630130 0.4613481
97.855250 5.7040477 -0.3929724 12.3192081 -0.0121740 0.8983348 0.0631784 0.4345744
98.062740 5.7041845 -0.3929529 12.3190937 -0.0128157 0.9109477 0.0627001 0.4075275
98.270110 5.7043190 -0.3929326 12.3189650 -0.0134190 0.9227963 0.0613098 0.3801420
98.477450 5.7044473 -0.3929121 12.3188286 -0.0146160 0.9337615 0.0613464 0.3522959
98.684800 5.7045670 -0.3928921 12.3186874 -0.0147203 0.9441123 0.0601638 0.3237524
98.892150 5.7046781 -0.3928720 12.3185368 -0.0149916 0.9534468 0.0578897 0.2955727
99.099510 5.7047801 -0.3928518 12.3183813 -0.0157025 0.9616076 0.0573573 0.2679075
99.306750 5.7048750 -0.3928319 12.3182163 -0.0165127 0.9688022 0.0568823 0.2406535
99.410360 5.7049189 -0.3928221 12.3181324 -0.0171434 0.9720876 0.0560574 0.2271772
99.617730 5.7050018 -0.3928019 12.3179550 -0.0171723 0.9778068 0.0555049 0.2012914
99.825070 5.7050748 -0.3927819 12.3177738 -0.0166673 0.9826306 0.0542374 0.1766852
100.032400 5.7051401 -0.3927622 12.3175888 -0.0178306 0.9866009 0.0543311 0.1528036
100.239800 5.7051969 -0.3927423 12.3173962 -0.0188249 0.9899342 0.0529741 0.1298831
100.447100 5.7052450 -0.3927221 12.3171997 -0.0190788 0.9924442 0.0522602 0.1093588
100.654400 5.7052879 -0.3927028 12.3170004 -0.0184357 0.9942862 0.0520076 0.0913804
100.861600 5.7053204 -0.3926831 12.3168011 -0.0166587 0.9956802 0.0502713 0.0762643
101.068800 5.7053480 -0.3926644 12.3165989 -0.0156425 0.9966825 0.0493033 0.0628377
101.172400 5.7053628 -0.3926546 12.3164930 -0.0155172 0.9970827 0.0488573 0.0565532
101.379800 5.7053814 -0.3926393 12.3162928 -0.0168888 0.9976541 0.0485391 0.0452212
101.587000 5.7054000 -0.3926203 12.3160801 -0.0171007 0.9979891 0.0493653 0.0358948
101.794300 5.7054138 -0.3926007 12.3158646 -0.0160102 0.9981980 0.0494439 0.0299963
102.001600 5.7054262 -0.3925821 12.3156490 -0.0165036 0.9983190 0.0499138 0.0244000
102.208900 5.7054362 -0.3925624 12.3154268 -0.0172691 0.9983997 0.0500207 0.0199446
102.416200 5.7054462 -0.3925425 12.3152065 -0.0173715 0.9984469 0.0501949 0.0168071
102.623600 5.7054543 -0.3925238 12.3149910 -0.0171936 0.9985148 0.0496550 0.0143899
102.830900 5.7054605 -0.3925049 12.3147745 -0.0171014 0.9985535 0.0493603 0.0127291
103.038300 5.7054648 -0.3924865 12.3145542 -0.0167901 0.9985756 0.0493172 0.0115231
103.245700 5.7054701 -0.3924674 12.3143349 -0.0167219 0.9985427 0.0502462 0.0103990
103.453000 5.7054739 -0.3924482 12.3141165 -0.0170101 0.9985267 0.0506976 0.0092133
103.764100 5.7054796 -0.3924201 12.3137884 -0.0179299 0.9985126 0.0509608 0.0073507
104.075100 5.7054844 -0.3923907 12.3134594 -0.0187158 0.9985562 0.0500640 0.0053687
104.282300 5.7054868 -0.3923731 12.3132458 -0.0189583 0.9986606 0.0479871 0.0038352
104.593400 5.7054887 -0.3923476 12.3129272 -0.0185276 0.9986765 0.0479792 -0.0001524
104.904600 5.7054868 -0.3923224 12.3126116 -0.0205189 0.9985918 0.0478963 -0.0099631
105.112100 5.7054815 -0.3923069 12.3124094 -0.0211077 0.9984632 0.0472371 -0.0198589
105.423200 5.7054644 -0.3922851 12.3121033 -0.0228197 0.9977958 0.0475821 -0.0402345
105.734400 5.7054334 -0.3922640 12.3118105 -0.0236189 0.9964444 0.0443336 -0.0676407
106.045600 5.7053852 -0.3922451 12.3115253 -0.0244447 0.9937351 0.0426967 -0.1003496
106.357000 5.7053204 -0.3922300 12.3112602 -0.0245088 0.9890776 0.0397786 -0.1397949
106.668200 5.7052307 -0.3922168 12.3109941 -0.0227666 0.9822388 0.0354385 -0.1828460
106.979300 5.7051163 -0.3922058 12.3107376 -0.0213308 0.9725798 0.0339791 -0.2290826
107.290500 5.7049794 -0.3921959 12.3104935 -0.0230355 0.9592146 0.0303883 -0.2800950
107.601600 5.7048182 -0.3921887 12.3102665 -0.0233900 0.9429999 0.0266818 -0.3308960
107.912800 5.7046356 -0.3921848 12.3100595 -0.0243128 0.9236677 0.0246203 -0.3816291
108.120200 5.7045031 -0.3921837 12.3099365 -0.0252218 0.9094267 0.0207378 -0.4145803
108.327600 5.7043610 -0.3921840 12.3098230 -0.0254052 0.8942724 0.0169822 -0.4464784
108.534900 5.7042093 -0.3921861 12.3097172 -0.0251131 0.8778275 0.0134189 -0.4781298
108.742600 5.7040501 -0.3921893 12.3096209 0.0252056 -0.8606839 -0.0086395 0.5084419
109.053200 5.7037935 -0.3921961 12.3094940 0.0250109 -0.8349898 -0.0035794 0.5496851
109.260500 5.7036219 -0.3922023 12.3094244 0.0243055 -0.8179008 -0.0004391 0.5748454
109.364400 5.7035341 -0.3922066 12.3093948 0.0244065 -0.8093011 0.0018365 0.5868839
109.467900 5.7034440 -0.3922110 12.3093662 0.0246697 -0.8001404 0.0049571 0.5992847
109.571600 5.7033529 -0.3922150 12.3093414 0.0252382 -0.7907597 0.0052749 0.6115835
109.675300 5.7032652 -0.3922199 12.3093214 0.0247081 -0.7809079 0.0039392 0.6241449
109.882700 5.7030802 -0.3922302 12.3092852 0.0284095 -0.7589238 0.0058688 0.6505329
109.986400 5.7029905 -0.3922354 12.3092709 0.0334198 -0.7471619 0.0102372 0.6637223
110.193900 5.7028008 -0.3922484 12.3092537 0.0330315 -0.7248455 0.0117211 0.6880193
110.401400 5.7026167 -0.3922628 12.3092527 0.0289161 -0.7015160 0.0111497 0.7119795
110.608900 5.7024102 -0.3922810 12.3092575 0.0320488 -0.6773590 0.0154727 0.7347912
110.712500 5.7023230 -0.3922902 12.3092680 0.0339989 -0.6646415 0.0165522 0.7462049
110.816200 5.7022500 -0.3922943 12.3092861 0.0356839 -0.6522444 0.0181251 0.7569514
111.023600 5.7020979 -0.3923078 12.3093376 0.0386412 -0.6274215 0.0163555 0.7775485
111.231000 5.7019415 -0.3923364 12.3093939 0.0369867 -0.6027343 0.0193751 0.7968488
111.645800 5.7018967 -0.3923437 12.3094091 0.0360735 -0.5535482 0.0199980 0.8317952
111.749400 5.7018948 -0.3923452 12.3094139 0.0352499 -0.5436004 0.0198583 0.8383685
111.956600 5.7018805 -0.3923485 12.3094311 0.0359692 -0.5257841 0.0204402 0.8496114
112.163800 5.7018695 -0.3923520 12.3094444 0.0354083 -0.5111822 0.0225913 0.8584455
112.474600 5.7018585 -0.3923551 12.3094587 0.0321882 -0.4919137 0.0211884 0.8697907
112.889800 5.7018366 -0.3923620 12.3094873 0.0304370 -0.4758701 0.0206980 0.8787450
113.096000 5.7018266 -0.3923659 12.3095026 0.0298808 -0.4725514 0.0176722 0.8806191
113.303200 5.7018147 -0.3923703 12.3095179 0.0270781 -0.4710180 0.0152394 0.8815762
113.510500 5.7018046 -0.3923729 12.3095360 0.0269256 -0.4710792 0.0134718 0.8815770
113.717900 5.7017922 -0.3923767 12.3095560 0.0271240 -0.4701748 0.0127726 0.8820639
113.925200 5.7017779 -0.3923793 12.3095741 0.0284101 -0.4695801 0.0115657 0.8823568
