0.000000 -0.6721026 -0.0077039 -0.9128429 -0.0031013 -0.0120278 -0.0000739 0.9999229
0.208477 -0.6719016 -0.0086223 -0.8576460 -0.0020467 -0.0142796 0.0012724 0.9998952
0.312729 -0.6727801 -0.0091552 -0.8301259 -0.0015140 -0.0152853 0.0015070 0.9998809
0.416979 -0.6733724 -0.0093838 -0.8027688 -0.0005514 -0.0164178 0.0025272 0.9998618
0.521227 -0.6741802 -0.0097066 -0.7755860 0.0004623 -0.0172857 0.0037225 0.9998435
0.833976 -0.6773982 -0.0112681 -0.6910078 0.0005462 -0.0194186 0.0046368 0.9998006
0.938359 -0.6787832 -0.0118376 -0.6620885 0.0019147 -0.0199968 0.0043511 0.9997888
1.042605 -0.6798362 -0.0126582 -0.6328153 0.0037341 -0.0208612 0.0035218 0.9997692
1.146853 -0.6814101 -0.0127936 -0.6030436 0.0057498 -0.0214812 0.0029170 0.9997485
1.355354 -0.6844963 -0.0138470 -0.5414118 0.0022799 -0.0226864 0.0006794 0.9997398
1.563854 -0.6877571 -0.0144887 -0.4761816 -0.0062213 -0.0236851 -0.0001321 0.9997001
1.772352 -0.6915954 -0.0150912 -0.4097963 -0.0021002 -0.0246772 -0.0024059 0.9996904
1.980855 -0.6950871 -0.0149379 -0.3400878 0.0000081 -0.0259365 -0.0011036 0.9996630
2.189354 -0.6991100 -0.0150895 -0.2656282 -0.0083540 -0.0264501 -0.0004059 0.9996151
2.397855 -0.7032720 -0.0146755 -0.1891731 -0.0090268 -0.0267842 0.0009311 0.9996001
2.606377 -0.7081642 -0.0139698 -0.1091276 -0.0059575 -0.0262569 -0.0000284 0.9996375
2.814856 -0.7121357 -0.0143471 -0.0271326 -0.0002177 -0.0254568 0.0031971 0.9996708
3.023358 -0.7172247 -0.0151254 0.0584445 0.0029414 -0.0245620 0.0019341 0.9996921
3.335979 -0.7233449 -0.0176604 0.1922804 0.0043171 -0.0250701 -0.0008149 0.9996760
3.648605 -0.7308092 -0.0205583 0.3302435 0.0047907 -0.0253696 -0.0036380 0.9996601
3.856982 -0.7352283 -0.0229682 0.4245705 0.0040536 -0.0259539 -0.0042321 0.9996459
4.169606 -0.7435971 -0.0260326 0.5690606 0.0029228 -0.0262222 -0.0048580 0.9996400
4.482232 -0.7520193 -0.0284664 0.7166385 0.0019174 -0.0267107 -0.0050232 0.9996287
4.794755 -0.7606351 -0.0310731 0.8683700 -0.0014331 -0.0275459 -0.0052550 0.9996057
5.107234 -0.7694010 -0.0329950 1.0228277 -0.0010178 -0.0286319 -0.0052603 0.9995757
5.315611 -0.7757089 -0.0345073 1.1261884 -0.0033179 -0.0293385 -0.0051845 0.9995506
5.628235 -0.7855650 -0.0366752 1.2802480 0.0006237 -0.0298271 -0.0074681 0.9995270
5.940858 -0.7952188 -0.0394511 1.4360589 -0.0017196 -0.0298157 -0.0081462 0.9995207
6.253481 -0.8050097 -0.0417985 1.5918169 -0.0010437 -0.0293728 -0.0072309 0.9995418
6.566109 -0.8141019 -0.0447563 1.7480916 0.0028100 -0.0294311 -0.0058378 0.9995458
6.878731 -0.8232161 -0.0478608 1.9051077 -0.0003144 -0.0292992 -0.0032771 0.9995652
7.191236 -0.8322425 -0.0501724 2.0605240 -0.0023547 -0.0288100 -0.0004896 0.9995820
7.503734 -0.8417707 -0.0530099 2.2168941 0.0032608 -0.0287757 -0.0008331 0.9995802
7.816232 -0.8508652 -0.0563229 2.3746099 0.0008351 -0.0282443 -0.0051778 0.9995873
8.128736 -0.8599646 -0.0592136 2.5331786 -0.0008190 -0.0285449 -0.0036075 0.9995857
8.441112 -0.8689702 -0.0617452 2.6919453 -0.0020423 -0.0293365 -0.0018572 0.9995658
8.753612 -0.8782195 -0.0645869 2.8493993 0.0000465 -0.0306281 -0.0032343 0.9995256
9.065987 -0.8886344 -0.0667811 3.0058038 -0.0043384 -0.0314770 -0.0050327 0.9994824
9.274360 -0.8957053 -0.0679246 3.1083927 -0.0028631 -0.0320468 -0.0050357 0.9994696
9.482610 -0.9018595 -0.0697271 3.2098179 -0.0031147 -0.0330343 -0.0040036 0.9994413
9.690863 -0.9084703 -0.0712480 3.3082194 -0.0052367 -0.0337911 -0.0034698 0.9994092
9.899109 -0.9150231 -0.0723159 3.4028707 -0.0058107 -0.0354932 -0.0023646 0.9993502
10.107490 -0.9220050 -0.0735372 3.4925580 -0.0049777 -0.0388601 -0.0018961 0.9992304
10.315740 -0.9296044 -0.0746641 3.5777774 -0.0056798 -0.0420675 -0.0022836 0.9990960
10.524110 -0.9372618 -0.0755373 3.6580198 -0.0068656 -0.0450488 -0.0030279 0.9989566
10.732490 -0.9449059 -0.0764338 3.7336428 -0.0073863 -0.0478469 -0.0048424 0.9988157
10.940860 -0.9527584 -0.0774620 3.8032875 -0.0048884 -0.0504897 -0.0063321 0.9986926
11.149240 -0.9604266 -0.0783382 3.8670120 -0.0015629 -0.0527665 -0.0084947 0.9985695
11.357760 -0.9671632 -0.0795066 3.9255841 -0.0012124 -0.0528892 -0.0106994 0.9985423
11.566360 -0.9735196 -0.0806407 3.9795213 -0.0025838 -0.0485337 -0.0139184 0.9987212
11.775110 -0.9775208 -0.0816068 4.0290961 -0.0050077 -0.0400121 -0.0143007 0.9990843
12.088240 -0.9795825 -0.0825960 4.0958204 -0.0054080 -0.0201457 -0.0138001 0.9996872
12.401640 -0.9775986 -0.0839549 4.1564221 0.0003346 0.0118117 -0.0117193 0.9998615
12.715240 -0.9693670 -0.0850651 4.2140279 0.0032220 0.0569362 -0.0079004 0.9983414
13.028860 -0.9550263 -0.0868894 4.2667494 0.0048042 0.1151954 -0.0034779 0.9933252
13.342370 -0.9349380 -0.0884968 4.3154211 0.0048462 0.1837145 -0.0047297 0.9829563
13.655610 -0.9073528 -0.0903198 4.3595843 0.0058587 0.2566175 -0.0035432 0.9664888
13.968740 -0.8738147 -0.0921961 4.4002042 0.0107686 0.3318122 -0.0083067 0.9432474
14.177490 -0.8467704 -0.0935114 4.4246488 0.0120456 0.3836352 -0.0101091 0.9233508
14.386120 -0.8158737 -0.0948061 4.4457116 0.0109071 0.4343536 -0.0077363 0.9006432
14.594740 -0.7819140 -0.0957783 4.4644170 0.0090088 0.4847132 -0.0062266 0.8746046
14.803370 -0.7450978 -0.0976510 4.4798007 0.0062346 0.5343003 -0.0054757 0.8452541
15.011990 -0.7051207 -0.0989336 4.4921660 0.0083144 0.5794401 -0.0100188 0.8149108
15.220240 -0.6615489 -0.1004632 4.5005069 0.0120414 0.6159189 -0.0080218 0.7876766
15.324240 -0.6383768 -0.1011052 4.5037537 0.0147903 0.6299807 -0.0055543 0.7764500
15.532120 -0.5890017 -0.1028296 4.5100493 0.0150586 0.6527117 -0.0048468 0.7574412
15.739890 -0.5357006 -0.1044921 4.5158596 0.0078304 0.6713192 -0.0063511 0.7410998
15.947760 -0.4785720 -0.1067285 4.5177426 0.0112541 0.6870703 -0.0014886 0.7265023
16.155710 -0.4174409 -0.1083434 4.5186691 0.0158249 0.6985218 -0.0023038 0.7154101
16.259530 -0.3853582 -0.1090889 4.5194578 0.0163709 0.7024416 -0.0050996 0.7115348
16.467120 -0.3175495 -0.1112991 4.5193605 0.0180407 0.7057120 -0.0009072 0.7082685
16.674850 -0.2460905 -0.1141386 4.5200100 0.0172493 0.7048586 0.0000089 0.7091380
16.882610 -0.1707860 -0.1164032 4.5214477 0.0162842 0.7039017 -0.0022975 0.7101070
17.090490 -0.0916018 -0.1191959 4.5231771 0.0161949 0.7033830 -0.0027961 0.7106211
17.298620 -0.0104003 -0.1222693 4.5242205 0.0152110 0.7029207 -0.0017933 0.7111033
17.506740 0.0738419 -0.1250696 4.5256853 0.0131676 0.7035831 -0.0011828 0.7104900
17.715000 0.1597432 -0.1279546 4.5265121 0.0123297 0.7043563 0.0006287 0.7097392
18.027490 0.2915633 -0.1319609 4.5287652 0.0116819 0.7058731 -0.0017201 0.7082399
18.339870 0.4265074 -0.1368729 4.5300527 0.0122613 0.7071158 -0.0038734 0.7069808
18.652370 0.5627416 -0.1413658 4.5315099 0.0041500 0.7077784 -0.0015039 0.7064208
18.964900 0.6963984 -0.1454446 4.5325241 0.0112842 0.7071550 -0.0064993 0.7069386
19.277500 0.8295320 -0.1507158 4.5335045 0.0103268 0.7063040 -0.0013595 0.7078320
19.485910 0.9178268 -0.1533186 4.5341806 0.0097012 0.7062150 -0.0006061 0.7079307
19.798650 1.0476065 -0.1579023 4.5357280 0.0081138 0.7081812 -0.0029615 0.7059779
20.111410 1.1746163 -0.1620307 4.5361938 0.0066386 0.7104587 -0.0046134 0.7036925
20.424610 1.2997066 -0.1664846 4.5353069 0.0064433 0.7125862 -0.0046902 0.7015393
20.737490 1.4217634 -0.1706025 4.5334864 0.0068942 0.7138432 -0.0029651 0.7002654
21.049750 1.5401826 -0.1745959 4.5321455 0.0045843 0.7151060 -0.0034982 0.6989923
21.362520 1.6517894 -0.1784341 4.5301561 0.0067310 0.7154182 -0.0050209 0.6986461
21.571010 1.7250553 -0.1811206 4.5294380 0.0067311 0.7156958 -0.0066849 0.6983477
21.779630 1.7967945 -0.1839508 4.5276356 0.0070341 0.7156851 -0.0057021 0.6983644
21.988560 1.8675981 -0.1867820 4.5266972 0.0049493 0.7156621 -0.0080505 0.6983827
22.196780 1.9381948 -0.1893341 4.5249066 0.0050018 0.7159243 -0.0065403 0.6981294
22.405410 2.0082304 -0.1920032 4.5237699 0.0021719 0.7190197 -0.0087524 0.6949312
22.718920 2.1122134 -0.1957778 4.5182166 0.0067676 0.7256323 -0.0098273 0.6879792
23.031260 2.2187726 -0.1996118 4.5121322 0.0041318 0.7312192 -0.0118487 0.6820271
23.343940 2.3291507 -0.2035304 4.5043235 0.0017987 0.7341471 -0.0090518 0.6789278
23.552380 2.4041944 -0.2056276 4.4988966 0.0003700 0.7351370 -0.0083977 0.6778665
23.760760 2.4805861 -0.2078931 4.4927440 0.0054944 0.7354344 -0.0084410 0.6775211
23.969260 2.5580158 -0.2107259 4.4861488 0.0101597 0.7358949 -0.0075698 0.6769773
24.177660 2.6362557 -0.2133507 4.4804349 0.0074629 0.7360814 -0.0055139 0.6768294
24.386170 2.7136390 -0.2163922 4.4739814 0.0072386 0.7364041 -0.0037346 0.6764929
24.594630 2.7908607 -0.2189157 4.4683609 0.0069718 0.7379448 -0.0052462 0.6748046
24.803130 2.8688445 -0.2214735 4.4616456 0.0078698 0.7393474 -0.0047172 0.6732617
25.012020 2.9461107 -0.2235696 4.4549274 0.0070661 0.7406334 -0.0059171 0.6718461
25.220150 3.0237896 -0.2264751 4.4479747 0.0072824 0.7413949 -0.0069684 0.6709933
25.532890 3.1429696 -0.2301980 4.4368744 0.0052760 0.7424945 -0.0064292 0.6698006
25.741410 3.2228422 -0.2326824 4.4292355 0.0039921 0.7438855 -0.0058687 0.6682694
26.158530 3.3860745 -0.2381555 4.4117718 0.0081284 0.7459815 -0.0080148 0.6658689
26.471270 3.5128326 -0.2431196 4.3972392 0.0120770 0.7460081 -0.0067729 0.6657929
26.679760 3.5979290 -0.2462816 4.3880949 0.0108483 0.7457767 -0.0056137 0.6660841
26.992430 3.7285538 -0.2510739 4.3749886 0.0075978 0.7441383 -0.0021272 0.6679790
27.200890 3.8149195 -0.2539190 4.3667912 0.0088892 0.7432306 -0.0038983 0.6689649
27.409410 3.9019814 -0.2565300 4.3588567 0.0116042 0.7421218 -0.0084075 0.6701119
27.617880 3.9882112 -0.2599223 4.3506050 0.0097187 0.7412810 -0.0067691 0.6710902
27.826410 4.0748444 -0.2640482 4.3425150 0.0089297 0.7408494 -0.0056498 0.6715881
28.034970 4.1620770 -0.2666880 4.3344607 0.0088747 0.7404682 -0.0046670 0.6720166
28.243410 4.2478514 -0.2701996 4.3264046 0.0103658 0.7398736 -0.0031290 0.6726587
28.556140 4.3769436 -0.2749369 4.3160248 0.0077981 0.7393202 -0.0056010 0.6732857
28.764800 4.4623456 -0.2783841 4.3093123 0.0045665 0.7398357 -0.0080173 0.6727242
28.973270 4.5459933 -0.2815090 4.3022418 0.0056905 0.7405392 -0.0121773 0.6718787
29.181800 4.6290116 -0.2852674 4.2945719 0.0063281 0.7408652 -0.0112710 0.6715294
29.494560 4.7518759 -0.2908727 4.2835889 0.0087541 0.7415473 -0.0123176 0.6707304
29.703090 4.8322802 -0.2948315 4.2763700 0.0072869 0.7427902 -0.0133743 0.6693510
29.911660 4.9116659 -0.2990233 4.2682414 0.0083308 0.7448754 -0.0149036 0.6669851
30.120140 4.9899721 -0.3027313 4.2599382 0.0084236 0.7470596 -0.0161224 0.6645081
30.328670 5.0676775 -0.3068897 4.2511606 0.0090759 0.7490765 -0.0149197 0.6622533
30.537140 5.1440544 -0.3111793 4.2428517 0.0107996 0.7501705 -0.0217810 0.6607974
30.850030 5.2581258 -0.3180553 4.2282829 0.0099391 0.7533245 -0.0175693 0.6573392
31.162620 5.3715277 -0.3246127 4.2147579 0.0100297 0.7558540 -0.0207341 0.6543350
31.371140 5.4452095 -0.3294351 4.2045102 0.0135884 0.7573431 -0.0217454 0.6525136
31.683900 5.5553122 -0.3368628 4.1889582 0.0149393 0.7598858 -0.0234605 0.6494613
31.892590 5.6276884 -0.3417740 4.1776013 0.0154839 0.7633501 -0.0190525 0.6455184
32.101220 5.6994991 -0.3462842 4.1664829 0.0143082 0.7685592 -0.0198356 0.6393111
32.309930 5.7701139 -0.3510070 4.1530614 0.0144811 0.7759889 -0.0207433 0.6302390
32.518590 5.8397937 -0.3558335 4.1374979 0.0158664 0.7838986 -0.0196041 0.6203765
32.727140 5.9086289 -0.3603299 4.1204000 0.0180754 0.7909569 -0.0170098 0.6113683
32.935760 5.9759078 -0.3650199 4.1019526 0.0213089 0.7965281 -0.0130313 0.6040853
33.144180 6.0426197 -0.3692258 4.0834813 0.0218968 0.8003681 -0.0106859 0.5990136
33.248440 6.0758896 -0.3714373 4.0735912 0.0228937 0.8012078 -0.0067923 0.5979095
33.456640 6.1410985 -0.3754794 4.0538883 0.0246732 0.8018803 -0.0017490 0.5969725
33.665120 6.2050381 -0.3789054 4.0354223 0.0282543 0.8015267 -0.0044023 0.5972750
33.873500 6.2680874 -0.3825011 4.0172105 0.0286484 0.8009652 -0.0025177 0.5980197
34.081820 6.3303709 -0.3865144 3.9992425 0.0288639 0.7999781 -0.0002573 0.5993344
34.289910 6.3912673 -0.3897642 3.9821200 0.0310690 0.7979729 -0.0008927 0.6018914
34.498170 6.4515548 -0.3931119 3.9658337 0.0315050 0.7945749 0.0014659 0.6063465
34.706380 6.5102367 -0.3963969 3.9506412 0.0308154 0.7918916 0.0025311 0.6098784
34.914790 6.5681801 -0.3994741 3.9359694 0.0312617 0.7894469 0.0055215 0.6129974
35.123490 6.6244335 -0.4023101 3.9222937 0.0306655 0.7872191 0.0069709 0.6158710
35.331690 6.6782799 -0.4051912 3.9097967 0.0315090 0.7846256 0.0044949 0.6191523
35.539930 6.7320294 -0.4079134 3.8980188 0.0332280 0.7808081 0.0030350 0.6238793
35.852390 6.8113642 -0.4121951 3.8830044 0.0311137 0.7707059 0.0035687 0.6364208
36.060640 6.8636661 -0.4152153 3.8750484 0.0304567 0.7612574 0.0038735 0.6477225
36.372770 6.9412556 -0.4195608 3.8675809 0.0283966 0.7407262 0.0023926 0.6712023
36.581010 6.9921808 -0.4225718 3.8661637 0.0256860 0.7259365 -0.0028245 0.6872761
36.789390 7.0431252 -0.4253177 3.8669534 0.0213903 0.7141382 -0.0078339 0.6996340
36.998010 7.0940366 -0.4282935 3.8681946 0.0141425 0.7098989 -0.0121523 0.7040567
37.207180 7.1442719 -0.4310425 3.8677497 0.0084807 0.7165202 -0.0133257 0.6973875
37.416200 7.1937628 -0.4335697 3.8649712 0.0079682 0.7255662 -0.0113577 0.6880125
37.625170 7.2421989 -0.4358633 3.8610637 0.0072620 0.7344213 -0.0114195 0.6785589
37.834140 7.2898107 -0.4376046 3.8560801 0.0064047 0.7457947 -0.0113440 0.6660485
38.043370 7.3356295 -0.4396132 3.8486190 0.0071690 0.7555245 -0.0089008 0.6550207
38.251530 7.3813996 -0.4415470 3.8408628 0.0056249 0.7647438 -0.0087342 0.6442507
38.460120 7.4253469 -0.4434686 3.8313823 0.0074135 0.7721042 -0.0071075 0.6354129
38.564400 7.4472666 -0.4444203 3.8263988 0.0098620 0.7753261 -0.0065116 0.6314505
38.772660 7.4907322 -0.4461647 3.8167720 0.0106877 0.7792063 -0.0060859 0.6266468
38.981070 7.5335159 -0.4476480 3.8071837 0.0099624 0.7808985 -0.0052142 0.6245568
39.189420 7.5756536 -0.4496154 3.7975340 0.0109374 0.7813444 -0.0038706 0.6239923
39.397920 7.6177278 -0.4510743 3.7882071 0.0115883 0.7832117 -0.0057734 0.6216203
39.606400 7.6611252 -0.4524622 3.7777791 0.0113844 0.7861956 -0.0065721 0.6178378
39.919470 7.7276759 -0.4554766 3.7601254 0.0129151 0.7912632 -0.0048430 0.6113201
40.232310 7.7977700 -0.4579771 3.7408719 0.0143430 0.7965611 -0.0063883 0.6043541
40.545050 7.8706813 -0.4607133 3.7193224 0.0163622 0.8008863 -0.0043421 0.5985771
40.857780 7.9451847 -0.4633678 3.6964445 0.0156024 0.8037700 0.0007066 0.5947351
41.170430 8.0194979 -0.4661280 3.6739297 0.0156222 0.8048250 0.0016281 0.5933043
41.482890 8.0934143 -0.4686038 3.6522589 0.0168397 0.8037469 0.0016599 0.5947306
41.795430 8.1656322 -0.4714610 3.6307971 0.0185656 0.8011886 0.0016598 0.5981215
42.107930 8.2347946 -0.4742874 3.6113677 0.0197070 0.7977262 0.0009588 0.6026970
42.420400 8.2986345 -0.4764480 3.5943210 0.0175733 0.7931144 0.0046102 0.6088017
42.732820 8.3556185 -0.4786132 3.5806267 0.0164092 0.7843961 0.0072381 0.6200010
43.044930 8.4086409 -0.4807271 3.5713100 0.0176451 0.7687466 0.0038238 0.6392986
43.357740 8.4609251 -0.4824515 3.5664783 0.0175782 0.7431393 0.0021208 0.6689025
43.668930 8.5115356 -0.4844791 3.5678825 0.0107311 0.7106886 -0.0012646 0.7034237
43.981040 8.5612640 -0.4860839 3.5740705 0.0046497 0.6768804 0.0000551 0.7360783
44.293150 8.6097097 -0.4873987 3.5848808 0.0033516 0.6378136 -0.0005129 0.7701833
44.605140 8.6587543 -0.4883970 3.6020589 0.0058274 0.5901234 -0.0028904 0.8072869
45.021230 8.7209301 -0.4906998 3.6379461 0.0078182 0.5125350 -0.0102104 0.8585700
45.229310 8.7534847 -0.4918284 3.6613679 0.0122411 0.4693593 -0.0076046 0.8828897
45.437440 8.7856026 -0.4929854 3.6906304 0.0090294 0.4255775 -0.0101420 0.9048201
45.853900 8.8479872 -0.4964038 3.7652581 0.0070106 0.3369800 -0.0107504 0.9414244
46.062500 8.8782749 -0.4980343 3.8107214 0.0065739 0.2965917 -0.0095870 0.9549336
46.271110 8.9076700 -0.4994497 3.8621473 0.0049339 0.2619090 -0.0100689 0.9650275
46.479940 8.9360666 -0.5005251 3.9184198 0.0017594 0.2341519 -0.0096993 0.9721501
46.688930 8.9639473 -0.5017151 3.9798269 -0.0002199 0.2138166 -0.0073110 0.9768465
46.897820 8.9914551 -0.5024666 4.0449214 0.0003408 0.1960498 -0.0030957 0.9805890
47.106530 9.0173740 -0.5034437 4.1141920 0.0009552 0.1785617 -0.0016903 0.9839268
47.315280 9.0422440 -0.5043181 4.1873674 0.0009174 0.1630849 -0.0022751 0.9866090
47.524300 9.0661926 -0.5051886 4.2642980 -0.0007256 0.1565941 -0.0053815 0.9876481
47.733280 9.0909252 -0.5063917 4.3429575 -0.0014535 0.1555875 -0.0051019 0.9878079
47.942180 9.1172028 -0.5073449 4.4242663 -0.0000863 0.1554959 -0.0030480 0.9878318
48.150840 9.1441832 -0.5086345 4.5088892 0.0002322 0.1558223 -0.0027117 0.9877813
48.359390 9.1723814 -0.5099864 4.5958195 -0.0019442 0.1566148 -0.0018641 0.9876561
48.567920 9.2005596 -0.5113129 4.6834288 -0.0024536 0.1573633 -0.0006979 0.9875375
48.776450 9.2295084 -0.5125335 4.7714949 -0.0024281 0.1576676 0.0007777 0.9874889
48.985000 9.2584085 -0.5135593 4.8602238 -0.0044466 0.1579387 0.0022042 0.9874365
49.193280 9.2873964 -0.5144832 4.9485564 -0.0036900 0.1576995 0.0041437 0.9874716
49.505980 9.3303776 -0.5157439 5.0811620 -0.0017369 0.1567505 0.0045347 0.9876263
49.818560 9.3722363 -0.5179195 5.2136583 -0.0026929 0.1551418 0.0042131 0.9878796
50.131080 9.4143801 -0.5196256 5.3466496 -0.0024158 0.1527060 0.0039735 0.9882607
50.443670 9.4555445 -0.5213312 5.4787712 -0.0039834 0.1502810 0.0052144 0.9886215
50.756210 9.4955387 -0.5225088 5.6089144 -0.0033139 0.1471373 0.0064078 0.9890898
51.068710 9.5330706 -0.5243275 5.7356710 -0.0057743 0.1441115 0.0075652 0.9895157
51.277040 9.5563622 -0.5251052 5.8167343 -0.0061433 0.1418166 0.0078941 0.9898424
51.589660 9.5889359 -0.5261471 5.9323931 -0.0017093 0.1381212 0.0057705 0.9903970
51.902300 9.6178169 -0.5279555 6.0398798 -0.0053541 0.1329813 0.0068718 0.9910803
52.215240 9.6433258 -0.5294056 6.1385736 -0.0060175 0.1268292 0.0052618 0.9918923
52.527830 9.6647387 -0.5308226 6.2257662 -0.0037026 0.1244075 0.0028357 0.9922203
52.840660 9.6837540 -0.5320923 6.3028069 -0.0004951 0.1226398 0.0022265 0.9924486
53.154550 9.7005615 -0.5334747 6.3726883 -0.0014409 0.1198383 0.0016416 0.9927910
53.465960 9.7159119 -0.5348673 6.4408536 -0.0010685 0.1089160 0.0048002 0.9940388
53.674060 9.7232561 -0.5357487 6.4847965 -0.0001505 0.0927114 0.0052137 0.9956794
53.985990 9.7283707 -0.5368263 6.5483279 -0.0009634 0.0535949 0.0035381 0.9985560
54.297670 9.7263603 -0.5377026 6.6100039 -0.0040629 -0.0010864 0.0012026 0.9999905
54.609440 9.7155800 -0.5383694 6.6682224 -0.0059171 -0.0671604 -0.0064481 0.9977038
54.921310 9.6966152 -0.5389206 6.7242208 -0.0118444 -0.1426528 -0.0092017 0.9896591
55.233280 9.6690750 -0.5384529 6.7753649 -0.0169655 -0.2245316 -0.0115476 0.9742507
55.441330 9.6460247 -0.5376164 6.8056378 -0.0176856 -0.2812071 -0.0143516 0.9593768
55.649410 9.6197538 -0.5364375 6.8326874 -0.0189841 -0.3372782 -0.0140963 0.9411080
55.857760 9.5906801 -0.5351573 6.8567843 -0.0225218 -0.3923197 -0.0125334 0.9194677
55.961860 9.5752563 -0.5344693 6.8671293 -0.0238765 -0.4191841 -0.0123568 0.9075031
56.066000 9.5589609 -0.5339794 6.8765278 -0.0261344 -0.4452434 -0.0117605 0.8949509
56.170220 9.5421534 -0.5331284 6.8852062 -0.0262605 -0.4710272 -0.0130456 0.8816312
56.274310 9.5248489 -0.5326579 6.8922768 -0.0255351 -0.4956427 -0.0146793 0.8680270
56.482840 9.4889317 -0.5311646 6.9041109 -0.0223706 -0.5432062 -0.0168817 0.8391315
56.587120 9.4705505 -0.5302973 6.9089527 -0.0213056 -0.5650319 -0.0168824 0.8246211
56.795690 9.4324512 -0.5288759 6.9163260 -0.0182422 -0.6029305 -0.0181082 0.7973795
56.900200 9.4130955 -0.5281466 6.9191570 -0.0167338 -0.6186989 -0.0187889 0.7852252
57.109200 9.3732634 -0.5261992 6.9246817 -0.0196914 -0.6438845 -0.0139554 0.7647420
57.213710 9.3523254 -0.5251198 6.9270082 -0.0219553 -0.6533101 -0.0127300 0.7566649
57.318320 9.3305292 -0.5243005 6.9284086 -0.0214302 -0.6619014 -0.0148654 0.7491370
57.527320 9.2838755 -0.5225735 6.9310703 -0.0203386 -0.6748098 -0.0197449 0.7374471
57.945060 9.1802130 -0.5182941 6.9351001 -0.0205791 -0.6983899 -0.0097159 0.7153555
58.153820 9.1212492 -0.5160521 6.9335475 -0.0212117 -0.7093726 -0.0124954 0.7044036
58.676060 8.9543467 -0.5091148 6.9235444 -0.0181544 -0.7239063 -0.0188126 0.6894028
59.093910 8.8026314 -0.5024160 6.9140930 -0.0111178 -0.7225848 -0.0248823 0.6907449
59.407510 8.6778164 -0.4973823 6.9100704 -0.0082443 -0.7129216 -0.0284581 0.7006176
59.720720 8.5445461 -0.4912852 6.9104118 -0.0051035 -0.7023200 -0.0305033 0.7111892
59.929310 8.4506702 -0.4872721 6.9128056 -0.0043695 -0.6946186 -0.0324740 0.7186316
60.242110 8.3063669 -0.4809054 6.9202514 -0.0054348 -0.6841203 -0.0348919 0.7285139
60.554790 8.1633778 -0.4750399 6.9309201 -0.0064039 -0.6759494 -0.0349153 0.7360926
60.867330 8.0205116 -0.4693936 6.9441099 -0.0069505 -0.6731043 -0.0334270 0.7387590
61.179820 7.8754230 -0.4639618 6.9570961 -0.0058708 -0.6718625 -0.0334704 0.7398959
61.492290 7.7301383 -0.4588967 6.9706855 -0.0059006 -0.6712961 -0.0337658 0.7403963
61.805110 7.5841985 -0.4535415 6.9839344 -0.0049919 -0.6717309 -0.0331712 0.7400354
62.117440 7.4401665 -0.4482997 6.9962873 -0.0057029 -0.6725699 -0.0350437 0.7391815
62.325700 7.3440561 -0.4447273 7.0044270 -0.0061471 -0.6728278 -0.0360412 0.7388951
62.534220 7.2485709 -0.4408933 7.0129538 -0.0050861 -0.6729347 -0.0360473 0.7388055
62.742660 7.1549859 -0.4371620 7.0215344 -0.0056028 -0.6720085 -0.0363518 0.7396294
62.951190 7.0616493 -0.4335435 7.0302148 -0.0053367 -0.6707078 -0.0367134 0.7407933
63.159760 6.9692130 -0.4300481 7.0390539 -0.0049676 -0.6699727 -0.0356847 0.7415109
63.368170 6.8776731 -0.4264691 7.0479646 -0.0045639 -0.6695874 -0.0356001 0.7418655
63.576570 6.7867999 -0.4233275 7.0568061 -0.0047295 -0.6689587 -0.0359575 0.7424143
63.785050 6.6958132 -0.4194817 7.0662212 -0.0055305 -0.6685292 -0.0360859 0.7427893
63.993600 6.6053500 -0.4160450 7.0757117 -0.0051289 -0.6684171 -0.0348833 0.7429505
64.202080 6.5149422 -0.4124866 7.0850215 -0.0038460 -0.6680974 -0.0335423 0.7433075
64.410540 6.4240265 -0.4090421 7.0946131 -0.0039891 -0.6675559 -0.0337036 0.7437858
64.619620 6.3324594 -0.4060441 7.1041646 -0.0043115 -0.6667873 -0.0338964 0.7444643
64.827560 6.2400765 -0.4024573 7.1146708 -0.0064820 -0.6660259 -0.0325989 0.7451878
65.140170 6.1002645 -0.3972655 7.1301765 -0.0064210 -0.6650198 -0.0320999 0.7461080
65.453010 5.9585485 -0.3922943 7.1456590 -0.0040644 -0.6650084 -0.0316364 0.7461545
65.765550 5.8152871 -0.3873348 7.1611013 -0.0062920 -0.6683929 -0.0302450 0.7431666
66.078070 5.6702538 -0.3823640 7.1735554 -0.0062847 -0.6737434 -0.0315280 0.7382657
66.390840 5.5232964 -0.3769294 7.1840253 -0.0048836 -0.6783106 -0.0321211 0.7340566
66.599380 5.4253840 -0.3735724 7.1908875 -0.0020460 -0.6793448 -0.0305314 0.7331810
66.911930 5.2760887 -0.3689669 7.2018847 -0.0059756 -0.6803755 -0.0282023 0.7322964
67.224690 5.1283264 -0.3642802 7.2117190 -0.0095603 -0.6811022 -0.0304477 0.7314926
67.537490 4.9804106 -0.3587213 7.2215791 -0.0091495 -0.6817296 -0.0319399 0.7308494
67.850040 4.8326697 -0.3534061 7.2309542 -0.0070012 -0.6822788 -0.0316169 0.7303745
68.162850 4.6855359 -0.3481610 7.2396164 -0.0061076 -0.6826577 -0.0313355 0.7300406
68.475450 4.5390501 -0.3429869 7.2489057 -0.0060628 -0.6823096 -0.0312079 0.7303718
68.787950 4.3922510 -0.3379998 7.2581091 -0.0062380 -0.6822876 -0.0323102 0.7303429
69.100450 4.2452326 -0.3328686 7.2675757 -0.0053453 -0.6821467 -0.0326108 0.7304683
69.413100 4.0987616 -0.3275025 7.2772546 -0.0063746 -0.6824710 -0.0342958 0.7300798
69.725600 3.9538307 -0.3221985 7.2857995 -0.0057294 -0.6827715 -0.0352485 0.7297587
70.038070 3.8105915 -0.3164312 7.2935305 0.0001006 -0.6828884 -0.0356440 0.7296526
70.350780 3.6674161 -0.3119978 7.3023720 0.0002501 -0.6804008 -0.0373509 0.7318876
70.663330 3.5245607 -0.3069135 7.3133836 -0.0023523 -0.6780263 -0.0379825 0.7340519
70.976260 3.3816378 -0.3019489 7.3247867 -0.0021397 -0.6755792 -0.0388331 0.7362609
71.288550 3.2386651 -0.2965726 7.3366761 0.0013543 -0.6741094 -0.0355195 0.7377757
71.601510 3.0952249 -0.2924804 7.3488574 -0.0015845 -0.6736805 -0.0356192 0.7381621
71.913580 2.9509046 -0.2875854 7.3612103 -0.0029890 -0.6745046 -0.0344771 0.7374591
72.226050 2.8061306 -0.2814593 7.3731413 -0.0062700 -0.6748036 -0.0373446 0.7370252
72.538690 2.6622992 -0.2764426 7.3854585 -0.0020229 -0.6743746 -0.0309269 0.7377387
72.851340 2.5170455 -0.2717499 7.3975053 -0.0063108 -0.6745133 -0.0331356 0.7374917
73.163840 2.3714461 -0.2663092 7.4090881 -0.0068552 -0.6764288 -0.0327803 0.7357463
73.372080 2.2739615 -0.2623632 7.4163804 -0.0087181 -0.6788138 -0.0313087 0.7335910
73.684600 2.1277337 -0.2570399 7.4258623 -0.0083177 -0.6817097 -0.0305872 0.7309358
73.997240 1.9808719 -0.2518547 7.4344072 -0.0078733 -0.6838353 -0.0315739 0.7289104
74.309810 1.8344780 -0.2462242 7.4427848 -0.0073159 -0.6848013 -0.0328292 0.7279533
74.622500 1.6884470 -0.2411639 7.4508228 -0.0075188 -0.6853938 -0.0314518 0.7274542
74.830870 1.5914183 -0.2378892 7.4554667 -0.0084469 -0.6861278 -0.0321225 0.7267224
75.143430 1.4463320 -0.2322440 7.4627495 -0.0086703 -0.6878173 -0.0307972 0.7251784
75.351710 1.3506669 -0.2290458 7.4667692 -0.0085213 -0.6889982 -0.0303147 0.7240786
75.560080 1.2564058 -0.2261505 7.4703383 -0.0069378 -0.6907353 -0.0265295 0.7225875
75.768340 1.1618418 -0.2233835 7.4739127 -0.0068909 -0.6923704 -0.0252542 0.7210672
76.080700 1.0224187 -0.2192476 7.4783206 -0.0102171 -0.6943296 -0.0272437 0.7190687
76.289060 0.9299459 -0.2162273 7.4805055 -0.0094259 -0.6942799 -0.0274384 0.7191201
76.497460 0.8383207 -0.2130500 7.4832964 -0.0098232 -0.6942128 -0.0300222 0.7190763
76.706270 0.7480838 -0.2098461 7.4857783 -0.0096501 -0.6942513 -0.0304625 0.7190230
76.914470 0.6600131 -0.2062744 7.4876699 -0.0089374 -0.6948807 -0.0306661 0.7184153
77.122590 0.5725173 -0.2031833 7.4892831 -0.0090494 -0.6959629 -0.0319116 0.7173113
77.330800 0.4870885 -0.2000530 7.4909673 -0.0087047 -0.6974193 -0.0325727 0.7158698
77.539210 0.4024450 -0.1968115 7.4920769 -0.0081940 -0.6990449 -0.0321739 0.7143066
77.747630 0.3199451 -0.1940041 7.4930964 -0.0078687 -0.7003061 -0.0322756 0.7130693
77.955810 0.2388909 -0.1910731 7.4937196 -0.0080470 -0.7014122 -0.0324007 0.7119736
78.164320 0.1610724 -0.1882510 7.4939356 -0.0078676 -0.7022109 -0.0338167 0.7111219
78.372790 0.0855764 -0.1855903 7.4942064 -0.0068788 -0.7015467 -0.0346095 0.7117493
78.581420 0.0132121 -0.1828357 7.4950223 -0.0056841 -0.6996943 -0.0340665 0.7136070
78.685710 -0.0226129 -0.1816404 7.4954572 -0.0051955 -0.6986589 -0.0340616 0.7146247
78.894170 -0.0923012 -0.1791260 7.4970369 -0.0050148 -0.6966901 -0.0333284 0.7165800
79.102740 -0.1609331 -0.1768623 7.4992566 -0.0048814 -0.6948606 -0.0322169 0.7184058
79.311290 -0.2279547 -0.1747522 7.5011926 -0.0058817 -0.6932257 -0.0322545 0.7199745
79.521320 -0.2931098 -0.1726280 7.5036383 -0.0068314 -0.6923120 -0.0323777 0.7208392
79.728360 -0.3573559 -0.1702298 7.5061588 -0.0067649 -0.6914698 -0.0319022 0.7216688
79.936810 -0.4192725 -0.1683354 7.5085120 -0.0073607 -0.6903797 -0.0321233 0.7226962
80.145310 -0.4795243 -0.1660436 7.5112567 -0.0087113 -0.6888977 -0.0325985 0.7240728
80.562510 -0.5893637 -0.1621925 7.5174227 -0.0097242 -0.6843685 -0.0316770 0.7283830
80.770930 -0.6398066 -0.1604209 7.5213289 -0.0109284 -0.6818127 -0.0317816 0.7307544
81.083960 -0.7107015 -0.1581281 7.5272508 -0.0117296 -0.6753572 -0.0316531 0.7367179
81.709820 -0.8356072 -0.1540408 7.5449581 -0.0100986 -0.6508211 -0.0267802 0.7586914
82.127190 -0.9067794 -0.1520215 7.5609393 -0.0107483 -0.6259363 -0.0249026 0.7794024
82.440360 -0.9525881 -0.1513322 7.5759597 -0.0110279 -0.5999808 -0.0190609 0.7997112
83.380020 -1.0707159 -0.1495113 7.6404934 -0.0142825 -0.4843213 -0.0157348 0.8746321
83.693230 -1.1048512 -0.1486583 7.6703048 -0.0046132 -0.4311570 -0.0141001 0.9021550
84.006450 -1.1363766 -0.1474918 7.7082891 -0.0043648 -0.3733892 -0.0090702 0.9276202
84.423690 -1.1746581 -0.1475310 7.7693558 -0.0051170 -0.2896880 -0.0079839 0.9570742
84.944930 -1.2164779 -0.1480810 7.8674183 0.0012036 -0.1856963 -0.0121795 0.9825310
85.154250 -1.2294093 -0.1490722 7.9150448 0.0003465 -0.1427905 -0.0127020 0.9896713
85.361980 -1.2377675 -0.1494741 7.9664617 0.0021502 -0.1027170 -0.0137872 0.9946128
85.570070 -1.2427449 -0.1496848 8.0220871 0.0051121 -0.0686187 -0.0125054 0.9975515
85.778090 -1.2487686 -0.1509967 8.0824385 0.0054738 -0.0415815 -0.0102051 0.9990680
85.985830 -1.2516122 -0.1528548 8.1471977 0.0056533 -0.0261004 -0.0067978 0.9996202
86.193550 -1.2571280 -0.1577751 8.2133093 0.0035588 -0.0142950 -0.0043881 0.9998819
86.401450 -1.2555528 -0.1583178 8.2836132 0.0028297 -0.0106437 -0.0011959 0.9999386
86.608970 -1.2490199 -0.1549827 8.3554249 0.0044745 -0.0131709 0.0014674 0.9999022
86.816720 -1.2431645 -0.1504230 8.4323549 0.0059504 -0.0183535 0.0005972 0.9998137
87.024550 -1.2500727 -0.1554428 8.5119495 0.0060976 -0.0197755 0.0027514 0.9997821
87.544840 -1.2512010 -0.1549637 8.7190485 0.0037946 -0.0261289 0.0004391 0.9996513
87.857180 -1.2543423 -0.1567773 8.8453884 0.0065543 -0.0283649 -0.0027727 0.9995723
88.065680 -1.2579674 -0.1585849 8.9286289 0.0054305 -0.0293943 -0.0031155 0.9995483
88.377940 -1.2649219 -0.1620776 9.0542068 0.0041163 -0.0318375 -0.0023823 0.9994817
88.690450 -1.2754080 -0.1655523 9.1764593 0.0011185 -0.0336975 -0.0012379 0.9994307
89.003140 -1.2851214 -0.1683882 9.2967358 0.0003025 -0.0366613 -0.0002654 0.9993277
89.315720 -1.2956784 -0.1710065 9.4162054 0.0028515 -0.0387591 -0.0002793 0.9992445
89.628430 -1.3067520 -0.1737982 9.5322895 0.0011583 -0.0382210 -0.0025554 0.9992654
89.941180 -1.3167214 -0.1764848 9.6430693 0.0014438 -0.0375807 -0.0030463 0.9992879
90.253860 -1.3260540 -0.1787764 9.7454472 0.0022773 -0.0391659 -0.0040677 0.9992219
90.566320 -1.3349669 -0.1809427 9.8391008 0.0003854 -0.0431243 -0.0039464 0.9990618
90.879050 -1.3446858 -0.1824835 9.9238834 0.0018152 -0.0471775 -0.0039086 0.9988772
91.296000 -1.3546263 -0.1852328 10.0230684 0.0017512 -0.0463242 -0.0049272 0.9989128
91.609100 -1.3595760 -0.1870455 10.0896196 0.0024371 -0.0323729 -0.0061806 0.9994538
91.922450 -1.3599287 -0.1888802 10.1550035 0.0030797 -0.0052474 -0.0062770 0.9999618
92.235900 -1.3552289 -0.1911729 10.2177181 0.0090348 0.0339468 -0.0079391 0.9993513
92.549480 -1.3428245 -0.1930710 10.2772598 0.0100883 0.0863190 -0.0037986 0.9962092
92.862950 -1.3244352 -0.1956210 10.3316355 0.0091581 0.1454630 0.0070067 0.9892965
93.072030 -1.3088582 -0.1972212 10.3657017 0.0087428 0.1875435 0.0088430 0.9821776
93.280830 -1.2912190 -0.1987326 10.3986759 0.0118512 0.2322809 0.0044843 0.9725662
93.489710 -1.2689934 -0.1999732 10.4298668 0.0175882 0.2779699 0.0062770 0.9604083
93.698450 -1.2429996 -0.2011844 10.4594841 0.0217706 0.3238230 0.0083044 0.9458307
93.907230 -1.2154102 -0.2027725 10.4895744 0.0173488 0.3723307 -0.0044145 0.9279275
94.115820 -1.1832285 -0.2053172 10.5155754 0.0160548 0.4180727 -0.0051477 0.9082571
94.324500 -1.1464429 -0.2066836 10.5374880 0.0229354 0.4647409 -0.0008755 0.8851492
94.533080 -1.1067400 -0.2085369 10.5589457 0.0200460 0.5112191 -0.0094224 0.8591649
94.741610 -1.0622823 -0.2115265 10.5773420 0.0131361 0.5541603 -0.0119172 0.8322210
94.949970 -1.0141835 -0.2141114 10.5908976 0.0155466 0.5905027 -0.0096025 0.8068287
95.158090 -0.9619304 -0.2163878 10.6020107 0.0191968 0.6193279 -0.0089960 0.7848462
95.365960 -0.9055164 -0.2189608 10.6117697 0.0170262 0.6414642 -0.0066355 0.7669352
95.573810 -0.8446293 -0.2214946 10.6197777 0.0140555 0.6614861 -0.0069699 0.7497933
95.781890 -0.7808294 -0.2242008 10.6244535 0.0154140 0.6780568 -0.0084578 0.7347992
95.989690 -0.7129890 -0.2268460 10.6266317 0.0169928 0.6917289 -0.0054462 0.7219368
96.197610 -0.6407252 -0.2295506 10.6285048 0.0129712 0.7027286 -0.0042646 0.7113270
96.405440 -0.5663347 -0.2320628 10.6273623 0.0162663 0.7087289 -0.0020528 0.7052904
96.613110 -0.4878109 -0.2344753 10.6263208 0.0181655 0.7115515 0.0000092 0.7023990
96.820940 -0.4061338 -0.2374383 10.6253500 0.0160390 0.7128928 0.0003130 0.7010896
97.132730 -0.2795467 -0.2413713 10.6232576 0.0157868 0.7138758 0.0027100 0.7000891
97.444500 -0.1516336 -0.2458710 10.6221733 0.0159977 0.7109444 0.0044473 0.7030522
97.756480 -0.0235150 -0.2499159 10.6219749 0.0161409 0.7072899 0.0053252 0.7067193
98.068570 0.1057319 -0.2540830 10.6242361 0.0173092 0.7044340 0.0023665 0.7095545
98.380720 0.2378035 -0.2584187 10.6272955 0.0119260 0.7023280 0.0010947 0.7117527
98.693070 0.3694354 -0.2629053 10.6306868 0.0116282 0.7012133 -0.0021439 0.7128535
99.005460 0.5015848 -0.2678370 10.6336107 0.0100857 0.7013920 -0.0012091 0.7127033
99.317990 0.6332521 -0.2722332 10.6356583 0.0101730 0.7018314 -0.0009647 0.7122698
99.630630 0.7627828 -0.2765206 10.6383038 0.0072022 0.7037745 -0.0033438 0.7103791
99.943090 0.8923637 -0.2807004 10.6402349 0.0030062 0.7061693 -0.0031496 0.7080296
100.255600 1.0194198 -0.2841691 10.6405191 0.0027891 0.7072026 -0.0024115 0.7070014
100.568000 1.1444688 -0.2878560 10.6409302 0.0065597 0.7071553 -0.0041006 0.7070160
100.880700 1.2686769 -0.2919007 10.6422815 0.0047986 0.7085434 -0.0050286 0.7056330
101.193100 1.3916451 -0.2956263 10.6419821 0.0018382 0.7102403 -0.0042309 0.7039441
101.505600 1.5131841 -0.2994354 10.6415663 0.0041864 0.7105297 -0.0045961 0.7036397
101.818100 1.6324894 -0.3032857 10.6415348 0.0008949 0.7098468 -0.0037072 0.7043458
102.130600 1.7516687 -0.3063447 10.6415339 0.0015811 0.7094365 -0.0042046 0.7047551
102.444200 1.8687598 -0.3091205 10.6417561 0.0017948 0.7097049 -0.0037891 0.7044865
102.651500 1.9450990 -0.3121095 10.6418295 0.0035962 0.7101375 -0.0079213 0.7040092
102.859900 2.0200775 -0.3146479 10.6408825 0.0136448 0.7091517 -0.0112485 0.7048342
103.172400 2.1330025 -0.3199126 10.6419449 0.0068762 0.7079070 -0.0064321 0.7062429
103.484800 2.2431543 -0.3236396 10.6430550 0.0040370 0.7064315 -0.0068411 0.7077368
103.797500 2.3519282 -0.3275893 10.6446619 0.0020534 0.7071940 -0.0106045 0.7069371
104.110100 2.4585698 -0.3313390 10.6452646 0.0009478 0.7087825 -0.0097189 0.7053595
104.318500 2.5278111 -0.3338405 10.6450558 0.0012087 0.7094818 -0.0087534 0.7046683
104.526700 2.5957925 -0.3362755 10.6454573 0.0003061 0.7089021 -0.0097940 0.7052388
104.839200 2.6959600 -0.3398344 10.6457672 0.0021368 0.7081089 -0.0127647 0.7059846
105.151800 2.7948239 -0.3437176 10.6466236 0.0001454 0.7078303 -0.0129421 0.7062639
105.360200 2.8598950 -0.3461685 10.6467171 0.0003416 0.7081662 -0.0113381 0.7059546
105.568600 2.9241445 -0.3485332 10.6463070 0.0005915 0.7100134 -0.0109711 0.7041024
105.881400 3.0198450 -0.3521322 10.6453495 0.0009641 0.7129810 -0.0106792 0.7011013
106.194200 3.1175046 -0.3556197 10.6429472 0.0028869 0.7193604 -0.0144177 0.6944814
106.507000 3.2199297 -0.3593669 10.6382837 0.0035499 0.7250901 -0.0132446 0.6885175
106.819700 3.3259389 -0.3624077 10.6319189 0.0017259 0.7312362 -0.0130727 0.6819969
107.132400 3.4364285 -0.3667707 10.6230879 0.0033600 0.7368671 -0.0122035 0.6759191
107.445000 3.5523446 -0.3702840 10.6116114 0.0076871 0.7414290 -0.0105588 0.6709042
107.757500 3.6736984 -0.3741810 10.5983925 0.0070172 0.7445104 -0.0049612 0.6675556
107.965800 3.7576551 -0.3768109 10.5896225 0.0076379 0.7452663 -0.0029849 0.6667165
108.278200 3.8889730 -0.3804692 10.5752811 0.0131253 0.7444717 -0.0027221 0.6675195
108.590400 4.0262141 -0.3846564 10.5599661 0.0166297 0.7411537 0.0029475 0.6711229
108.902600 4.1689758 -0.3887410 10.5477657 0.0173466 0.7363375 0.0051352 0.6763725
109.214800 4.3153081 -0.3931406 10.5373783 0.0175482 0.7311451 0.0056715 0.6819726
109.527200 4.4647388 -0.3983409 10.5292406 0.0209646 0.7276919 0.0000722 0.6855837
109.839600 4.6153488 -0.4048504 10.5212402 0.0196723 0.7263198 0.0035986 0.6870659
110.152000 4.7670965 -0.4100849 10.5139380 0.0177043 0.7254802 0.0078657 0.6879703
110.361100 4.8678780 -0.4135596 10.5092821 0.0192211 0.7248762 0.0061780 0.6885832
110.672600 5.0191298 -0.4186518 10.5027819 0.0190925 0.7237592 0.0059656 0.6897627
110.985200 5.1689548 -0.4244387 10.4971676 0.0206164 0.7216684 0.0030118 0.6919253
111.297500 5.3180027 -0.4300637 10.4926844 0.0166214 0.7188079 0.0060608 0.6949837
111.609900 5.4644222 -0.4350911 10.4900093 0.0143244 0.7168520 0.0037057 0.6970683
111.922300 5.6088910 -0.4400805 10.4877195 0.0095951 0.7160544 -0.0001177 0.6979785
112.234700 5.7504578 -0.4456880 10.4848490 0.0126344 0.7162539 -0.0038574 0.6977147
112.443000 5.8449354 -0.4493398 10.4826469 0.0120432 0.7165912 -0.0024430 0.6973852
112.755500 5.9853187 -0.4548295 10.4795322 0.0077193 0.7185481 -0.0030901 0.6954276
113.068100 6.1240339 -0.4593738 10.4751377 0.0064023 0.7225327 -0.0036068 0.6912977
113.380300 6.2623754 -0.4642842 10.4691563 0.0055935 0.7266982 -0.0065453 0.6869029
113.692900 6.3992171 -0.4690412 10.4607706 0.0060164 0.7330881 -0.0060529 0.6800801
114.005500 6.5356631 -0.4736419 10.4488640 0.0048727 0.7420403 -0.0026839 0.6703323
114.318100 6.6717610 -0.4769966 10.4332037 0.0037406 0.7512867 -0.0028221 0.6599594
114.630800 6.8077779 -0.4808688 10.4132299 0.0064832 0.7610716 -0.0028869 0.6486290
114.943300 6.9429998 -0.4845500 10.3882160 0.0098794 0.7713074 0.0005247 0.6363859
115.255800 7.0785890 -0.4885374 10.3591099 0.0152433 0.7773342 0.0059777 0.6288748
115.568000 7.2132387 -0.4922802 10.3298483 0.0225536 0.7776106 0.0082492 0.6282874
115.775900 7.3032284 -0.4951192 10.3113489 0.0253880 0.7745482 0.0110835 0.6319079
116.087800 7.4383373 -0.4990381 10.2853765 0.0257874 0.7685990 0.0186105 0.6389400
116.400000 7.5715604 -0.5027792 10.2623415 0.0315619 0.7630442 0.0152056 0.6453962
116.712100 7.7063408 -0.5076993 10.2422915 0.0281894 0.7566189 0.0166416 0.6530362
117.024500 7.8391981 -0.5120755 10.2254200 0.0284525 0.7515306 0.0153615 0.6589053
117.232900 7.9257760 -0.5149935 10.2142448 0.0303748 0.7506391 0.0143194 0.6598585
117.545500 8.0518808 -0.5189352 10.1985769 0.0256845 0.7499276 0.0207958 0.6606939
117.753800 8.1318464 -0.5214753 10.1889133 0.0282456 0.7496002 0.0204651 0.6609712
117.962300 8.2109032 -0.5239358 10.1791382 0.0303288 0.7494795 0.0162930 0.6611318
118.275000 8.3296700 -0.5275823 10.1653032 0.0296950 0.7503436 0.0177702 0.6601416
118.483500 8.4082155 -0.5298654 10.1552143 0.0277178 0.7513136 0.0223518 0.6589841
118.692000 8.4850416 -0.5318847 10.1448259 0.0295829 0.7522566 0.0244058 0.6577532
118.900700 8.5604343 -0.5338035 10.1345835 0.0347818 0.7518445 0.0202616 0.6581106
119.212900 8.6745462 -0.5373485 10.1210241 0.0326312 0.7487925 0.0218281 0.6616408
119.421900 8.7491865 -0.5394927 10.1126986 0.0308161 0.7457852 0.0219263 0.6651121
119.629500 8.8230762 -0.5420741 10.1047735 0.0318771 0.7431636 0.0208128 0.6680258
119.837900 8.8961935 -0.5441480 10.0977221 0.0324874 0.7412192 0.0204723 0.6701639
120.046300 8.9690905 -0.5461292 10.0909233 0.0297719 0.7397537 0.0239873 0.6717906
120.254600 9.0400715 -0.5482368 10.0841236 0.0297075 0.7390106 0.0215412 0.6726936
120.463100 9.1095009 -0.5501020 10.0784149 0.0294281 0.7390629 0.0164970 0.6727911
120.671400 9.1756983 -0.5523143 10.0726271 0.0260619 0.7391578 0.0167793 0.6728187
120.879900 9.2378387 -0.5545023 10.0671949 0.0236181 0.7394809 0.0195466 0.6724790
121.088200 9.2958012 -0.5564115 10.0621386 0.0232253 0.7395149 0.0172411 0.6725184
121.400800 9.3737020 -0.5587678 10.0551577 0.0262293 0.7387785 0.0146769 0.6732777
121.609400 9.4200659 -0.5605345 10.0515480 0.0248312 0.7383789 0.0131322 0.6738008
121.817900 9.4633970 -0.5627172 10.0477324 0.0261254 0.7392143 0.0116805 0.6728620
122.130800 9.5265398 -0.5650489 10.0412102 0.0273426 0.7435293 0.0094081 0.6680778
122.443800 9.5853786 -0.5675983 10.0338764 0.0281923 0.7487217 0.0112202 0.6621897
122.757700 9.6357307 -0.5694587 10.0266056 0.0277829 0.7530223 0.0126139 0.6572871
123.069400 9.6804600 -0.5713155 10.0197363 0.0300705 0.7568875 0.0112855 0.6527555
123.382300 9.7241287 -0.5727512 10.0122805 0.0300379 0.7619820 0.0133011 0.6467645
123.695100 9.7661705 -0.5744460 10.0046787 0.0291408 0.7678851 0.0122328 0.6398075
124.008300 9.8077965 -0.5758365 9.9955425 0.0306585 0.7768026 0.0099332 0.6289190
124.321000 9.8505478 -0.5775672 9.9840651 0.0303275 0.7905089 0.0076991 0.6116507
124.634000 9.8948526 -0.5790651 9.9704990 0.0275346 0.8058394 0.0054699 0.5914683
124.842600 9.9262447 -0.5801908 9.9585075 0.0286813 0.8177758 0.0048371 0.5748014
125.155700 9.9757366 -0.5819476 9.9372950 0.0257697 0.8388814 0.0011500 0.5437025
125.468700 10.0270901 -0.5837740 9.9086094 0.0234605 0.8624368 0.0004263 0.5056207
125.677400 10.0623407 -0.5854576 9.8850260 0.0222358 0.8790163 0.0025670 0.4762660
125.886700 10.0976410 -0.5864976 9.8572865 0.0213789 0.8952575 0.0033192 0.4450236
126.198900 10.1494522 -0.5877723 9.8080006 0.0203982 0.9186274 0.0055107 0.3945596
126.408300 10.1828432 -0.5885274 9.7706451 0.0183077 0.9330251 0.0056044 0.3593016
126.616000 10.2144136 -0.5887691 9.7286921 0.0184097 0.9461020 0.0058126 0.3232930
126.824500 10.2440023 -0.5889445 9.6829700 0.0196749 0.9573373 0.0054194 0.2882513
127.137100 10.2852287 -0.5899789 9.6061296 0.0187946 0.9713369 0.0061347 0.2368835
127.345600 10.3093576 -0.5901124 9.5503044 0.0173496 0.9794596 0.0092739 0.2006786
127.554100 10.3295050 -0.5898826 9.4896202 0.0188227 0.9863750 0.0149761 0.1627442
127.762600 10.3464966 -0.5890666 9.4257364 0.0163932 0.9921268 0.0155401 0.1231837
127.971300 10.3568687 -0.5878500 9.3591404 0.0216387 0.9961246 0.0152774 0.0838697
128.179700 10.3627720 -0.5870367 9.2905350 0.0227557 0.9986990 0.0118584 0.0440663
128.387800 10.3641710 -0.5864044 9.2202148 0.0253409 0.9996023 0.0073960 0.0099233
128.596100 10.3608036 -0.5856948 9.1467991 0.0273226 0.9993959 0.0087153 -0.0196304
128.804200 10.3542709 -0.5850527 9.0720940 0.0270054 0.9985785 0.0108155 -0.0446626
129.012400 10.3447752 -0.5840342 8.9962883 0.0261936 0.9974469 0.0125957 -0.0652299
129.220400 10.3324814 -0.5827931 8.9182644 0.0243656 0.9959137 0.0168036 -0.0853213
129.428500 10.3163996 -0.5805647 8.8393803 0.0217590 0.9939796 0.0220107 -0.1051025
129.636700 10.2975330 -0.5775315 8.7597370 0.0178411 0.9919825 0.0228452 -0.1230062
129.844800 10.2751989 -0.5750412 8.6805744 0.0170889 0.9903339 0.0161070 -0.1367017
130.052900 10.2516441 -0.5727396 8.5993290 0.0170200 0.9888014 0.0144663 -0.1475565
130.261000 10.2247982 -0.5708352 8.5168018 0.0220653 0.9876677 0.0161123 -0.1541620
130.573100 10.1837034 -0.5678966 8.3919640 0.0237216 0.9866984 0.0137685 -0.1602310
130.885300 10.1412678 -0.5656037 8.2655449 0.0263586 0.9864513 0.0136876 -0.1613435
131.197300 10.0991039 -0.5630955 8.1376114 0.0310461 0.9871476 0.0138292 -0.1561553
131.509500 10.0610409 -0.5604671 8.0106869 0.0317876 0.9885424 0.0148423 -0.1468102
131.821600 10.0255060 -0.5579776 7.8837023 0.0325064 0.9899073 0.0149126 -0.1371299
132.133900 9.9933167 -0.5554356 7.7601347 0.0317410 0.9909776 0.0165278 -0.1291615
132.448000 9.9641933 -0.5531472 7.6455383 0.0301130 0.9915195 0.0172479 -0.1252387
132.760700 9.9376669 -0.5507971 7.5392785 0.0294387 0.9915342 0.0164842 -0.1253852
133.072500 9.9121723 -0.5488464 7.4423623 0.0290066 0.9910579 0.0168855 -0.1291427
133.385700 9.8879452 -0.5474886 7.3521857 0.0280402 0.9899704 0.0167627 -0.1374454
133.698000 9.8615704 -0.5458130 7.2664967 0.0268928 0.9876131 0.0165068 -0.1537034
134.115500 9.8195601 -0.5431522 7.1608562 0.0269387 0.9800071 0.0163491 -0.1964511
134.429100 9.7816544 -0.5416872 7.0903082 0.0235063 0.9679806 0.0153768 -0.2494484
134.742800 9.7361908 -0.5401542 7.0289984 0.0232860 0.9488600 0.0119740 -0.3146095
135.056400 9.6819639 -0.5378661 6.9763637 0.0224598 0.9219950 0.0135651 -0.3863118
135.369500 9.6221304 -0.5361143 6.9342031 0.0205540 0.8884941 0.0159775 -0.4581491
135.578300 9.5784836 -0.5342503 6.9120717 -0.0195618 -0.8629382 -0.0173854 0.5046312
135.787000 9.5310278 -0.5323016 6.8923569 -0.0165937 -0.8353821 -0.0213085 0.5490058
136.204000 9.4301586 -0.5286108 6.8680649 -0.0146107 -0.7787960 -0.0233992 0.6266704
136.308100 9.4030838 -0.5273882 6.8645182 -0.0153745 -0.7661840 -0.0247855 0.6419590
136.517700 9.3462915 -0.5252750 6.8595667 -0.0180731 -0.7445062 -0.0268523 0.6668304
136.726800 9.2870550 -0.5224559 6.8563032 -0.0153632 -0.7266158 -0.0274186 0.6863247
136.932000 9.2248287 -0.5195054 6.8553624 -0.0112554 -0.7130669 -0.0264490 0.7005064
137.141300 9.1588240 -0.5164024 6.8556705 -0.0089479 -0.7028673 -0.0273047 0.7107404
137.347700 9.0890656 -0.5136480 6.8581400 -0.0097953 -0.6937551 -0.0291397 0.7195546
137.555600 9.0160685 -0.5104749 6.8621316 -0.0089386 -0.6856223 -0.0298570 0.7272900
137.763500 8.9397278 -0.5072113 6.8675561 -0.0095092 -0.6808497 -0.0283240 0.7318135
137.971500 8.8609657 -0.5038162 6.8731999 -0.0085673 -0.6796719 -0.0281771 0.7329248
138.179500 8.7786703 -0.5006789 6.8786473 -0.0078883 -0.6802213 -0.0295895 0.7323669
138.387700 8.6935949 -0.4971198 6.8841767 -0.0065449 -0.6799985 -0.0310614 0.7325261
138.595900 8.6059465 -0.4936440 6.8906059 -0.0056197 -0.6790922 -0.0316118 0.7333504
139.429300 8.2287674 -0.4774837 6.9206724 -0.0043815 -0.6722177 -0.0337279 0.7395719
143.804800 6.1525292 -0.3996398 7.1276860 -0.0081232 -0.6638785 -0.0328674 0.7470737
144.950500 5.5992584 -0.3797051 7.1808910 -0.0062519 -0.6776812 -0.0318532 0.7346390
151.096000 2.4433792 -0.2696284 7.4184828 -0.0090220 -0.6788347 -0.0283090 0.7336898
151.616500 2.1615701 -0.2582649 7.4369612 -0.0102298 -0.6824847 -0.0269660 0.7303306
152.657600 1.5947673 -0.2381318 7.4645381 -0.0106279 -0.6902266 -0.0298332 0.7229000
157.346400 -0.4310639 -0.1686044 7.5375886 -0.0135375 -0.6532654 -0.0258823 0.7565653
157.762900 -0.5505261 -0.1647832 7.5555048 -0.0195604 -0.6538857 -0.0213188 0.7560399
158.179400 -0.6577165 -0.1607810 7.5695229 -0.0241540 -0.6603014 -0.0193946 0.7503615
158.700300 -0.7696073 -0.1568580 7.5818691 -0.0241302 -0.6688754 -0.0171149 0.7427857
159.117000 -0.8377929 -0.1546442 7.5876307 -0.0215935 -0.6745949 -0.0160590 0.7376974
159.950900 -0.9292367 -0.1522071 7.5926633 -0.0172905 -0.6812361 -0.0149931 0.7317060
160.785100 -1.0025810 -0.1499292 7.5962410 -0.0177368 -0.6869634 -0.0123964 0.7263698
161.201800 -1.0388887 -0.1490320 7.5969706 -0.0165838 -0.6905936 -0.0147495 0.7229024
161.618700 -1.0829012 -0.1480884 7.5972691 -0.0100254 -0.6953519 -0.0137346 0.7184682
162.035400 -1.1404356 -0.1467517 7.5972762 -0.0072451 -0.7000121 -0.0120327 0.7139929
162.452400 -1.2146392 -0.1450629 7.5972614 -0.0025928 -0.6997200 -0.0155063 0.7142441
162.869300 -1.3058714 -0.1420903 7.5983000 -0.0083298 -0.6977900 -0.0230108 0.7158843
163.286300 -1.4109813 -0.1381572 7.6014853 -0.0164237 -0.6978081 -0.0161078 0.7159153
163.703000 -1.5309615 -0.1329878 7.6032963 -0.0224186 -0.7007951 -0.0129986 0.7128918
164.015600 -1.6291573 -0.1300662 7.6022210 -0.0122771 -0.7035934 -0.0071151 0.7104611
164.432600 -1.7735416 -0.1264963 7.5998902 -0.0168017 -0.7042494 -0.0101186 0.7096817
164.849700 -1.9306901 -0.1219753 7.5959053 -0.0111382 -0.7053186 -0.0098637 0.7087343
165.162300 -2.0529051 -0.1200499 7.5941534 -0.0137579 -0.7056623 -0.0141194 0.7082740
165.475000 -2.1818755 -0.1162449 7.5921502 -0.0127875 -0.7048703 -0.0154631 0.7090524
165.787800 -2.3160801 -0.1123340 7.5899444 -0.0119328 -0.7025065 -0.0159416 0.7113987
166.100600 -2.4522598 -0.1081203 7.5897055 -0.0129641 -0.7005253 -0.0162826 0.7133240
166.413200 -2.5922453 -0.1045505 7.5895624 -0.0135054 -0.6996143 -0.0144515 0.7142469
166.725700 -2.7345798 -0.1004914 7.5895047 -0.0134412 -0.6998835 -0.0158705 0.7139542
167.038400 -2.8776512 -0.0970574 7.5896001 -0.0113350 -0.7004211 -0.0163412 0.7134527
167.246600 -2.9737625 -0.0946622 7.5894122 -0.0121917 -0.7003849 -0.0180679 0.7134325
167.455000 -3.0705831 -0.0913465 7.5892916 -0.0135539 -0.6996698 -0.0174624 0.7141243
167.663200 -3.1674912 -0.0888479 7.5897493 -0.0147508 -0.6993646 -0.0176340 0.7143953
167.871500 -3.2644711 -0.0855862 7.5897183 -0.0121425 -0.6990178 -0.0183945 0.7147645
168.079800 -3.3613665 -0.0834267 7.5902581 -0.0088672 -0.6987969 -0.0187715 0.7150189
168.288000 -3.4586923 -0.0808455 7.5911446 -0.0122484 -0.6988606 -0.0238919 0.7147537
168.496400 -3.5555203 -0.0770618 7.5919271 -0.0133528 -0.6987566 -0.0268262 0.7147315
168.704700 -3.6518555 -0.0738723 7.5932393 -0.0078493 -0.6989935 -0.0226697 0.7147255
168.913000 -3.7483983 -0.0709798 7.5939083 -0.0071291 -0.6983389 -0.0204269 0.7154403
169.121700 -3.8457990 -0.0686561 7.5953741 -0.0093929 -0.6979675 -0.0200816 0.7157862
169.329900 -3.9426997 -0.0661326 7.5963883 -0.0100718 -0.6979275 -0.0185140 0.7158582
169.434000 -3.9907188 -0.0651403 7.5968728 -0.0095471 -0.6980922 -0.0172545 0.7157363
169.642300 -4.0876832 -0.0630692 7.5979986 -0.0107982 -0.6986049 -0.0172242 0.7152188
169.746400 -4.1369686 -0.0619034 7.5988722 -0.0129767 -0.6990420 -0.0180553 0.7147348
169.954800 -4.2354884 -0.0591705 7.5994654 -0.0127986 -0.6992899 -0.0183477 0.7144881
170.059000 -4.2847996 -0.0579157 7.5998650 -0.0101330 -0.6996187 -0.0177027 0.7142252
170.267400 -4.3830266 -0.0552718 7.6008043 -0.0084206 -0.6999212 -0.0181959 0.7139386
170.475800 -4.4824848 -0.0524039 7.6012216 -0.0113381 -0.7000031 -0.0208679 0.7137447
170.684100 -4.5809388 -0.0501969 7.6017499 -0.0096189 -0.7005765 -0.0204546 0.7132192
170.892400 -4.6796451 -0.0474884 7.6019773 -0.0064666 -0.7016486 -0.0223569 0.7121429
171.100700 -4.7783461 -0.0447460 7.6014395 -0.0053082 -0.7031881 -0.0213376 0.7106638
171.308900 -4.8771815 -0.0424823 7.6013417 -0.0071783 -0.7051992 -0.0188408 0.7087225
171.517300 -4.9761424 -0.0402950 7.6007652 -0.0045721 -0.7068319 -0.0157200 0.7071921
171.725500 -5.0755072 -0.0388611 7.5994534 -0.0049827 -0.7084251 -0.0170448 0.7055626
171.933900 -5.1752057 -0.0370751 7.5976114 -0.0081056 -0.7097574 -0.0205517 0.7040997
172.142500 -5.2747688 -0.0345206 7.5949955 -0.0073178 -0.7111766 -0.0189529 0.7027197
172.351200 -5.3738580 -0.0327806 7.5926294 -0.0053382 -0.7131060 -0.0156924 0.7008603
172.662800 -5.5237703 -0.0307763 7.5871468 -0.0069079 -0.7156467 -0.0179532 0.6981975
172.871000 -5.6245484 -0.0289602 7.5828805 -0.0068344 -0.7172180 -0.0177920 0.6965881
173.079300 -5.7244525 -0.0271060 7.5782266 -0.0070003 -0.7189211 -0.0169995 0.6948485
173.391600 -5.8737874 -0.0246368 7.5698729 -0.0066872 -0.7210090 -0.0158189 0.6927128
173.599900 -5.9723577 -0.0234063 7.5642729 -0.0072548 -0.7220427 -0.0139250 0.6916702
173.912300 -6.1215544 -0.0206236 7.5565372 -0.0102183 -0.7239190 -0.0144981 0.6896569
174.224700 -6.2706776 -0.0181948 7.5476284 -0.0091008 -0.7252999 -0.0133047 0.6882443
174.433100 -6.3701668 -0.0165342 7.5409594 -0.0092574 -0.7259165 -0.0115975 0.6876228
174.745600 -6.5203199 -0.0142415 7.5314884 -0.0132856 -0.7261083 -0.0105719 0.6873707
175.058000 -6.6693282 -0.0122247 7.5204368 -0.0107304 -0.7256892 -0.0082512 0.6878895
175.370400 -6.8197823 -0.0102937 7.5102997 -0.0094396 -0.7255253 -0.0116891 0.6880316
175.682800 -6.9696631 -0.0072992 7.4991145 -0.0104977 -0.7258067 -0.0135640 0.6876850
175.995400 -7.1180716 -0.0046507 7.4883652 -0.0075172 -0.7261857 -0.0134002 0.6873269
176.307600 -7.2689242 -0.0024419 7.4775314 -0.0072033 -0.7259552 -0.0148665 0.6875436
176.619800 -7.4193988 0.0001962 7.4679303 -0.0088955 -0.7256984 -0.0136763 0.6878195
176.932200 -7.5698237 0.0022504 7.4565196 -0.0066211 -0.7252856 -0.0113679 0.6883224
177.244500 -7.7197752 0.0041171 7.4452662 -0.0092951 -0.7249035 -0.0122920 0.6886781
177.556900 -7.8702836 0.0064261 7.4353857 -0.0118353 -0.7253646 -0.0101638 0.6881881
177.869000 -8.0195246 0.0079281 7.4241238 -0.0117405 -0.7249965 -0.0102444 0.6885763
178.077300 -8.1188688 0.0099382 7.4171195 -0.0153860 -0.7247052 -0.0130419 0.6887638
178.285500 -8.2164993 0.0111303 7.4103866 -0.0103735 -0.7243976 -0.0080653 0.6892571
178.493800 -8.3132839 0.0118826 7.4032478 -0.0082996 -0.7236328 -0.0063870 0.6901057
178.806200 -8.4573030 0.0138217 7.3941565 -0.0158939 -0.7228425 -0.0125576 0.6907159
179.014500 -8.5527172 0.0154639 7.3889060 -0.0129511 -0.7225325 -0.0074559 0.6911754
179.222700 -8.6464281 0.0162044 7.3838534 -0.0122495 -0.7230468 -0.0018191 0.6906881
179.430800 -8.7403622 0.0176627 7.3795557 -0.0257676 -0.7231899 -0.0092568 0.6901063
179.638900 -8.8322430 0.0203182 7.3738937 -0.0228957 -0.7229194 -0.0108059 0.6904684
179.847200 -8.9213285 0.0215324 7.3682165 -0.0127264 -0.7230597 -0.0046966 0.6906523
180.055500 -9.0104208 0.0221554 7.3629923 -0.0136510 -0.7232414 -0.0072070 0.6904227
180.263700 -9.0988846 0.0237629 7.3575926 -0.0180642 -0.7232854 -0.0146475 0.6901575
180.471900 -9.1863136 0.0257931 7.3528180 -0.0177246 -0.7238468 -0.0139688 0.6895916
180.680200 -9.2715101 0.0280569 7.3482523 -0.0167980 -0.7240866 -0.0112525 0.6894127
180.888400 -9.3541088 0.0295805 7.3432631 -0.0150488 -0.7236719 -0.0086972 0.6899253
181.097200 -9.4364653 0.0307668 7.3389616 -0.0146867 -0.7225531 -0.0096805 0.6910916
181.305100 -9.5178766 0.0321886 7.3348737 -0.0116009 -0.7218736 -0.0078307 0.6918833
181.513300 -9.5978327 0.0327898 7.3303056 -0.0126318 -0.7217574 -0.0099130 0.6919598
181.721500 -9.6769009 0.0334775 7.3260150 -0.0132284 -0.7223311 -0.0107920 0.6913366
181.929700 -9.7548275 0.0343613 7.3207283 -0.0107117 -0.7242261 -0.0111201 0.6893897
182.137800 -9.8330975 0.0353692 7.3151927 -0.0113077 -0.7267106 -0.0132418 0.6867230
182.345900 -9.9110088 0.0363438 7.3092093 -0.0158626 -0.7296180 -0.0117124 0.6835706
182.554000 -9.9876709 0.0377965 7.3028111 -0.0134436 -0.7333800 -0.0083497 0.6796347
182.762300 -10.0629196 0.0391463 7.2950664 -0.0147889 -0.7374704 -0.0073291 0.6751777
182.970500 -10.1391630 0.0409205 7.2867193 -0.0171186 -0.7421542 -0.0105691 0.6699272
183.178800 -10.2133207 0.0420924 7.2772799 -0.0155006 -0.7461801 -0.0084087 0.6655106
183.387100 -10.2868528 0.0432009 7.2670665 -0.0112284 -0.7485880 -0.0101633 0.6628625
183.595900 -10.3597507 0.0442665 7.2565918 -0.0092575 -0.7487140 -0.0160170 0.6626350
183.804500 -10.4320593 0.0457404 7.2465167 -0.0075663 -0.7480348 -0.0190201 0.6633438
184.117400 -10.5376959 0.0481615 7.2324581 -0.0042985 -0.7458379 -0.0227650 0.6657245
184.326100 -10.6052561 0.0500467 7.2238441 -0.0000339 -0.7409724 -0.0251315 0.6710650
184.639000 -10.7020931 0.0518338 7.2148557 0.0023284 -0.7278618 -0.0287395 0.6851174
184.847900 -10.7642822 0.0527187 7.2117028 0.0013977 -0.7192000 -0.0283400 0.6942235
185.056200 -10.8241749 0.0538462 7.2098603 0.0017108 -0.7101445 -0.0297494 0.7034251
185.369100 -10.9089336 0.0541683 7.2088594 0.0006137 -0.6939593 -0.0299485 0.7193909
185.577700 -10.9642992 0.0557261 7.2119808 0.0004286 -0.6832317 -0.0290920 0.7296218
185.890400 -11.0431929 0.0572170 7.2193861 0.0002269 -0.6663432 -0.0254255 0.7452115
186.307200 -11.1406479 0.0580026 7.2334332 -0.0006645 -0.6448067 -0.0233596 0.7639883
186.515700 -11.1864681 0.0587433 7.2418222 -0.0025512 -0.6345622 -0.0227481 0.7725328
186.723900 -11.2302523 0.0593269 7.2509995 -0.0028984 -0.6270237 -0.0221038 0.7786812
186.932200 -11.2716856 0.0596643 7.2602811 -0.0049943 -0.6235542 -0.0195947 0.7815185
187.140300 -11.3115482 0.0601497 7.2690020 -0.0071177 -0.6237634 -0.0187730 0.7813553
187.348300 -11.3494368 0.0606424 7.2764187 -0.0078966 -0.6270795 -0.0180624 0.7787058
187.660100 -11.4019232 0.0614554 7.2851276 -0.0104097 -0.6406390 -0.0163653 0.7675972
187.972000 -11.4500542 0.0619599 7.2899289 -0.0115173 -0.6630749 -0.0160077 0.7482932
188.283800 -11.4934778 0.0627822 7.2898536 -0.0145378 -0.6934140 -0.0154973 0.7202260
188.595700 -11.5332575 0.0634120 7.2843223 -0.0108784 -0.7301384 -0.0175640 0.6829869
188.907700 -11.5696068 0.0641259 7.2748284 -0.0074747 -0.7670667 -0.0159362 0.6413258
189.219900 -11.6038485 0.0650001 7.2609940 -0.0048854 -0.8002747 -0.0181438 0.5993391
189.532400 -11.6356068 0.0658387 7.2433405 0.0016392 -0.8299076 -0.0217592 0.5574740
189.844800 -11.6667290 0.0666828 7.2241430 0.0008373 -0.8556244 -0.0252805 0.5169789
190.157500 -11.6959057 0.0681663 7.2023196 -0.0051744 0.8765860 0.0289029 -0.4803488
190.470300 -11.7242851 0.0691495 7.1783800 -0.0095622 0.8910701 0.0281234 -0.4528926
190.783200 -11.7528057 0.0694727 7.1538639 -0.0046765 0.9025905 0.0232545 -0.4298463
191.096200 -11.7810726 0.0710608 7.1272140 -0.0034849 0.9139589 0.0147841 -0.4055223
191.408800 -11.8090363 0.0718281 7.0962830 0.0000185 0.9266178 0.0176562 -0.3755899
191.616900 -11.8273249 0.0725368 7.0732594 0.0034564 0.9362288 0.0184095 -0.3508914
191.929600 -11.8525944 0.0732162 7.0353403 0.0040258 0.9503834 0.0200938 -0.3104051
192.241400 -11.8769226 0.0748052 6.9920077 0.0070873 0.9643413 0.0164598 -0.2640543
192.449700 -11.8908405 0.0761737 6.9589472 0.0028896 0.9727732 0.0148103 -0.2312674
192.762500 -11.9127131 0.0774153 6.9015069 0.0084233 0.9824888 0.0158010 -0.1854595
192.970700 -11.9256382 0.0784191 6.8578548 0.0052010 0.9862394 0.0170795 -0.1643565
193.179500 -11.9399080 0.0799813 6.8101873 0.0054464 0.9880361 0.0180274 -0.1530687
193.388000 -11.9553051 0.0813705 6.7577786 0.0127989 0.9899193 0.0169652 -0.1400292
193.596300 -11.9692926 0.0830844 6.7003403 0.0140872 0.9920478 0.0141310 -0.1242698
193.804800 -11.9830980 0.0853545 6.6370602 0.0165419 0.9938652 0.0149566 -0.1083266
194.117500 -12.0013313 0.0884681 6.5322847 0.0187408 0.9958873 0.0160463 -0.0871763
194.430500 -12.0180044 0.0918268 6.4155941 0.0183562 0.9969239 0.0145251 -0.0747992
194.639200 -12.0293570 0.0940338 6.3318348 0.0185850 0.9972044 0.0153074 -0.0707370
194.847700 -12.0406504 0.0963008 6.2447462 0.0190164 0.9973513 0.0148153 -0.0686230
195.160600 -12.0581350 0.1001273 6.1050911 0.0220715 0.9974152 0.0165186 -0.0663533
195.369000 -12.0702896 0.1029629 6.0046349 0.0230290 0.9974923 0.0162827 -0.0649135
195.577500 -12.0828466 0.1055550 5.9012861 0.0224432 0.9976507 0.0132371 -0.0633577
195.786100 -12.0945511 0.1084628 5.7899733 0.0208124 0.9977470 0.0143678 -0.0621396
196.098500 -12.1141129 0.1131541 5.6234751 0.0236976 0.9976729 0.0226850 -0.0597712
196.307000 -12.1268597 0.1168043 5.5126410 0.0248509 0.9977981 0.0212122 -0.0577187
196.515400 -12.1385403 0.1192008 5.4010963 0.0232603 0.9980026 0.0195935 -0.0553691
196.723700 -12.1492167 0.1217325 5.2896705 0.0203401 0.9981648 0.0205475 -0.0532088
197.036300 -12.1651201 0.1266308 5.1224637 0.0209453 0.9983334 0.0208534 -0.0495674
197.244800 -12.1750612 0.1299227 5.0099645 0.0214872 0.9984211 0.0211716 -0.0473850
197.557200 -12.1887312 0.1339238 4.8433385 0.0187749 0.9985710 0.0217308 -0.0450702
197.869800 -12.2027054 0.1384747 4.6764011 0.0176457 0.9986578 0.0212230 -0.0438266
198.182200 -12.2154799 0.1421735 4.5114536 0.0185551 0.9986722 0.0221819 -0.0426309
198.494500 -12.2280302 0.1464084 4.3472662 0.0176951 0.9987895 0.0220021 -0.0402783
198.806900 -12.2389002 0.1505034 4.1845713 0.0163518 0.9989030 0.0223605 -0.0377533
199.223300 -12.2531071 0.1551025 3.9687562 0.0152553 0.9990229 0.0212616 -0.0356159
199.535700 -12.2628736 0.1588959 3.8079951 0.0152500 0.9990282 0.0210783 -0.0355780
199.848200 -12.2730846 0.1626480 3.6489568 0.0122912 0.9989528 0.0199103 -0.0393173
200.160900 -12.2859268 0.1665320 3.4910164 0.0149405 0.9986854 0.0185055 -0.0454061
200.577400 -12.3046122 0.1720669 3.2799511 0.0133522 0.9982712 0.0275089 -0.0501952
200.889800 -12.3179646 0.1776398 3.1232171 0.0081848 0.9983276 0.0225663 -0.0525905
201.202300 -12.3345604 0.1826900 2.9659312 0.0111402 0.9983449 0.0211757 -0.0522967
201.514700 -12.3503017 0.1875413 2.8077064 0.0101476 0.9982188 0.0259186 -0.0527692
201.827200 -12.3666544 0.1933384 2.6512213 0.0109921 0.9982486 0.0240044 -0.0529393
202.139600 -12.3825998 0.1978976 2.4969435 0.0116218 0.9983434 0.0245123 -0.0507400
202.452100 -12.3959303 0.2029185 2.3461709 0.0101160 0.9984673 0.0250239 -0.0483172
202.764600 -12.4094524 0.2073402 2.1936398 0.0102193 0.9986114 0.0245796 -0.0454607
202.972900 -12.4173641 0.2103209 2.0942760 0.0088138 0.9986978 0.0243281 -0.0439692
203.285500 -12.4292583 0.2151845 1.9466370 0.0070552 0.9987637 0.0248799 -0.0424530
203.598100 -12.4411125 0.2194449 1.8001875 0.0059216 0.9987695 0.0243773 -0.0427810
203.910700 -12.4527512 0.2236390 1.6536360 0.0037475 0.9986875 0.0240786 -0.0450496
204.223400 -12.4658556 0.2263865 1.5113411 0.0035288 0.9984381 0.0256530 -0.0495069
204.536200 -12.4794273 0.2309543 1.3716788 0.0039697 0.9982588 0.0246662 -0.0534341
204.848800 -12.4936018 0.2352441 1.2321681 0.0038089 0.9981152 0.0247666 -0.0560181
205.057100 -12.5036201 0.2376056 1.1405716 0.0042795 0.9980446 0.0248191 -0.0572073
205.265300 -12.5139694 0.2402966 1.0495467 0.0051551 0.9980028 0.0239824 -0.0582133
205.473600 -12.5241184 0.2433266 0.9573699 0.0055814 0.9979877 0.0250170 -0.0579961
205.681700 -12.5341196 0.2460224 0.8666683 0.0073135 0.9981897 0.0248949 -0.0542587
205.889700 -12.5429354 0.2495538 0.7758064 0.0078502 0.9985720 0.0245862 -0.0467746
206.097700 -12.5490723 0.2520924 0.6857973 0.0082105 0.9989500 0.0251799 -0.0373830
206.305800 -12.5544529 0.2547651 0.5958621 0.0083908 0.9992710 0.0261662 -0.0265029
206.513700 -12.5569324 0.2580248 0.5061849 0.0092017 0.9995320 0.0247530 -0.0154415
206.722100 -12.5571012 0.2606303 0.4172518 0.0103448 0.9996757 0.0231053 -0.0027612
206.929800 -12.5552816 0.2631790 0.3266997 0.0127142 0.9995171 0.0246519 0.0140024
207.137600 -12.5495081 0.2663595 0.2368822 0.0138141 0.9990975 0.0224096 0.0333336
207.345600 -12.5403299 0.2686849 0.1472526 0.0130971 0.9982091 0.0227085 0.0537714
207.553700 -12.5274429 0.2709574 0.0578035 0.0133299 0.9968319 0.0228783 0.0750002
207.761600 -12.5104036 0.2730440 -0.0315077 0.0138289 0.9949013 0.0220954 0.0974265
207.969500 -12.4887218 0.2754302 -0.1202142 0.0137427 0.9924136 0.0197921 0.1205601
208.177600 -12.4632502 0.2774435 -0.2102151 0.0134349 0.9892635 0.0198894 0.1441587
208.385700 -12.4326706 0.2792838 -0.2992096 0.0138990 0.9855167 0.0213231 0.1676570
208.593700 -12.3976898 0.2807691 -0.3873587 0.0159504 0.9811453 0.0210221 0.1914619
208.802200 -12.3577576 0.2826518 -0.4753418 0.0154908 0.9763312 0.0212555 0.2146757
209.010200 -12.3133211 0.2845991 -0.5618129 0.0147985 0.9715797 0.0190578 0.2354799
209.218200 -12.2640953 0.2860842 -0.6483498 0.0140857 0.9666536 0.0172324 0.2551183
209.426600 -12.2117634 0.2873083 -0.7347608 0.0126699 0.9622887 0.0163967 0.2712401
209.739400 -12.1267395 0.2890781 -0.8652005 0.0086979 0.9582208 0.0155051 0.2854765
209.947900 -12.0677366 0.2896646 -0.9526663 0.0083997 0.9568962 0.0146242 0.2899401
210.156700 -12.0074463 0.2906316 -1.0412598 0.0086037 0.9561330 0.0127198 0.2925301
210.364800 -11.9472303 0.2907418 -1.1299543 0.0079194 0.9556628 0.0130204 0.2940684
210.574900 -11.8864641 0.2911761 -1.2203269 0.0071997 0.9555569 0.0135402 0.2944075
210.886000 -11.7934608 0.2919636 -1.3574367 0.0052458 0.9567769 0.0130929 0.2904808
211.198700 -11.7038202 0.2926829 -1.4954462 0.0036582 0.9593121 0.0138638 0.2819834
211.511200 -11.6161327 0.2937013 -1.6357949 0.0028710 0.9625872 0.0137406 0.2706084
211.823900 -11.5328979 0.2942871 -1.7778907 0.0053883 0.9658097 0.0156786 0.2587215
212.136100 -11.4528313 0.2958428 -1.9219372 0.0117265 0.9671265 0.0166852 0.2534766
212.448400 -11.3749266 0.2968341 -2.0624290 0.0139042 0.9677446 0.0181491 0.2508935
212.760400 -11.2987223 0.2984317 -2.2011251 0.0185678 0.9679649 0.0197489 0.2496180
213.072700 -11.2242661 0.3001231 -2.3397017 0.0215749 0.9679070 0.0202190 0.2495630
213.384900 -11.1526375 0.3019540 -2.4721210 0.0241727 0.9679102 0.0217185 0.2491862
213.697100 -11.0830765 0.3038874 -2.6014392 0.0247867 0.9677390 0.0226931 0.2497034
214.009100 -11.0176249 0.3056344 -2.7199955 0.0256427 0.9660707 0.0249213 0.2557906
214.321100 -10.9573278 0.3066933 -2.8247931 0.0276923 0.9629903 0.0238926 0.2670429
214.633200 -10.8991852 0.3079793 -2.9203310 0.0261739 0.9600226 0.0248799 0.2775833
214.841300 -10.8629589 0.3084165 -2.9770775 0.0251349 0.9581483 0.0234361 0.2842021
215.052500 -10.8282204 0.3090960 -3.0287130 0.0246031 0.9564289 0.0231522 0.2900040
215.257800 -10.7956028 0.3094298 -3.0770009 0.0248276 0.9542990 0.0238412 0.2968647
215.466200 -10.7644138 0.3101000 -3.1205733 0.0255872 0.9514462 0.0236548 0.3058362
215.674000 -10.7337475 0.3103309 -3.1613026 0.0263651 0.9474534 0.0224975 0.3180108
215.882200 -10.7034445 0.3101980 -3.1991620 0.0266390 0.9428688 0.0209433 0.3314366
216.090300 -10.6729355 0.3103521 -3.2344389 0.0278091 0.9375922 0.0203589 0.3460246
216.298300 -10.6434088 0.3097489 -3.2659900 0.0291781 0.9311277 0.0200978 0.3629683
216.506400 -10.6145916 0.3095754 -3.2936189 0.0295374 0.9225077 0.0205636 0.3842970
216.818400 -10.5735884 0.3083636 -3.3263333 0.0262203 0.9065223 0.0174337 0.4209821
217.130700 -10.5374031 0.3075605 -3.3499687 0.0220830 0.8907563 0.0117284 0.4537929
217.339000 -10.5144491 0.3070615 -3.3636379 0.0225770 0.8797689 0.0082044 0.4747943
217.547200 -10.4911995 0.3062190 -3.3747551 0.0201713 0.8666691 0.0087126 0.4983993
217.755500 -10.4674206 0.3055927 -3.3845077 0.0161825 0.8518021 0.0074655 0.5235605
218.067900 -10.4312344 0.3042613 -3.3965623 0.0134502 0.8285040 0.0058309 0.5597913
218.276100 -10.4057713 0.3036833 -3.4029913 0.0121924 0.8117006 0.0032073 0.5839376
218.484300 -10.3778267 0.3029462 -3.4090323 0.0131526 0.7933745 0.0026347 0.6085860
218.692600 -10.3476105 0.3020917 -3.4139061 0.0148418 0.7741866 0.0021294 0.6327798
218.900800 -10.3146076 0.3010854 -3.4169040 0.0166783 0.7540944 0.0004173 0.6565540
219.109000 -10.2782612 0.3001065 -3.4187410 0.0181395 0.7326711 -0.0001142 0.6803411
219.421400 -10.2164869 0.2980741 -3.4167519 0.0164484 0.7002667 -0.0036255 0.7136827
219.629700 -10.1701727 0.2964649 -3.4130290 0.0146081 0.6796888 -0.0014672 0.7333537
219.838100 -10.1196871 0.2948103 -3.4068425 0.0149678 0.6617937 0.0006870 0.7495362
220.046600 -10.0647955 0.2932737 -3.3970366 0.0143123 0.6450409 0.0010012 0.7640134
220.255100 -10.0056658 0.2919458 -3.3839874 0.0144702 0.6263722 0.0010734 0.7793891
220.463500 -9.9421959 0.2899111 -3.3668790 0.0142870 0.6055867 0.0067940 0.7956221
220.671700 -9.8751163 0.2886666 -3.3450234 0.0145677 0.5833144 0.0133644 0.8120059
220.880200 -9.8066111 0.2869339 -3.3182125 0.0200715 0.5592421 0.0167225 0.8285927
221.088500 -9.7345867 0.2853658 -3.2866259 0.0269242 0.5350611 0.0180429 0.8441914
221.296900 -9.6613789 0.2824923 -3.2478747 0.0244971 0.5150852 0.0186744 0.8565853
221.505700 -9.5853729 0.2796323 -3.2044537 0.0218492 0.4991091 0.0181559 0.8660734
221.714400 -9.5067406 0.2764785 -3.1564901 0.0208657 0.4887433 0.0149239 0.8720503
221.923300 -9.4262218 0.2737157 -3.1054575 0.0187436 0.4842158 0.0108642 0.8746803
222.241200 -9.3004723 0.2688727 -3.0272417 0.0180778 0.4846733 0.0085021 0.8744671
222.549900 -9.1678638 0.2637332 -2.9466443 0.0173000 0.4855958 0.0079898 0.8739758
222.758100 -9.0762596 0.2600600 -2.8900862 0.0146395 0.4868271 0.0079474 0.8733395
223.070900 -8.9369869 0.2542520 -2.8055711 0.0151010 0.4898506 0.0045086 0.8716639
223.383700 -8.7904816 0.2496396 -2.7207401 0.0119431 0.4939958 0.0036237 0.8693747
223.696300 -8.6380339 0.2455086 -2.6369023 0.0101435 0.5004205 0.0032383 0.8657171
224.008900 -8.4810553 0.2404964 -2.5540113 0.0105249 0.5070451 0.0077431 0.8618205
224.321300 -8.3220243 0.2356821 -2.4718204 0.0114552 0.5153859 0.0069575 0.8568534
224.633700 -8.1622648 0.2304056 -2.3956943 0.0102720 0.5243068 0.0072764 0.8514364
224.841700 -8.0519190 0.2279391 -2.3443074 0.0092495 0.5295710 0.0071720 0.8481849
225.153800 -7.8924370 0.2239391 -2.2676861 0.0060102 0.5356263 0.0080855 0.8443950
225.361700 -7.7875023 0.2208749 -2.2200613 0.0138882 0.5362968 0.0087784 0.8438695
225.569800 -7.6820068 0.2178394 -2.1710522 0.0134709 0.5362744 0.0103808 0.8438724
225.777700 -7.5776811 0.2150433 -2.1230338 0.0111383 0.5370185 0.0097359 0.8434407
225.986100 -7.4750085 0.2125865 -2.0759568 0.0131184 0.5371895 0.0093175 0.8433080
226.193900 -7.3729391 0.2093591 -2.0282180 0.0179803 0.5376220 0.0090066 0.8429461
226.401900 -7.2703233 0.2054304 -1.9810039 0.0177304 0.5380564 0.0094368 0.8426695
226.610000 -7.1675105 0.2017333 -1.9334997 0.0171777 0.5384258 0.0111888 0.8424235
226.818100 -7.0658989 0.1979591 -1.8871689 0.0183328 0.5387006 0.0106218 0.8422308
226.922100 -7.0150008 0.1960911 -1.8633877 0.0192938 0.5389454 0.0106468 0.8420524
227.130200 -6.9138184 0.1919443 -1.8172345 0.0169361 0.5393113 0.0114064 0.8418589
227.338400 -6.8131409 0.1886810 -1.7709844 0.0160956 0.5391749 0.0124591 0.8419478
227.546300 -6.7150607 0.1844703 -1.7258104 0.0182343 0.5376385 0.0123695 0.8428875
227.754500 -6.6179018 0.1812011 -1.6808887 0.0182330 0.5358798 0.0124566 0.8440055
227.962600 -6.5228119 0.1772785 -1.6355007 0.0171705 0.5346463 0.0121331 0.8448144
228.170900 -6.4289670 0.1734517 -1.5909293 0.0168980 0.5348932 0.0085259 0.8447077
228.379100 -6.3347363 0.1700851 -1.5466087 0.0084000 0.5390142 0.0078043 0.8422186
228.587400 -6.2418647 0.1670749 -1.5044072 0.0099250 0.5459503 0.0019923 0.8377564
228.795900 -6.1490054 0.1633063 -1.4654462 0.0100216 0.5546302 -0.0013408 0.8320355
229.004600 -6.0550323 0.1604902 -1.4279060 0.0056935 0.5635021 0.0000814 0.8260950
229.212500 -5.9609375 0.1576818 -1.3923559 0.0095956 0.5705742 -0.0002091 0.8211899
229.420600 -5.8657489 0.1541991 -1.3585331 0.0108187 0.5747048 0.0050760 0.8182735
229.628900 -5.7713151 0.1511680 -1.3243201 0.0092359 0.5785691 0.0031736 0.8155749
229.837100 -5.6771970 0.1484942 -1.2926178 0.0120106 0.5821310 -0.0016248 0.8130047
230.149200 -5.5351892 0.1427043 -1.2463624 0.0091052 0.5846018 0.0007220 0.8112689
230.461600 -5.3942862 0.1392779 -1.2032328 0.0024655 0.5857540 -0.0032576 0.8104786
230.774000 -5.2546935 0.1338690 -1.1592363 0.0085732 0.5921856 -0.0111224 0.8056793
230.982300 -5.1598964 0.1300720 -1.1317368 0.0089888 0.5975890 -0.0069551 0.8017220
231.295200 -5.0168643 0.1244585 -1.0917596 0.0076267 0.6076492 -0.0049087 0.7941537
231.607700 -4.8739052 0.1191267 -1.0559932 0.0089003 0.6173886 -0.0043210 0.7865961
231.815900 -4.7781157 0.1157064 -1.0344201 0.0082994 0.6226620 -0.0025482 0.7824427
232.024100 -4.6817756 0.1122001 -1.0145137 0.0079685 0.6273257 -0.0012352 0.7787153
232.232300 -4.5859513 0.1091129 -0.9949598 0.0109176 0.6299576 0.0004657 0.7765527
232.440500 -4.4894009 0.1055186 -0.9766808 0.0127548 0.6313515 0.0018320 0.7753898
232.651700 -4.3945947 0.1024268 -0.9589018 0.0098342 0.6331131 0.0046514 0.7739828
232.856900 -4.2987719 0.0997223 -0.9400992 0.0111259 0.6355128 0.0054521 0.7719910
233.065000 -4.2040610 0.0970892 -0.9228766 0.0115093 0.6371745 0.0067727 0.7706038
233.273100 -4.1091223 0.0941755 -0.9061023 0.0111428 0.6383038 0.0071132 0.7696710
233.481200 -4.0148482 0.0916483 -0.8892909 0.0114532 0.6395270 0.0054589 0.7686639
233.689400 -3.9198401 0.0889195 -0.8728794 0.0111177 0.6404615 0.0066442 0.7678811
233.793200 -3.8722579 0.0875414 -0.8647100 0.0106371 0.6411845 0.0079717 0.7672716
234.001200 -3.7779050 0.0849672 -0.8482484 0.0120987 0.6422262 0.0085163 0.7663723
234.209300 -3.6838121 0.0822621 -0.8322381 0.0149375 0.6435150 0.0094418 0.7652295
234.417200 -3.5894039 0.0798414 -0.8166621 0.0134202 0.6447031 0.0108215 0.7642386
234.625400 -3.4957020 0.0774736 -0.8022755 0.0129876 0.6456003 0.0112402 0.7634823
234.833700 -3.4028771 0.0749325 -0.7873163 0.0146913 0.6469563 0.0089286 0.7623333
234.937900 -3.3569498 0.0735897 -0.7802671 0.0150556 0.6476682 0.0088874 0.7617218
235.145400 -3.2647390 0.0707959 -0.7660455 0.0161448 0.6498623 0.0071669 0.7598466
235.353500 -3.1728196 0.0677334 -0.7523109 0.0137468 0.6519439 0.0068385 0.7581117
235.457500 -3.1259053 0.0664682 -0.7455275 0.0128547 0.6526454 0.0072551 0.7575197
235.665500 -3.0329537 0.0633748 -0.7319688 0.0150351 0.6541752 0.0062140 0.7561681
235.873600 -2.9405942 0.0600559 -0.7193904 0.0164503 0.6557249 0.0062294 0.7547950
236.081600 -2.8477533 0.0568597 -0.7082851 0.0161814 0.6565334 0.0075941 0.7540851
236.290500 -2.7536521 0.0538957 -0.6963819 0.0160690 0.6578345 0.0094802 0.7529314
236.497800 -2.6590044 0.0508531 -0.6842300 0.0169000 0.6592641 0.0093327 0.7516636
236.705900 -2.5640895 0.0469351 -0.6720362 0.0176320 0.6603180 0.0082173 0.7507341
236.914000 -2.4686503 0.0441016 -0.6602104 0.0173814 0.6610559 0.0093468 0.7500771
237.122100 -2.3763821 0.0410131 -0.6485471 0.0165188 0.6620087 0.0093198 0.7492561
237.434200 -2.2387722 0.0365992 -0.6313914 0.0155537 0.6633046 0.0106464 0.7481121
237.642300 -2.1479359 0.0347104 -0.6210597 0.0123087 0.6639735 0.0143616 0.7475168
237.850500 -2.0603299 0.0330384 -0.6110118 0.0122722 0.6649237 0.0157773 0.7466437
238.058700 -1.9764781 0.0314557 -0.6013376 0.0133985 0.6658646 0.0133969 0.7458320
238.266900 -1.8956113 0.0298394 -0.5925854 0.0151727 0.6665390 0.0109573 0.7452352
238.475100 -1.8189951 0.0274921 -0.5838507 0.0152693 0.6664823 0.0119908 0.7452680
238.683400 -1.7454218 0.0252190 -0.5752389 0.0136636 0.6655812 0.0128160 0.7460904
238.891600 -1.6752502 0.0234041 -0.5669042 0.0138678 0.6650621 0.0132660 0.7465414
239.100000 -1.6092596 0.0214252 -0.5587816 0.0149189 0.6656341 0.0115614 0.7460396
239.308600 -1.5461898 0.0197453 -0.5515994 0.0163415 0.6672254 0.0116196 0.7445859
239.621100 -1.4580495 0.0169666 -0.5430119 0.0177508 0.6692815 0.0147477 0.7426504
239.933700 -1.3797753 0.0145962 -0.5350741 0.0183003 0.6713179 0.0131058 0.7408276
240.246200 -1.3137792 0.0113626 -0.5285376 0.0229863 0.6726254 0.0096179 0.7395636
240.558700 -1.2584283 0.0093418 -0.5227882 0.0241669 0.6724216 0.0082944 0.7397272
240.871000 -1.2126985 0.0069642 -0.5171169 0.0236572 0.6678516 0.0068561 0.7438868
241.807300 -1.0983218 0.0016142 -0.4903721 0.0166105 0.6222224 0.0035859 0.7826560
242.120000 -1.0756477 0.0009947 -0.4834638 0.0137349 0.6141568 0.0059906 0.7890418
250.456700 -1.0335655 -0.0014245 -0.4655567 0.0209466 0.5821049 -0.0045047 0.8128314
250.768500 -1.0036231 -0.0026775 -0.4506813 0.0192565 0.5506791 -0.0025141 0.8344911
251.080000 -0.9675277 -0.0047117 -0.4274193 0.0152330 0.5068052 -0.0009752 0.8619254
251.391500 -0.9274891 -0.0071789 -0.3948524 0.0092425 0.4513143 -0.0045146 0.8923058
251.702800 -0.8840103 -0.0085396 -0.3505305 0.0069600 0.3846887 -0.0064850 0.9229974
252.014500 -0.8416502 -0.0107505 -0.2933815 0.0055525 0.3135384 -0.0060656 0.9495399
252.326600 -0.8030406 -0.0111571 -0.2215150 0.0035644 0.2427221 -0.0058548 0.9700716
252.639000 -0.7715943 -0.0123113 -0.1382718 0.0009134 0.1777322 -0.0036740 0.9840716
252.847500 -0.7549335 -0.0132004 -0.0779945 0.0019876 0.1411203 -0.0000950 0.9899905
253.056000 -0.7399373 -0.0142816 -0.0123725 0.0035062 0.1053631 0.0080294 0.9943952
253.264300 -0.7292956 -0.0153430 0.0583277 0.0033753 0.0714414 0.0087867 0.9974004
253.785800 -0.7204199 -0.0188621 0.2556174 0.0073779 0.0060064 0.0050386 0.9999421
254.516700 -0.7317974 -0.0263916 0.5794623 0.0069341 -0.0193622 -0.0031972 0.9997834
255.142600 -0.7454114 -0.0317640 0.8989601 0.0001873 -0.0217763 -0.0028714 0.9997587
255.767800 -0.7622944 -0.0364245 1.2301193 -0.0015811 -0.0268965 -0.0032584 0.9996316
256.392700 -0.7835261 -0.0411723 1.5609518 -0.0022233 -0.0303093 -0.0043597 0.9995286
257.017700 -0.8024971 -0.0479258 1.8856947 -0.0000700 -0.0306866 -0.0010887 0.9995285
257.954800 -0.8323438 -0.0561007 2.3653438 0.0006467 -0.0298013 -0.0020259 0.9995536
259.100300 -0.8682497 -0.0662082 2.9439180 -0.0035718 -0.0328663 -0.0013095 0.9994525
260.141700 -0.9042939 -0.0733241 3.4570072 -0.0027596 -0.0347380 -0.0012025 0.9993919
260.558300 -0.9181687 -0.0758939 3.6589966 -0.0031915 -0.0328129 -0.0002669 0.9994564
261.079100 -0.9346529 -0.0798467 3.9092751 0.0033193 -0.0289941 -0.0018122 0.9995724
261.600100 -0.9479622 -0.0844588 4.1583505 -0.0038979 -0.0218527 -0.0018077 0.9997520
262.120700 -0.9585769 -0.0904964 4.4025059 0.0087548 -0.0197993 -0.0011701 0.9997650
262.537300 -0.9687499 -0.0954592 4.6002207 -0.0013006 -0.0206725 -0.0020493 0.9997833
262.954000 -0.9776509 -0.0956676 4.8002553 -0.0064332 -0.0239853 -0.0006568 0.9996914
263.370700 -0.9899004 -0.0988624 5.0107551 0.0083422 -0.0253421 0.0034037 0.9996383
263.787300 -1.0027891 -0.1036137 5.2275343 0.0013546 -0.0269567 0.0030466 0.9996310
264.099900 -1.0139390 -0.1072352 5.3929143 0.0020972 -0.0291470 0.0021670 0.9995706
264.516300 -1.0321604 -0.1122785 5.6172614 -0.0016059 -0.0319354 0.0018247 0.9994870
264.828700 -1.0448632 -0.1149809 5.7897916 -0.0026043 -0.0341648 0.0013071 0.9994119
265.037100 -1.0543734 -0.1164728 5.9045596 -0.0014900 -0.0340225 0.0004547 0.9994199
265.245300 -1.0636086 -0.1181952 6.0183225 -0.0008396 -0.0340631 0.0007682 0.9994190
265.453600 -1.0724350 -0.1197425 6.1314964 -0.0051229 -0.0353950 0.0017282 0.9993588
265.661800 -1.0820084 -0.1210517 6.2450929 -0.0047344 -0.0367255 0.0013588 0.9993132
265.766000 -1.0868825 -0.1218175 6.3007760 -0.0027860 -0.0371740 0.0006745 0.9993047
265.870100 -1.0912759 -0.1223665 6.3565736 -0.0013930 -0.0373362 0.0007587 0.9993015
266.078300 -1.1003828 -0.1241402 6.4660945 -0.0024129 -0.0359610 0.0003281 0.9993502
266.286700 -1.1084656 -0.1260646 6.5728478 -0.0029399 -0.0346435 0.0003038 0.9993954
266.495100 -1.1163400 -0.1276887 6.6783071 -0.0029508 -0.0330367 -0.0001203 0.9994498
266.599200 -1.1200517 -0.1282542 6.7304955 -0.0032475 -0.0322744 -0.0005668 0.9994736
266.807600 -1.1284097 -0.1295790 6.8342686 -0.0017545 -0.0306769 -0.0020064 0.9995258
267.016000 -1.1350160 -0.1315479 6.9368119 -0.0003581 -0.0290546 -0.0021646 0.9995754
267.224300 -1.1416900 -0.1336613 7.0378561 0.0022243 -0.0271793 -0.0009994 0.9996276
267.432700 -1.1475641 -0.1356302 7.1389956 0.0002206 -0.0254401 0.0005855 0.9996762
267.641100 -1.1540511 -0.1379504 7.2395725 0.0020989 -0.0242897 -0.0024304 0.9996998
267.849300 -1.1611049 -0.1403511 7.3406515 0.0069575 -0.0238413 -0.0082990 0.9996571
268.057600 -1.1677357 -0.1426565 7.4431310 0.0057098 -0.0256245 -0.0103844 0.9996014
268.266000 -1.1748127 -0.1453972 7.5463171 0.0043717 -0.0275855 -0.0062528 0.9995903
268.474200 -1.1831858 -0.1473350 7.6502681 -0.0010819 -0.0289160 -0.0039989 0.9995732
268.786700 -1.1956842 -0.1485034 7.8091774 -0.0075141 -0.0305083 0.0017184 0.9995048
269.099200 -1.2080188 -0.1492465 7.9668670 0.0010334 -0.0316240 0.0000155 0.9994993
269.411800 -1.2157173 -0.1516391 8.1253767 0.0029108 -0.0308160 0.0009079 0.9995204
269.724200 -1.2357163 -0.1573041 8.2904806 0.0023466 -0.0272588 0.0000721 0.9996256
270.036700 -1.2287366 -0.1537359 8.4596157 0.0017924 -0.0312004 -0.0006479 0.9995113
270.349200 -1.2295048 -0.1537021 8.6309338 0.0075920 -0.0328804 0.0017349 0.9994290
270.974100 -1.2337899 -0.1483550 8.9800367 0.0094187 -0.0379905 -0.0041083 0.9992253
271.703000 -1.2730927 -0.1691575 9.3469572 -0.0013372 -0.0313222 -0.0021625 0.9995061
272.640500 -1.3026087 -0.1800930 9.7791367 0.0039447 -0.0284077 -0.0038468 0.9995813
273.265600 -1.3190875 -0.1869114 10.0565252 0.0035012 -0.0243567 0.0026705 0.9996936
273.786700 -1.3295360 -0.1924964 10.2870855 0.0129153 -0.0204990 0.0036340 0.9996998
274.203200 -1.3399581 -0.1994794 10.4706669 0.0134626 -0.0306307 0.0018811 0.9994383
274.619700 -1.3587570 -0.2046485 10.6536264 -0.0014805 -0.0455587 -0.0017919 0.9989589
275.037000 -1.3778369 -0.2066723 10.8470030 0.0035847 -0.0469206 -0.0049924 0.9988797
275.349900 -1.3909626 -0.2095754 10.9987783 0.0069673 -0.0438070 0.0015072 0.9990146
275.662600 -1.4048420 -0.2138746 11.1555815 0.0097487 -0.0416280 0.0012640 0.9990848
275.975400 -1.4187332 -0.2183371 11.3167105 0.0052135 -0.0400428 0.0017023 0.9991829
276.288000 -1.4322248 -0.2222879 11.4820642 0.0093056 -0.0391736 0.0045312 0.9991788
276.600600 -1.4461764 -0.2275359 11.6508837 0.0062423 -0.0384669 0.0033655 0.9992347
276.809000 -1.4551438 -0.2307479 11.7628565 0.0029933 -0.0383250 0.0028015 0.9992569
277.017400 -1.4647003 -0.2332619 11.8741903 0.0027176 -0.0380046 0.0017075 0.9992724
277.121500 -1.4692900 -0.2346416 11.9294815 0.0045390 -0.0378859 0.0006855 0.9992715
277.329900 -1.4777095 -0.2376851 12.0387583 0.0071690 -0.0377678 0.0021698 0.9992585
277.538200 -1.4857913 -0.2411739 12.1484261 0.0065762 -0.0375170 0.0045792 0.9992639
277.746600 -1.4945467 -0.2442530 12.2573137 0.0023547 -0.0371883 0.0039476 0.9992977
277.954900 -1.5032964 -0.2470250 12.3643875 0.0055825 -0.0367549 0.0003724 0.9993086
278.163200 -1.5120423 -0.2504227 12.4704123 0.0054652 -0.0360777 -0.0020454 0.9993320
278.371500 -1.5197445 -0.2534516 12.5747633 0.0033701 -0.0367455 -0.0007266 0.9993187
278.579900 -1.5276190 -0.2562647 12.6772861 0.0018100 -0.0380843 -0.0000105 0.9992729
278.788100 -1.5360043 -0.2591075 12.7758389 0.0038600 -0.0393170 -0.0006819 0.9992191
278.996200 -1.5445726 -0.2619212 12.8725185 0.0029943 -0.0406347 -0.0012370 0.9991688
279.204500 -1.5528060 -0.2643920 12.9664240 -0.0021657 -0.0418577 -0.0014477 0.9991202
279.412800 -1.5608807 -0.2660800 13.0565605 -0.0021565 -0.0425466 -0.0018717 0.9990904
279.621000 -1.5688162 -0.2678764 13.1452484 0.0026198 -0.0431817 -0.0017549 0.9990622
279.829400 -1.5766097 -0.2695813 13.2336903 0.0028256 -0.0435851 -0.0010275 0.9990452
280.142000 -1.5887454 -0.2731470 13.3643675 0.0038320 -0.0417335 -0.0033670 0.9991158
280.454600 -1.6003141 -0.2772152 13.4940815 0.0106343 -0.0382302 -0.0075843 0.9991836
280.767200 -1.6102989 -0.2817593 13.6253948 0.0089181 -0.0340388 -0.0100307 0.9993304
281.079700 -1.6188743 -0.2855206 13.7573080 0.0074255 -0.0290795 -0.0079543 0.9995179
281.392400 -1.6261609 -0.2891503 13.8919268 0.0040406 -0.0241630 -0.0082161 0.9996661
281.705000 -1.6328807 -0.2920516 14.0299320 0.0072980 -0.0183785 -0.0093604 0.9997606
282.017600 -1.6368608 -0.2951799 14.1733809 0.0065886 -0.0125151 -0.0060758 0.9998815
282.330200 -1.6405631 -0.3000920 14.3199673 0.0125998 -0.0062625 -0.0054298 0.9998863
282.642900 -1.6415700 -0.3050469 14.4703655 0.0102260 0.0001368 -0.0059401 0.9999301
282.955500 -1.6406575 -0.3111021 14.6231689 0.0146293 0.0062675 -0.0062167 0.9998540
283.268000 -1.6379528 -0.3168928 14.7807007 0.0089785 0.0128807 -0.0063729 0.9998564
283.580600 -1.6326864 -0.3220418 14.9406300 0.0074046 0.0183203 -0.0038448 0.9997973
283.893000 -1.6271294 -0.3275507 15.1019955 0.0125984 0.0201509 -0.0029177 0.9997133
284.205400 -1.6212523 -0.3336466 15.2670794 0.0095802 0.0213576 -0.0025675 0.9997227
284.517700 -1.6150477 -0.3393798 15.4347429 0.0115003 0.0208584 -0.0005595 0.9997162
284.830100 -1.6081191 -0.3459386 15.6045065 0.0061155 0.0199382 0.0006929 0.9997823
285.142400 -1.6027582 -0.3506263 15.7710972 0.0075884 0.0187543 0.0009126 0.9997949
285.454600 -1.5978210 -0.3563703 15.9374294 0.0084110 0.0166993 -0.0004965 0.9998251
285.766900 -1.5936279 -0.3624748 16.1015644 0.0083678 0.0148263 -0.0026956 0.9998515
286.079200 -1.5907471 -0.3687796 16.2645950 0.0076288 0.0123925 -0.0024007 0.9998912
286.391500 -1.5876608 -0.3744684 16.4253597 0.0104862 0.0090480 0.0011087 0.9999034
286.703900 -1.5864344 -0.3789768 16.5849895 -0.0004232 0.0076605 -0.0005110 0.9999704
286.912200 -1.5862067 -0.3813708 16.6892796 0.0057368 0.0069407 -0.0065087 0.9999382
287.120500 -1.5860008 -0.3843405 16.7928162 0.0078208 0.0064276 -0.0094915 0.9999037
287.432900 -1.5851574 -0.3890658 16.9455128 0.0036529 0.0046105 -0.0119469 0.9999113
