0.000000 0.0000039 -0.0000407 -0.0002071 -0.0000002 -0.0000036 0.0000010 1.0000000
0.104499 -0.0008492 -0.0012566 0.0664448 0.0004102 0.0010939 -0.0004726 0.9999992
0.207793 -0.0001233 -0.0023086 0.1334783 0.0001844 0.0012666 -0.0005426 0.9999990
0.311634 0.0010626 -0.0034218 0.2000899 -0.0000679 0.0010713 -0.0002830 0.9999994
0.415494 0.0014999 -0.0046508 0.2670038 -0.0001530 0.0012237 -0.0000568 0.9999992
0.519644 0.0009795 -0.0056345 0.3335949 -0.0000954 0.0020901 0.0001029 0.9999978
0.623401 0.0012300 -0.0067890 0.3993330 0.0004047 0.0022647 0.0000042 0.9999974
0.727346 0.0006428 -0.0078803 0.4645390 0.0005100 0.0030390 0.0001107 0.9999952
0.831180 0.0006883 -0.0090512 0.5295331 -0.0001940 0.0031399 0.0006096 0.9999949
0.935030 0.0003759 -0.0104035 0.5940408 -0.0007001 0.0026319 0.0008195 0.9999959
1.038877 0.0004958 -0.0116866 0.6584001 -0.0005251 0.0012988 0.0014608 0.9999980
1.142774 -0.0001499 -0.0125051 0.7222831 -0.0001698 0.0004495 0.0012488 0.9999991
1.350553 -0.0010820 -0.0149212 0.8500139 -0.0001905 -0.0005129 0.0003036 0.9999998
1.454410 -0.0014949 -0.0156951 0.9134829 -0.0000642 -0.0006901 0.0003315 0.9999997
1.662157 -0.0022849 -0.0180471 1.0405458 -0.0004500 -0.0012376 0.0012489 0.9999983
1.870090 -0.0040812 -0.0203023 1.1674839 0.0004011 -0.0015751 0.0011912 0.9999980
2.077874 -0.0052645 -0.0228458 1.2933544 0.0000582 -0.0025218 0.0010109 0.9999963
2.285652 -0.0068758 -0.0249183 1.4195158 0.0001179 -0.0033462 0.0008536 0.9999940
2.493488 -0.0085085 -0.0271841 1.5443339 -0.0008463 -0.0042626 0.0017444 0.9999890
2.701441 -0.0105316 -0.0297007 1.6685268 -0.0002341 -0.0051296 0.0022191 0.9999843
2.806098 -0.0116372 -0.0303941 1.7305226 -0.0001201 -0.0055277 0.0021534 0.9999824
3.013136 -0.0137001 -0.0323588 1.8553951 -0.0005479 -0.0062162 0.0025770 0.9999772
3.221000 -0.0169056 -0.0344780 1.9803725 -0.0005901 -0.0065131 0.0027979 0.9999747
3.428991 -0.0195642 -0.0359223 2.1052532 -0.0013603 -0.0064561 0.0030570 0.9999735
3.636879 -0.0224799 -0.0376530 2.2285607 -0.0015708 -0.0063571 0.0024206 0.9999756
3.844868 -0.0256681 -0.0394825 2.3538690 -0.0025610 -0.0059349 0.0009263 0.9999787
4.052745 -0.0280857 -0.0407796 2.4781499 -0.0055058 -0.0042551 0.0007523 0.9999755
4.260741 -0.0301273 -0.0406259 2.6029952 -0.0077158 -0.0027278 0.0004929 0.9999664
4.468620 -0.0328551 -0.0405403 2.7275045 -0.0060314 -0.0009833 0.0009303 0.9999809
4.676494 -0.0348410 -0.0405665 2.8508887 -0.0054380 -0.0003714 0.0011182 0.9999845
4.884244 -0.0365845 -0.0413790 2.9737475 -0.0052163 -0.0016360 0.0013279 0.9999841
5.091994 -0.0390586 -0.0415062 3.0962379 -0.0058354 -0.0027521 0.0016529 0.9999778
5.195994 -0.0402267 -0.0417551 3.1585333 -0.0057427 -0.0030244 0.0012851 0.9999781
5.403745 -0.0422697 -0.0417013 3.2817843 -0.0050350 -0.0033473 0.0012305 0.9999810
5.507756 -0.0454850 -0.0403223 3.3423128 -0.0040323 -0.0028095 0.0007999 0.9999876
5.715493 -0.0449454 -0.0427584 3.4680538 -0.0057419 -0.0036546 0.0015304 0.9999757
5.923372 -0.0470038 -0.0428407 3.5909965 -0.0038744 -0.0037833 -0.0000950 0.9999853
6.131261 -0.0488592 -0.0437208 3.7139504 -0.0040452 -0.0038222 -0.0023147 0.9999818
6.339121 -0.0505202 -0.0446626 3.8366683 -0.0046149 -0.0033116 -0.0035552 0.9999775
6.547122 -0.0512129 -0.0457388 3.9583390 -0.0038680 -0.0011206 -0.0038139 0.9999846
6.755121 -0.0519719 -0.0472054 4.0775337 -0.0010437 0.0015777 -0.0031609 0.9999932
6.963119 -0.0519187 -0.0487894 4.1954079 -0.0035641 0.0047778 -0.0026792 0.9999787
7.171120 -0.0510866 -0.0502320 4.3124895 -0.0010097 0.0086031 -0.0025796 0.9999592
7.275124 -0.0498659 -0.0508022 4.3692765 0.0008850 0.0102020 -0.0018491 0.9999459
7.483122 -0.0477777 -0.0534894 4.4842939 0.0003717 0.0139052 -0.0014309 0.9999022
7.691125 -0.0449610 -0.0554718 4.5979729 0.0012557 0.0177466 -0.0018357 0.9998400
7.899123 -0.0409882 -0.0579426 4.7109442 0.0025849 0.0209080 -0.0018051 0.9997764
8.107122 -0.0365623 -0.0601663 4.8229327 0.0012677 0.0239287 -0.0008229 0.9997125
8.315124 -0.0313438 -0.0619199 4.9347224 -0.0000050 0.0265583 0.0003333 0.9996472
8.523125 -0.0256278 -0.0638994 5.0460443 0.0029434 0.0289318 0.0014928 0.9995759
8.731123 -0.0194151 -0.0663180 5.1582899 0.0048532 0.0309130 0.0010773 0.9995097
8.939122 -0.0127489 -0.0693566 5.2710996 0.0034583 0.0306376 0.0009764 0.9995241
9.355001 -0.0007975 -0.0739834 5.5007677 0.0021652 0.0262195 0.0005599 0.9996537
9.562998 0.0041298 -0.0761144 5.6171465 0.0022433 0.0223314 -0.0002475 0.9997481
9.978770 0.0116520 -0.0806036 5.8496823 0.0009655 0.0133100 -0.0010552 0.9999104
10.186620 0.0130467 -0.0825176 5.9668264 0.0012387 0.0084752 -0.0016166 0.9999620
10.394630 0.0138293 -0.0850334 6.0847454 0.0014066 0.0042216 -0.0031843 0.9999850
10.602630 0.0138086 -0.0871708 6.2037330 0.0015840 0.0026247 -0.0047520 0.9999840
10.810750 0.0134413 -0.0895715 6.3226361 0.0009250 0.0015465 -0.0064654 0.9999775
11.018750 0.0126522 -0.0914001 6.4420676 -0.0001857 0.0008493 -0.0083007 0.9999652
11.226750 0.0124141 -0.0929486 6.5616770 -0.0015950 0.0001377 -0.0081811 0.9999653
11.434620 0.0117113 -0.0945247 6.6815534 -0.0013237 -0.0003693 -0.0067105 0.9999765
11.642630 0.0116196 -0.0958630 6.8020473 -0.0031057 -0.0010434 -0.0038839 0.9999871
11.954620 0.0106710 -0.0977074 6.9833879 -0.0021661 -0.0009318 0.0005594 0.9999971
12.162500 0.0100015 -0.0990544 7.1051702 -0.0021662 -0.0005052 0.0008561 0.9999971
12.370380 0.0095337 -0.1004918 7.2263360 -0.0039864 0.0000086 -0.0005428 0.9999919
12.578370 0.0087042 -0.1018718 7.3463349 -0.0021634 0.0005569 -0.0007742 0.9999972
12.786250 0.0079966 -0.1037082 7.4657798 0.0011769 0.0011897 -0.0002177 0.9999986
13.098130 0.0076536 -0.1077419 7.6440377 0.0033016 0.0015179 -0.0000807 0.9999934
13.410000 0.0073184 -0.1118334 7.8209457 0.0022368 0.0012570 -0.0008965 0.9999963
13.721880 0.0069358 -0.1158632 7.9974256 0.0017753 0.0002826 -0.0010104 0.9999979
14.033750 0.0065609 -0.1197262 8.1718502 0.0027744 -0.0008383 -0.0023625 0.9999930
14.345630 0.0052006 -0.1237515 8.3463335 0.0037150 -0.0019167 -0.0025268 0.9999881
14.657500 0.0032777 -0.1283611 8.5208197 0.0024912 -0.0028245 -0.0030504 0.9999883
14.969380 0.0011055 -0.1324154 8.6959248 0.0027184 -0.0040091 -0.0036015 0.9999818
15.281260 -0.0017365 -0.1362597 8.8689613 0.0034152 -0.0044617 -0.0041737 0.9999755
15.593130 -0.0037086 -0.1403491 9.0426216 0.0022335 -0.0048254 -0.0022793 0.9999833
15.905010 -0.0060493 -0.1438828 9.2148247 0.0018451 -0.0048702 -0.0032254 0.9999812
16.424880 -0.0095908 -0.1497569 9.4994097 0.0008075 -0.0046345 -0.0025901 0.9999856
16.632880 -0.0111339 -0.1525256 9.6114292 0.0018285 -0.0030325 -0.0022686 0.9999912
16.944760 -0.0127393 -0.1566126 9.7760201 0.0023125 -0.0009884 -0.0018360 0.9999952
17.152760 -0.0129856 -0.1587034 9.8855600 0.0013700 0.0002162 -0.0020533 0.9999969
17.464760 -0.0132980 -0.1625459 10.0433989 0.0010567 0.0018931 -0.0018463 0.9999959
17.776760 -0.0130205 -0.1660666 10.2007732 0.0010799 0.0028594 -0.0012726 0.9999945
17.984650 -0.0128516 -0.1682569 10.3010960 0.0001431 0.0028081 -0.0009575 0.9999956
18.192630 -0.0128859 -0.1706340 10.3989439 0.0006624 0.0023042 -0.0012872 0.9999963
18.400630 -0.0128833 -0.1727734 10.4937248 0.0011359 0.0017232 -0.0014276 0.9999968
18.608520 -0.0131177 -0.1753665 10.5863647 0.0004783 0.0002789 -0.0008099 0.9999995
18.816510 -0.0135746 -0.1772775 10.6765966 -0.0010540 -0.0018614 -0.0003323 0.9999977
19.024630 -0.0149770 -0.1787940 10.7640238 -0.0007418 -0.0042737 -0.0006778 0.9999903
19.232630 -0.0165734 -0.1805931 10.8478184 -0.0011404 -0.0071640 -0.0009355 0.9999732
19.440510 -0.0185971 -0.1824849 10.9281178 -0.0008861 -0.0101128 -0.0011084 0.9999478
19.648650 -0.0208203 -0.1841461 11.0040665 -0.0003404 -0.0134077 -0.0014936 0.9999089
19.856630 -0.0234141 -0.1858102 11.0762987 0.0000159 -0.0161509 -0.0025590 0.9998663
20.064890 -0.0259019 -0.1872554 11.1456785 -0.0006081 -0.0164373 -0.0028827 0.9998606
20.273010 -0.0283656 -0.1886632 11.2109318 -0.0007594 -0.0160367 -0.0027375 0.9998674
20.377010 -0.0293697 -0.1894037 11.2430820 0.0001564 -0.0159359 -0.0030264 0.9998684
20.585260 -0.0316070 -0.1907952 11.3063879 0.0019578 -0.0148424 -0.0033537 0.9998823
20.793380 -0.0337564 -0.1921310 11.3688135 0.0022770 -0.0132059 -0.0034105 0.9999044
21.001510 -0.0353767 -0.1937074 11.4305391 0.0023777 -0.0113493 -0.0034174 0.9999269
21.209640 -0.0367516 -0.1954365 11.4918232 0.0020982 -0.0088684 -0.0030966 0.9999537
21.417760 -0.0376159 -0.1968555 11.5527353 0.0016462 -0.0057917 -0.0020871 0.9999797
21.626010 -0.0381468 -0.1980302 11.6126480 0.0018853 -0.0028213 -0.0018133 0.9999926
21.834140 -0.0384983 -0.1994305 11.6721172 0.0023459 0.0001358 -0.0022644 0.9999947
22.042260 -0.0385334 -0.2006719 11.7321758 0.0022781 0.0030828 -0.0025760 0.9999893
22.250510 -0.0381605 -0.2019033 11.7930050 0.0021586 0.0055084 -0.0025586 0.9999792
22.458660 -0.0374408 -0.2032406 11.8541756 0.0042464 0.0073093 -0.0026923 0.9999607
22.666760 -0.0366434 -0.2047396 11.9163666 0.0051814 0.0078447 -0.0020055 0.9999538
22.874760 -0.0357704 -0.2063391 11.9794216 0.0055764 0.0078192 -0.0021519 0.9999515
23.082900 -0.0351744 -0.2077558 12.0429316 0.0068453 0.0079760 -0.0017244 0.9999433
23.290890 -0.0341944 -0.2097093 12.1064510 0.0082987 0.0085594 0.0016109 0.9999276
23.499010 -0.0336932 -0.2109898 12.1717072 0.0033417 0.0091644 -0.0015626 0.9999512
23.811130 -0.0316597 -0.2131008 12.2722359 0.0058567 0.0127400 -0.0012694 0.9999009
24.019270 -0.0300573 -0.2144879 12.3406219 0.0076228 0.0163010 -0.0029767 0.9998336
24.331390 -0.0260491 -0.2168526 12.4458981 0.0044109 0.0208395 0.0001768 0.9997731
24.539510 -0.0229533 -0.2189782 12.5166655 0.0050411 0.0235396 -0.0007198 0.9997100
24.851760 -0.0178976 -0.2219825 12.6219988 0.0050191 0.0273927 -0.0015979 0.9996108
25.163760 -0.0125037 -0.2240542 12.7271805 0.0048081 0.0318974 -0.0031542 0.9994746
25.371770 -0.0080598 -0.2258089 12.7975359 0.0047879 0.0341707 -0.0005829 0.9994044
25.579770 -0.0034564 -0.2272993 12.8682680 0.0050352 0.0349265 -0.0001761 0.9993772
25.787650 0.0012243 -0.2292617 12.9397507 0.0046829 0.0350488 -0.0001442 0.9993746
25.995520 0.0058889 -0.2311685 13.0109882 0.0048608 0.0340923 -0.0001537 0.9994069
26.203510 0.0101464 -0.2328297 13.0821571 0.0057601 0.0325151 -0.0009067 0.9994543
26.411390 0.0139357 -0.2348492 13.1528053 0.0060553 0.0309873 -0.0020103 0.9994994
26.619260 0.0174797 -0.2369533 13.2235231 0.0049772 0.0284892 -0.0021879 0.9995793
26.827140 0.0206934 -0.2390445 13.2933693 0.0028862 0.0240164 -0.0009791 0.9997069
27.035140 0.0229523 -0.2406580 13.3620262 0.0019525 0.0192277 -0.0006506 0.9998130
27.347260 0.0249206 -0.2430196 13.4611397 0.0018311 0.0126628 0.0001301 0.9999182
27.555390 0.0254448 -0.2445387 13.5238066 0.0018707 0.0088764 -0.0002998 0.9999588
27.763390 0.0256305 -0.2460974 13.5821924 0.0022469 0.0049878 0.0005308 0.9999849
27.971390 0.0248178 -0.2478156 13.6370668 0.0038248 -0.0005348 -0.0008807 0.9999921
28.283270 0.0221434 -0.2501331 13.7150497 0.0053864 -0.0167232 -0.0015824 0.9998444
28.594790 0.0146862 -0.2522205 13.7877016 0.0048870 -0.0462095 -0.0042320 0.9989108
28.906040 0.0029399 -0.2540368 13.8536301 0.0042215 -0.0885155 -0.0061931 0.9960466
29.217280 -0.0145736 -0.2558465 13.9137487 0.0011134 -0.1433597 -0.0063840 0.9896494
29.528390 -0.0386519 -0.2568660 13.9672508 -0.0020620 -0.2057011 -0.0069418 0.9785881
29.735770 -0.0584950 -0.2571034 14.0003319 -0.0033206 -0.2515547 -0.0061338 0.9678180
30.047140 -0.0942354 -0.2575863 14.0442238 -0.0055160 -0.3253005 -0.0057818 0.9455769
30.358390 -0.1358957 -0.2572711 14.0805359 -0.0101870 -0.4047914 -0.0019116 0.9143503
30.669520 -0.1833706 -0.2572793 14.1061277 -0.0133504 -0.4885600 -0.0059396 0.8724080
30.980890 -0.2335520 -0.2563531 14.1229000 -0.0146076 -0.5690073 -0.0093226 0.8221499
31.292410 -0.2857563 -0.2556716 14.1299858 -0.0199592 -0.6433300 -0.0113219 0.7652450
31.500160 -0.3233904 -0.2544869 14.1285877 -0.0230538 -0.6915008 -0.0143843 0.7218643
31.707810 -0.3631427 -0.2525916 14.1221418 -0.0277425 -0.7380947 -0.0185087 0.6738724
31.915520 -0.4040363 -0.2507283 14.1102934 -0.0328373 -0.7816830 -0.0219450 0.6224241
32.019400 -0.4250913 -0.2495590 14.1021013 -0.0349251 -0.8019342 -0.0228522 0.5959526
32.227300 -0.4677753 -0.2466449 14.0805092 -0.0370935 -0.8387632 -0.0225959 0.5427613
32.435430 -0.5110116 -0.2432882 14.0523310 0.0376474 0.8702890 0.0222328 -0.4905970
32.643770 -0.5554051 -0.2393484 14.0166264 0.0380193 0.8950309 0.0228066 -0.4437951
32.852150 -0.5994339 -0.2354290 13.9739513 0.0442077 0.9152430 0.0231932 -0.3997975
33.060520 -0.6447287 -0.2309699 13.9230785 0.0483542 0.9337895 0.0238038 -0.3537406
33.269020 -0.6865482 -0.2261109 13.8629818 0.0459474 0.9490392 0.0206615 -0.3111053
33.477420 -0.7279539 -0.2214265 13.7949514 0.0435834 0.9617906 0.0169182 -0.2697650
33.685770 -0.7650213 -0.2176513 13.7187996 0.0413489 0.9722272 0.0169467 -0.2297332
33.894150 -0.7996144 -0.2136242 13.6339417 0.0428852 0.9809583 0.0163396 -0.1887187
34.102520 -0.8285620 -0.2096123 13.5409603 0.0453313 0.9876174 0.0171450 -0.1492080
34.310770 -0.8529513 -0.2059820 13.4403505 0.0468357 0.9925438 0.0175904 -0.1111480
34.519020 -0.8710313 -0.2019691 13.3330936 0.0456020 0.9959176 0.0142640 -0.0765839
34.727400 -0.8825586 -0.1990243 13.2192974 0.0450143 0.9978590 0.0145300 -0.0451664
34.935780 -0.8878378 -0.1956996 13.0987949 0.0447310 0.9987547 0.0137581 -0.0172898
35.040020 -0.8879000 -0.1943578 13.0365191 0.0437205 0.9989297 0.0143286 -0.0047604
35.248400 -0.8840366 -0.1919464 12.9068747 0.0419086 0.9988704 0.0144427 0.0171200
35.456920 -0.8749146 -0.1900016 12.7729731 0.0371272 0.9987376 0.0126610 0.0313765
35.665520 -0.8635856 -0.1882531 12.6346712 0.0332479 0.9986562 0.0142726 0.0371039
35.874180 -0.8519725 -0.1858042 12.4913788 0.0309463 0.9987789 0.0130536 0.0362300
36.082520 -0.8407068 -0.1834219 12.3458967 0.0301732 0.9988867 0.0138007 0.0335322
36.290910 -0.8308103 -0.1812330 12.1978340 0.0287742 0.9990500 0.0150680 0.0290521
36.499150 -0.8218837 -0.1787008 12.0483141 0.0282799 0.9991825 0.0168742 0.0234494
36.707280 -0.8145002 -0.1765779 11.8985901 0.0273380 0.9993207 0.0165877 0.0183164
36.915280 -0.8090516 -0.1740674 11.7477875 0.0261487 0.9994490 0.0159568 0.0127788
37.123280 -0.8055005 -0.1716930 11.5988588 0.0263540 0.9994447 0.0187579 0.0079995
37.331150 -0.8026599 -0.1686735 11.4476480 0.0272629 0.9994533 0.0182751 0.0039741
37.642900 -0.8005263 -0.1651849 11.2237711 0.0270599 0.9995158 0.0153595 0.0000415
37.850530 -0.8006054 -0.1633498 11.0705538 0.0271421 0.9994754 0.0175821 -0.0017766
38.162020 -0.7998209 -0.1584294 10.8406525 0.0280783 0.9994485 0.0175878 -0.0022509
38.369530 -0.7995045 -0.1553891 10.6859703 0.0295521 0.9994379 0.0157638 -0.0014255
38.680780 -0.7983790 -0.1505370 10.4549894 0.0300331 0.9993827 0.0182253 0.0000969
38.992150 -0.7957249 -0.1457951 10.2213621 0.0275169 0.9994574 0.0180789 0.0009949
39.303400 -0.7936844 -0.1408095 9.9860258 0.0285501 0.9994547 0.0165403 0.0012694
39.511030 -0.7922783 -0.1379884 9.8273878 0.0284584 0.9994445 0.0173001 0.0011977
39.822150 -0.7904298 -0.1345101 9.5912638 0.0285268 0.9994378 0.0175419 0.0016201
40.133400 -0.7889869 -0.1286560 9.3560963 0.0297994 0.9993973 0.0177129 0.0018213
40.340780 -0.7873208 -0.1256221 9.1981554 0.0298099 0.9994171 0.0165616 0.0015847
40.548280 -0.7858128 -0.1224124 9.0411263 0.0292815 0.9994489 0.0155550 0.0015867
40.755780 -0.7840855 -0.1199026 8.8827171 0.0286070 0.9994406 0.0172482 0.0016295
40.963300 -0.7831265 -0.1171059 8.7238560 0.0287190 0.9994428 0.0169133 0.0017898
41.170800 -0.7819805 -0.1139168 8.5669212 0.0292841 0.9994150 0.0176040 0.0014610
41.378300 -0.7813595 -0.1104024 8.4087505 0.0285704 0.9994122 0.0189324 0.0007607
41.585910 -0.7804524 -0.1078509 8.2540998 0.0273951 0.9994408 0.0191714 -0.0001176
41.793530 -0.7801078 -0.1051530 8.1010895 0.0280219 0.9994395 0.0182891 -0.0009341
42.001030 -0.7799320 -0.1025715 7.9478893 0.0284593 0.9994236 0.0184478 -0.0014822
42.208530 -0.7798955 -0.0993756 7.7944918 0.0276731 0.9994409 0.0186468 -0.0020834
42.416050 -0.7797943 -0.0966061 7.6425729 0.0278857 0.9994089 0.0198552 -0.0031732
42.623660 -0.7807325 -0.0938022 7.4928842 0.0278027 0.9994267 0.0186604 -0.0050084
42.831160 -0.7819101 -0.0911843 7.3443365 0.0284373 0.9993603 0.0204918 -0.0071070
43.038660 -0.7836774 -0.0879143 7.1974468 0.0288930 0.9993408 0.0200118 -0.0090872
43.246160 -0.7859400 -0.0854959 7.0531468 0.0293919 0.9992734 0.0215321 -0.0111893
43.453690 -0.7887858 -0.0830656 6.9145851 0.0299217 0.9992291 0.0217989 -0.0130615
43.661030 -0.7918765 -0.0801499 6.7808290 0.0299187 0.9991786 0.0231948 -0.0144550
43.868530 -0.7949287 -0.0774641 6.6518412 0.0299695 0.9991922 0.0223256 -0.0147741
44.075920 -0.7974363 -0.0747551 6.5281506 0.0299896 0.9991995 0.0220615 -0.0146416
44.283280 -0.8003043 -0.0724687 6.4094949 0.0297358 0.9992014 0.0225290 -0.0143138
44.490780 -0.8025506 -0.0698818 6.2975583 0.0296669 0.9991807 0.0237933 -0.0138467
44.802160 -0.8057573 -0.0665670 6.1385722 0.0295143 0.9992289 0.0223243 -0.0131208
45.009780 -0.8076534 -0.0646187 6.0395575 0.0291211 0.9992331 0.0228747 -0.0127245
45.217410 -0.8094429 -0.0627133 5.9454994 0.0292132 0.9992226 0.0234495 -0.0122835
45.425030 -0.8113160 -0.0608453 5.8556199 0.0288423 0.9992443 0.0233699 -0.0115235
45.632780 -0.8129541 -0.0588947 5.7691398 0.0309588 0.9992376 0.0209915 -0.0111879
45.840530 -0.8142895 -0.0572934 5.6858435 0.0308063 0.9992467 0.0208585 -0.0110427
46.152410 -0.8168595 -0.0550325 5.5665555 0.0322632 0.9992337 0.0193542 -0.0107963
46.464300 -0.8185952 -0.0534332 5.4520631 0.0328038 0.9991971 0.0198978 -0.0115363
47.088280 -0.8230056 -0.0495428 5.2325301 0.0344367 0.9992189 0.0144622 -0.0129026
47.400280 -0.8254223 -0.0480839 5.1248198 0.0356127 0.9991481 0.0158479 -0.0135490
47.712410 -0.8262268 -0.0475204 5.0198531 0.0302489 0.9993722 0.0121193 -0.0138996
48.024410 -0.8282496 -0.0463020 4.9114246 0.0269428 0.9995107 0.0084437 -0.0134567
48.336410 -0.8298345 -0.0451126 4.7981014 0.0247200 0.9995573 0.0121247 -0.0112774
48.648410 -0.8309879 -0.0436047 4.6801229 0.0230621 0.9996527 0.0110505 -0.0063551
48.960410 -0.8308615 -0.0414617 4.5535588 0.0236002 0.9995870 0.0163409 -0.0013512
49.272540 -0.8299392 -0.0384459 4.4199510 0.0258134 0.9995499 0.0145384 0.0047121
49.584540 -0.8264355 -0.0350758 4.2798409 0.0279931 0.9994404 0.0150483 0.0104256
49.896540 -0.8219200 -0.0322916 4.1317835 0.0307218 0.9992737 0.0148747 0.0169395
50.208540 -0.8144355 -0.0295143 3.9765732 0.0316615 0.9991750 0.0125438 0.0221245
50.520540 -0.8050959 -0.0274493 3.8128686 0.0309298 0.9992081 0.0092047 0.0232756
50.832660 -0.7977606 -0.0266246 3.6394160 0.0329155 0.9991056 0.0132382 0.0230053
51.144790 -0.7884176 -0.0239406 3.4607227 0.0322733 0.9991538 0.0125602 0.0221900
51.456790 -0.7791073 -0.0204367 3.2748232 0.0317266 0.9992030 0.0115543 0.0212934
51.768790 -0.7708590 -0.0175723 3.0809438 0.0308993 0.9992483 0.0132917 0.0192744
51.976790 -0.7650379 -0.0150003 2.9488254 0.0292044 0.9993581 0.0122799 0.0167263
52.184660 -0.7606528 -0.0137012 2.8150210 0.0298806 0.9994329 0.0065061 0.0140935
52.392670 -0.7566862 -0.0124723 2.6757636 0.0300451 0.9993939 0.0132715 0.0115288
52.600670 -0.7530289 -0.0099965 2.5340233 0.0287159 0.9994671 0.0125938 0.0090773
52.808540 -0.7501783 -0.0081373 2.3918743 0.0286757 0.9994915 0.0121521 0.0068411
53.016420 -0.7481467 -0.0056984 2.2455115 0.0296879 0.9994612 0.0130891 0.0049581
53.120310 -0.7470968 -0.0046393 2.1721816 0.0292197 0.9994673 0.0140316 0.0038149
53.224160 -0.7463533 -0.0036737 2.0992911 0.0286117 0.9994626 0.0157237 0.0029357
53.328040 -0.7453909 -0.0027232 2.0266285 0.0280198 0.9994556 0.0173212 0.0018405
53.431910 -0.7450818 -0.0015688 1.9533982 0.0280373 0.9994500 0.0176784 0.0010925
53.535790 -0.7445628 -0.0002183 1.8810920 0.0281858 0.9994574 0.0170395 0.0004593
53.743420 -0.7437669 0.0016259 1.7370030 0.0282312 0.9994597 0.0168179 -0.0006589
53.951170 -0.7434775 0.0034204 1.5921726 0.0276615 0.9994723 0.0169827 -0.0012906
54.158790 -0.7436164 0.0065358 1.4478657 0.0278869 0.9994791 0.0161471 -0.0017540
54.366290 -0.7438549 0.0090327 1.3034379 0.0282999 0.9994067 0.0195715 -0.0015266
54.573910 -0.7432655 0.0118487 1.1602491 0.0280358 0.9994540 0.0174664 -0.0007551
54.781540 -0.7426422 0.0134663 1.0183213 0.0272374 0.9995095 0.0154534 0.0000203
54.989170 -0.7424707 0.0148565 0.8757345 0.0277122 0.9994557 0.0178707 0.0009651
55.196790 -0.7411289 0.0179633 0.7348892 0.0265130 0.9994656 0.0190621 0.0014413
55.404410 -0.7400243 0.0199728 0.5969017 0.0260850 0.9995382 0.0155397 0.0012374
55.611910 -0.7393697 0.0217149 0.4573836 0.0274086 0.9994770 0.0171272 0.0010667
55.819540 -0.7381463 0.0237902 0.3195955 0.0265125 0.9995011 0.0171606 0.0004286
56.027170 -0.7364061 0.0267623 0.1790569 0.0252312 0.9995495 0.0162506 -0.0002734
56.130920 -0.7367343 0.0276331 0.1118274 0.0256160 0.9995465 0.0158305 -0.0001589
56.338420 -0.7357692 0.0292910 -0.0246145 0.0277836 0.9994774 0.0165138 -0.0005978
56.546040 -0.7357780 0.0318121 -0.1618937 0.0281186 0.9994745 0.0161226 -0.0004393
56.753550 -0.7350244 0.0336026 -0.2979254 0.0262265 0.9995266 0.0160663 -0.0008594
56.961060 -0.7343455 0.0350229 -0.4315000 0.0258646 0.9995205 0.0169822 -0.0011718
57.168540 -0.7342470 0.0363914 -0.5628102 0.0270035 0.9994774 0.0177091 -0.0014339
57.376170 -0.7338032 0.0384343 -0.6951067 0.0263529 0.9995154 0.0164840 -0.0016591
57.583670 -0.7331579 0.0397547 -0.8261790 0.0232308 0.9996360 0.0136064 -0.0017518
57.791170 -0.7324687 0.0412405 -0.9570335 0.0213135 0.9996469 0.0157954 -0.0015073
57.998680 -0.7322705 0.0427402 -1.0869979 0.0241035 0.9995434 0.0181579 -0.0014922
58.206190 -0.7329904 0.0454062 -1.2176567 0.0273978 0.9994565 0.0182963 -0.0011190
58.413800 -0.7326446 0.0476458 -1.3471793 0.0272893 0.9995000 0.0159264 -0.0011522
58.621420 -0.7320627 0.0497339 -1.4781901 0.0253872 0.9995532 0.0157071 -0.0014772
58.829070 -0.7316036 0.0516533 -1.6088283 0.0251060 0.9995774 0.0145559 -0.0016676
59.036550 -0.7313354 0.0535398 -1.7414253 0.0248343 0.9995832 0.0146219 -0.0017198
59.244170 -0.7310480 0.0552589 -1.8731973 0.0230644 0.9996244 0.0146879 -0.0018347
59.451800 -0.7298028 0.0570005 -2.0043018 0.0211624 0.9996455 0.0159929 -0.0023018
59.659420 -0.7295234 0.0590289 -2.1380284 0.0202836 0.9996914 0.0141393 -0.0024007
59.866920 -0.7295709 0.0606907 -2.2726541 0.0196309 0.9997162 0.0133589 -0.0019082
60.074550 -0.7285688 0.0622014 -2.4050627 0.0187758 0.9997597 0.0111541 -0.0018875
60.282170 -0.7282501 0.0629069 -2.5365870 0.0209981 0.9997000 0.0125200 -0.0015343
60.489670 -0.7278342 0.0640800 -2.6702743 0.0214907 0.9996937 0.0122238 -0.0011062
60.697180 -0.7268088 0.0652844 -2.8029380 0.0202496 0.9997226 0.0119724 -0.0011501
61.008550 -0.7261847 0.0673291 -3.0032470 0.0225568 0.9996561 0.0133701 -0.0000876
61.216170 -0.7257838 0.0691498 -3.1368895 0.0243129 0.9996061 0.0140166 0.0004129
61.527550 -0.7245188 0.0708463 -3.3364940 0.0276557 0.9995035 0.0150801 0.0007613
61.735050 -0.7235397 0.0723954 -3.4677000 0.0297703 0.9994635 0.0136281 0.0008742
62.046420 -0.7226458 0.0733573 -3.6636183 0.0311064 0.9994392 0.0123321 0.0012486
62.253920 -0.7210372 0.0742635 -3.7933033 0.0304751 0.9994584 0.0123802 0.0009663
62.461550 -0.7200770 0.0751587 -3.9230187 0.0301215 0.9994633 0.0128312 0.0010560
62.669050 -0.7188952 0.0761970 -4.0520763 0.0301481 0.9994786 0.0115547 0.0002108
62.876680 -0.7184031 0.0769892 -4.1813903 0.0303799 0.9994688 0.0117781 -0.0006665
63.084300 -0.7182287 0.0777095 -4.3104820 0.0305841 0.9994690 0.0111569 -0.0013884
63.395800 -0.7174758 0.0786179 -4.5036426 0.0296678 0.9994828 0.0121047 -0.0027480
63.603430 -0.7175511 0.0792268 -4.6308789 0.0291050 0.9994960 0.0122276 -0.0033373
63.811050 -0.7177475 0.0797587 -4.7574348 0.0301757 0.9994855 0.0104318 -0.0030563
64.018680 -0.7180315 0.0799802 -4.8841581 0.0307479 0.9994650 0.0108440 -0.0025821
64.226180 -0.7179254 0.0805883 -5.0104313 0.0317890 0.9994091 0.0129592 -0.0017343
64.433800 -0.7170555 0.0814400 -5.1329684 0.0320515 0.9994279 0.0107643 -0.0009259
64.745300 -0.7163747 0.0823607 -5.3174605 0.0307423 0.9994499 0.0124158 -0.0007762
64.952920 -0.7159760 0.0833046 -5.4398112 0.0312882 0.9994159 0.0137239 -0.0007445
65.160550 -0.7159196 0.0843342 -5.5601292 0.0309679 0.9994502 0.0117778 -0.0012309
65.471930 -0.7151639 0.0849210 -5.7398458 0.0297572 0.9994750 0.0125227 -0.0027191
65.679420 -0.7150571 0.0858348 -5.8586192 0.0293986 0.9994961 0.0114782 -0.0033941
65.886930 -0.7151830 0.0865913 -5.9776654 0.0294715 0.9994772 0.0126151 -0.0041960
66.198300 -0.7160296 0.0873076 -6.1537113 0.0295435 0.9994699 0.0125995 -0.0053360
66.405950 -0.7174988 0.0886396 -6.2707300 0.0294302 0.9994739 0.0123380 -0.0057912
66.613430 -0.7177683 0.0894554 -6.3871369 0.0293852 0.9994812 0.0113916 -0.0066344
66.821050 -0.7191720 0.0897026 -6.5020604 0.0296766 0.9994713 0.0113132 -0.0069557
67.028680 -0.7202466 0.0905831 -6.6169353 0.0300886 0.9994510 0.0119530 -0.0070292
67.236300 -0.7212296 0.0911414 -6.7312059 0.0301356 0.9994523 0.0118391 -0.0068430
67.547680 -0.7228178 0.0915274 -6.8998675 0.0304213 0.9994299 0.0131088 -0.0065313
67.755300 -0.7234316 0.0923758 -7.0103393 0.0302243 0.9994401 0.0128135 -0.0064612
67.962930 -0.7244115 0.0935172 -7.1207604 0.0301118 0.9994488 0.0122142 -0.0067991
68.170550 -0.7251485 0.0943956 -7.2278371 0.0289929 0.9994631 0.0129523 -0.0080724
68.378180 -0.7263170 0.0946543 -7.3344231 0.0276972 0.9994881 0.0129198 -0.0094669
68.585930 -0.7283322 0.0951177 -7.4396658 0.0284586 0.9994720 0.0119068 -0.0101977
68.793560 -0.7303401 0.0956168 -7.5429626 0.0290230 0.9994321 0.0138527 -0.0100588
69.001180 -0.7317349 0.0960446 -7.6416912 0.0309319 0.9993730 0.0139446 -0.0101170
69.208930 -0.7334493 0.0968061 -7.7380528 0.0303734 0.9993591 0.0158350 -0.0103971
69.416810 -0.7350156 0.0979489 -7.8297353 0.0292982 0.9993874 0.0148866 -0.0120333
69.728440 -0.7379022 0.0986023 -7.9577332 0.0304082 0.9993237 0.0155008 -0.0136808
69.936320 -0.7396131 0.0988552 -8.0362539 0.0318204 0.9993024 0.0150916 -0.0124269
70.143930 -0.7402895 0.0988728 -8.1088657 0.0358837 0.9992480 0.0143110 -0.0033127
70.454810 -0.7358087 0.0993194 -8.2066259 0.0379729 0.9987019 0.0158227 0.0300354
70.662180 -0.7282986 0.0992327 -8.2652674 0.0371800 0.9973444 0.0175670 0.0601091
70.869430 -0.7171236 0.0992719 -8.3183041 0.0389283 0.9942318 0.0143640 0.0989013
71.595080 -0.6455352 0.0956468 -8.4584637 0.0393470 0.9563459 0.0097624 0.2894118
71.802430 -0.6150212 0.0939772 -8.4906559 0.0386720 0.9347297 0.0090814 0.3531322
72.217450 -0.5432618 0.0911011 -8.5379944 0.0325377 0.8749517 0.0079090 0.4830510
72.632930 -0.4604343 0.0864646 -8.5620117 0.0310293 0.7990612 0.0037885 0.6004365
72.840820 -0.4174668 0.0841847 -8.5651102 0.0283113 0.7554030 0.0013064 0.6546472
72.944810 -0.3952985 0.0833171 -8.5648603 0.0258092 0.7317523 0.0032535 0.6810741
73.152830 -0.3495014 0.0811411 -8.5601540 0.0183112 0.6813686 0.0099726 0.7316434
73.360680 -0.3033999 0.0790546 -8.5470247 0.0089112 0.6273266 0.0136231 0.7785861
73.568560 -0.2576544 0.0781239 -8.5275202 0.0064450 0.5688443 0.0153022 0.8222776
73.672580 -0.2353060 0.0781091 -8.5146904 0.0050107 0.5387690 0.0169860 0.8422673
73.880450 -0.1898639 0.0778445 -8.4832115 0.0009488 0.4761932 0.0200647 0.8791112
74.088440 -0.1479945 0.0774075 -8.4430113 -0.0003527 0.4137102 0.0188244 0.9102139
74.296560 -0.1073866 0.0774832 -8.3957300 0.0032521 0.3524550 0.0192950 0.9356242
74.504810 -0.0700562 0.0770010 -8.3391819 0.0025135 0.2915886 0.0199722 0.9563320
74.712820 -0.0389273 0.0766400 -8.2751169 0.0007116 0.2281619 0.0202290 0.9734128
74.921080 -0.0140986 0.0761864 -8.2020559 -0.0008087 0.1680094 0.0189440 0.9856030
75.129560 0.0037830 0.0758483 -8.1211758 -0.0000837 0.1185864 0.0130971 0.9928573
75.338190 0.0169444 0.0752352 -8.0347681 -0.0006920 0.0800340 0.0105221 0.9967363
75.546930 0.0262865 0.0746922 -7.9414644 -0.0018621 0.0478019 0.0101867 0.9988031
75.755680 0.0301611 0.0747351 -7.8428922 -0.0013051 0.0238123 0.0060366 0.9996974
75.964710 0.0311998 0.0739302 -7.7393622 -0.0001691 0.0113742 0.0008684 0.9999349
76.173710 0.0324506 0.0734554 -7.6314783 -0.0005323 0.0086723 -0.0007372 0.9999620
76.382460 0.0341333 0.0726901 -7.5192122 -0.0016290 0.0071758 -0.0000272 0.9999729
76.591060 0.0348687 0.0715805 -7.4011612 -0.0012515 0.0051923 0.0003428 0.9999857
76.799440 0.0346822 0.0711253 -7.2789216 -0.0030586 0.0034981 0.0003948 0.9999891
77.007690 0.0351173 0.0706568 -7.1533165 -0.0028123 0.0016782 0.0014446 0.9999936
77.215940 0.0353734 0.0701542 -7.0244126 -0.0020822 0.0002725 0.0022720 0.9999952
77.424060 0.0342489 0.0694993 -6.8923697 -0.0012611 -0.0001281 0.0016541 0.9999979
77.632190 0.0327111 0.0690375 -6.7558689 -0.0011986 0.0005921 0.0012656 0.9999983
77.944210 0.0329904 0.0672849 -6.5439954 0.0012864 0.0028264 0.0006414 0.9999950
78.152070 0.0332895 0.0651225 -6.3983173 0.0027149 0.0043653 0.0022282 0.9999843
78.359820 0.0335739 0.0626357 -6.2490468 0.0022270 0.0040349 0.0030957 0.9999846
78.567580 0.0343229 0.0602216 -6.0979290 0.0042364 0.0018739 0.0031433 0.9999843
78.775190 0.0338983 0.0580397 -5.9432015 0.0029864 -0.0007502 0.0034162 0.9999894
78.982940 0.0326542 0.0557418 -5.7861042 0.0035922 -0.0019776 0.0033390 0.9999860
79.190690 0.0317871 0.0525580 -5.6256628 0.0046967 -0.0031755 0.0038258 0.9999766
79.398310 0.0299220 0.0499889 -5.4619007 0.0042960 -0.0035388 0.0028906 0.9999803
79.606060 0.0274379 0.0470857 -5.2972693 0.0018993 -0.0030179 0.0018644 0.9999919
79.813820 0.0257315 0.0454519 -5.1299515 -0.0024802 -0.0024918 0.0018666 0.9999921
80.021460 0.0239719 0.0442749 -4.9625912 -0.0066943 -0.0022260 0.0008397 0.9999748
80.228940 0.0230616 0.0435402 -4.7947617 -0.0079647 -0.0025524 0.0003575 0.9999650
80.332810 0.0225989 0.0432878 -4.7118325 -0.0069366 -0.0027368 0.0003470 0.9999721
80.540440 0.0210085 0.0423495 -4.5477810 -0.0059963 -0.0018648 0.0013957 0.9999793
80.748100 0.0202562 0.0415431 -4.3831892 -0.0068752 -0.0010398 0.0019488 0.9999739
80.955700 0.0196616 0.0409073 -4.2193809 -0.0062535 -0.0004985 0.0022120 0.9999779
81.163210 0.0188641 0.0415598 -4.0556741 -0.0079300 0.0001383 0.0027035 0.9999649
81.370700 0.0184305 0.0408016 -3.8930030 -0.0081228 0.0000370 0.0031910 0.9999619
81.682070 0.0174690 0.0395879 -3.6478348 -0.0055754 -0.0008151 0.0006627 0.9999839
81.889700 0.0161246 0.0390250 -3.4858558 -0.0049833 -0.0010066 0.0011149 0.9999865
82.097310 0.0162343 0.0385069 -3.3246746 -0.0065173 -0.0020309 0.0024473 0.9999737
82.304840 0.0145689 0.0373451 -3.1640961 -0.0041795 -0.0030807 0.0024584 0.9999835
82.512440 0.0128588 0.0364094 -3.0046184 -0.0067609 -0.0042206 0.0027139 0.9999645
82.719960 0.0111584 0.0355674 -2.8455389 -0.0061241 -0.0054318 0.0020961 0.9999643
82.927570 0.0086241 0.0347353 -2.6870806 -0.0060591 -0.0054978 0.0011399 0.9999659
83.135190 0.0068459 0.0331874 -2.5295031 -0.0055452 -0.0057500 0.0014572 0.9999670
83.342820 0.0047171 0.0325463 -2.3730857 -0.0053974 -0.0053203 0.0021566 0.9999689
83.550440 0.0034371 0.0319522 -2.2172787 -0.0061989 -0.0048486 0.0032917 0.9999636
83.758190 0.0016277 0.0309701 -2.0621428 -0.0053955 -0.0040789 0.0025055 0.9999740
83.965950 -0.0009212 0.0299374 -1.9093190 -0.0040628 -0.0028828 0.0012668 0.9999868
84.173690 -0.0029883 0.0283248 -1.7574923 -0.0061564 -0.0019024 0.0000247 0.9999793
84.381590 -0.0047612 0.0275463 -1.6082290 -0.0049938 -0.0004113 -0.0000684 0.9999874
84.693200 -0.0038355 0.0250944 -1.3805732 -0.0054328 0.0012186 0.0000395 0.9999845
84.900940 -0.0044661 0.0234375 -1.2319725 -0.0005470 0.0028031 -0.0010398 0.9999954
85.108710 -0.0030807 0.0207308 -1.0830262 0.0011661 0.0036872 -0.0014023 0.9999915
85.316330 -0.0010718 0.0178883 -0.9348760 0.0004117 0.0039318 -0.0008541 0.9999918
85.523960 0.0003741 0.0140610 -0.7881773 -0.0009420 0.0039552 0.0005868 0.9999915
85.835320 -0.0000576 0.0097619 -0.5756262 -0.0005501 0.0034148 0.0004544 0.9999939
86.042820 0.0018196 0.0064786 -0.4330817 -0.0017187 0.0012784 0.0007406 0.9999974
86.250460 -0.0000906 0.0045783 -0.2935001 -0.0010118 0.0009160 0.0012541 0.9999983
86.458070 -0.0036159 0.0032324 -0.1502937 0.0008715 0.0024173 0.0010703 0.9999961
86.665690 -0.0016446 0.0000818 -0.0017418 -0.0001121 0.0011086 0.0007034 0.9999991
86.873200 -0.0008384 -0.0028697 0.1499595 -0.0001456 -0.0000915 0.0002948 0.9999999
88.222590 -0.0066593 -0.0193249 1.1037230 -0.0005692 0.0000441 0.0006136 0.9999996
95.073200 -0.0485330 -0.0672539 5.2009687 0.0039663 -0.0029277 0.0025278 0.9999847
95.592470 -0.0562757 -0.0729725 5.4623532 0.0010433 -0.0186013 -0.0006655 0.9998262
96.008460 -0.0653727 -0.0766593 5.6741834 0.0019549 -0.0132690 -0.0081097 0.9998772
96.424720 -0.0678977 -0.0805636 5.8930993 0.0019854 0.0038985 -0.0101829 0.9999386
96.840830 -0.0618840 -0.0845579 6.1175423 0.0029075 0.0221762 -0.0078274 0.9997192
97.879840 -0.0248060 -0.0942199 6.7038598 0.0016952 0.0359680 -0.0054700 0.9993365
98.294840 -0.0093849 -0.0973951 6.9515977 0.0004177 0.0250352 0.0032681 0.9996811
100.682000 -0.0084531 -0.1266799 8.4652433 0.0027213 -0.0057786 -0.0037196 0.9999727
101.201000 -0.0136417 -0.1342644 8.7936335 0.0024181 -0.0037268 -0.0052090 0.9999766
101.823600 -0.0165753 -0.1432534 9.1793766 0.0006992 0.0005843 -0.0029135 0.9999954
105.663500 -0.0279756 -0.1892860 11.2392788 -0.0028493 -0.0144053 -0.0021792 0.9998898
106.183100 -0.0344346 -0.1932007 11.4120569 0.0029989 -0.0141451 -0.0050698 0.9998826
106.911100 -0.0373803 -0.1989715 11.6446466 0.0016454 0.0009649 -0.0021459 0.9999959
107.431000 -0.0362393 -0.2023236 11.8059149 0.0009716 0.0070500 -0.0019087 0.9999729
108.782900 -0.0314485 -0.2125364 12.2310162 0.0012636 0.0097600 -0.0002598 0.9999515
110.655000 -0.0091969 -0.2276134 12.8769026 0.0063044 0.0237071 -0.0002855 0.9996991
111.174800 -0.0015472 -0.2325141 13.0720167 0.0054755 0.0212495 -0.0007589 0.9997590
111.694700 0.0033678 -0.2378318 13.2663603 0.0041594 0.0150389 -0.0035291 0.9998720
112.214600 0.0065870 -0.2426965 13.4575310 0.0033585 0.0106285 -0.0032461 0.9999326
112.734600 0.0081606 -0.2472037 13.6374111 0.0040059 0.0082819 -0.0055735 0.9999421
113.150600 0.0089699 -0.2516932 13.7717400 0.0071631 0.0085443 -0.0096325 0.9998915
113.566600 0.0104693 -0.2557138 13.9027719 0.0076945 0.0112868 -0.0122474 0.9998317
113.982500 0.0133403 -0.2599253 14.0290642 0.0036265 0.0100243 -0.0104032 0.9998891
