0.000000 -0.0000000 -0.0000000 -0.0000000 -0.0000000 -0.0000000 0.0000000 1.0000000
0.415622 -0.0033376 -0.0004535 0.0341755 0.0008688 -0.0152906 -0.0009188 0.9998823
0.519499 -0.0045304 -0.0006411 0.0442937 0.0015837 -0.0211796 -0.0010356 0.9997739
0.934622 -0.0141649 -0.0008637 0.0948100 0.0021923 -0.0555280 0.0003631 0.9984546
1.453253 -0.0420500 -0.0029745 0.1725994 0.0050507 -0.1202943 -0.0056210 0.9927095
2.282875 -0.1207046 -0.0047113 0.3025059 0.0047097 -0.2647762 -0.0076355 0.9642681
2.386504 -0.1352983 -0.0052112 0.3190576 0.0033755 -0.2875004 -0.0082557 0.9577390
2.697329 -0.1901740 -0.0065230 0.3649857 0.0021909 -0.3622471 -0.0127922 0.9319918
3.008248 -0.2557606 -0.0060749 0.4083727 -0.0012645 -0.4413894 -0.0070381 0.8972872
3.215751 -0.3089915 -0.0059429 0.4332042 -0.0041946 -0.4942899 -0.0062627 0.8692645
3.423126 -0.3702829 -0.0052530 0.4525264 -0.0064458 -0.5457364 -0.0069247 0.8379035
3.630648 -0.4397276 -0.0045411 0.4679812 -0.0093972 -0.5943046 -0.0077547 0.8041478
3.734395 -0.4763134 -0.0047121 0.4740518 -0.0116815 -0.6166126 -0.0071434 0.7871477
3.838251 -0.5151498 -0.0041934 0.4778498 -0.0123398 -0.6369367 -0.0066385 0.7707887
4.046284 -0.5997350 -0.0025376 0.4800695 -0.0107144 -0.6712115 -0.0086756 0.7411376
4.150266 -0.6441205 -0.0014866 0.4798615 -0.0095357 -0.6852576 -0.0086776 0.7281867
4.358512 -0.7383662 -0.0002515 0.4762804 -0.0081238 -0.7088951 -0.0062828 0.7052391
4.462646 -0.7879643 0.0005142 0.4728205 -0.0071232 -0.7182077 -0.0059604 0.6957667
4.671250 -0.8921954 0.0027320 0.4630326 -0.0057215 -0.7309825 -0.0049752 0.6823540
4.879959 -1.0027769 0.0034092 0.4514626 -0.0061762 -0.7386775 -0.0055750 0.6740077
4.984250 -1.0602713 0.0035186 0.4449597 -0.0059230 -0.7409718 -0.0068627 0.6714749
5.192878 -1.1813084 0.0048718 0.4311600 -0.0071042 -0.7428311 -0.0068968 0.6694057
5.401501 -1.3091329 0.0063863 0.4181080 -0.0092824 -0.7420191 -0.0078019 0.6702691
5.714253 -1.5106906 0.0089115 0.3975305 -0.0069478 -0.7405113 -0.0084813 0.6719545
5.922523 -1.6541770 0.0116792 0.3833559 -0.0089522 -0.7392483 -0.0107708 0.6732873
6.130876 -1.8019588 0.0133731 0.3690175 -0.0084954 -0.7379721 -0.0124007 0.6746637
6.443143 -2.0334029 0.0180490 0.3480680 -0.0078088 -0.7363856 -0.0119649 0.6764112
6.755380 -2.2725406 0.0216824 0.3276963 -0.0087598 -0.7353820 -0.0103963 0.6775164
6.963378 -2.4344957 0.0237370 0.3142907 -0.0064545 -0.7353511 -0.0043904 0.6776413
7.275272 -2.6857266 0.0255877 0.2924632 -0.0113868 -0.7355806 -0.0104721 0.6772606
7.587271 -2.9371278 0.0289434 0.2697529 -0.0108193 -0.7359446 -0.0127271 0.6768357
7.899003 -3.1885302 0.0325636 0.2462676 -0.0099249 -0.7359015 -0.0144562 0.6768615
8.107005 -3.3544455 0.0346208 0.2318124 -0.0071171 -0.7358853 -0.0125617 0.6769524
8.418880 -3.6019108 0.0375411 0.2100828 -0.0068979 -0.7354335 -0.0120940 0.6774538
8.730751 -3.8491037 0.0418027 0.1892579 -0.0116687 -0.7350271 -0.0168190 0.6777287
9.042758 -4.0942769 0.0464412 0.1682065 -0.0084267 -0.7348026 -0.0139174 0.6780859
9.354505 -4.3387547 0.0498595 0.1461771 -0.0044196 -0.7351544 -0.0133814 0.6777532
9.666385 -4.5827484 0.0513912 0.1256951 -0.0065612 -0.7364780 -0.0099828 0.6763560
9.978133 -4.8249283 0.0535849 0.1040932 -0.0110886 -0.7381811 -0.0117870 0.6744086
10.290010 -5.0614357 0.0559179 0.0784468 -0.0039059 -0.7392855 -0.0129567 0.6732561
10.601750 -5.2929707 0.0571663 0.0551115 -0.0034282 -0.7402914 -0.0152346 0.6721048
10.913510 -5.5206180 0.0602230 0.0315560 -0.0056339 -0.7407413 -0.0158911 0.6715788
11.225380 -5.7443552 0.0621517 0.0082620 -0.0077572 -0.7411317 -0.0186026 0.6710570
11.745130 -6.0960736 0.0669277 -0.0284911 -0.0030875 -0.7400882 -0.0148774 0.6723382
12.057260 -6.2871728 0.0682911 -0.0444812 -0.0047640 -0.7343975 -0.0157770 0.6785195
12.473910 -6.5224466 0.0711595 -0.0565060 -0.0040559 -0.7156873 -0.0201136 0.6981194
12.786780 -6.6784248 0.0732193 -0.0473913 -0.0048148 -0.6886156 -0.0192033 0.7248563
13.099880 -6.8137436 0.0739205 -0.0252258 -0.0061260 -0.6463469 -0.0176512 0.7628149
13.308760 -6.8980231 0.0741695 -0.0000503 -0.0081953 -0.6090487 -0.0156235 0.7929366
13.517630 -6.9741774 0.0745763 0.0350239 -0.0099056 -0.5661294 -0.0079871 0.8242182
13.726510 -7.0473304 0.0756714 0.0789969 -0.0107593 -0.5187258 -0.0046858 0.8548601
13.935130 -7.1162872 0.0770810 0.1305759 -0.0137033 -0.4715521 -0.0002137 0.8817317
14.143650 -7.1771073 0.0769111 0.1896646 -0.0156378 -0.4232848 0.0059854 0.9058419
14.352150 -7.2325916 0.0774639 0.2532530 -0.0057540 -0.3719552 0.0071218 0.9282055
14.560630 -7.2837572 0.0772915 0.3261876 0.0007300 -0.3163904 0.0061974 0.9486086
14.769010 -7.3311338 0.0767521 0.4122798 0.0033922 -0.2600684 0.0052071 0.9655702
14.977150 -7.3728876 0.0744790 0.5087078 0.0030080 -0.2095564 0.0014422 0.9777908
15.185010 -7.4106140 0.0730966 0.6146545 0.0039285 -0.1682842 -0.0035873 0.9857242
15.392480 -7.4436383 0.0711699 0.7299098 0.0020419 -0.1398232 -0.0032793 0.9901689
15.599910 -7.4735537 0.0702526 0.8531054 -0.0001926 -0.1196706 -0.0042209 0.9928046
15.807320 -7.5029573 0.0692018 0.9827684 -0.0011352 -0.1050682 -0.0085855 0.9944273
16.014760 -7.5288081 0.0681494 1.1198291 -0.0010120 -0.0914343 -0.0077897 0.9957801
16.222360 -7.5519695 0.0679380 1.2635493 -0.0013744 -0.0769158 -0.0088428 0.9969974
16.326140 -7.5626020 0.0668180 1.3376279 -0.0000651 -0.0705386 -0.0091663 0.9974669
16.533760 -7.5809941 0.0646397 1.4881809 0.0054804 -0.0602628 -0.0088350 0.9981284
16.741260 -7.5988884 0.0625587 1.6453234 0.0025331 -0.0528460 -0.0095731 0.9985536
16.948890 -7.6163960 0.0596266 1.8048608 -0.0033988 -0.0482011 -0.0118147 0.9987620
17.156420 -7.6323681 0.0581343 1.9621193 -0.0023088 -0.0445923 -0.0115332 0.9989361
17.364000 -7.6457367 0.0563649 2.1193361 -0.0047639 -0.0420051 -0.0098841 0.9990572
17.571660 -7.6585512 0.0547643 2.2761130 -0.0038493 -0.0392108 -0.0085139 0.9991873
17.779390 -7.6719580 0.0526469 2.4306941 0.0036279 -0.0374004 -0.0105141 0.9992385
18.090880 -7.6902018 0.0473371 2.6622415 0.0027998 -0.0345367 -0.0130853 0.9993138
18.402390 -7.7064133 0.0433865 2.8930819 -0.0005292 -0.0314410 -0.0122398 0.9994305
18.713910 -7.7208619 0.0398225 3.1220219 0.0009470 -0.0299763 -0.0102927 0.9994972
19.025510 -7.7356968 0.0364068 3.3531020 0.0008875 -0.0292468 -0.0110983 0.9995102
19.337010 -7.7508683 0.0327503 3.5897515 0.0007421 -0.0328115 -0.0107940 0.9994030
19.648510 -7.7706652 0.0287401 3.8268089 0.0051941 -0.0366011 -0.0131404 0.9992301
19.960140 -7.7916589 0.0229970 4.0682826 0.0047195 -0.0395484 -0.0121768 0.9991323
20.271890 -7.8134480 0.0185975 4.3170629 -0.0003975 -0.0414555 -0.0115613 0.9990734
20.583640 -7.8345003 0.0159192 4.5681033 -0.0007229 -0.0393972 -0.0128797 0.9991404
20.895390 -7.8540244 0.0122768 4.8213463 0.0012080 -0.0367442 -0.0090868 0.9992827
21.207140 -7.8730102 0.0098567 5.0742507 -0.0012194 -0.0353612 -0.0062451 0.9993544
21.622900 -7.8984742 0.0013473 5.4034128 0.0088170 -0.0336999 -0.0117445 0.9993241
21.934640 -7.9155197 -0.0053552 5.6469078 0.0016913 -0.0333578 -0.0096167 0.9993958
22.246540 -7.9324441 -0.0097741 5.8871579 0.0006922 -0.0364015 -0.0054241 0.9993223
22.558370 -7.9525232 -0.0155601 6.1225796 0.0041965 -0.0407118 -0.0069769 0.9991378
22.766140 -7.9666910 -0.0195785 6.2756858 0.0080785 -0.0443000 -0.0086224 0.9989484
22.974020 -7.9825425 -0.0238573 6.4281101 0.0073788 -0.0478641 -0.0122485 0.9987515
23.285910 -8.0080509 -0.0296400 6.6527028 -0.0000938 -0.0544302 -0.0134875 0.9984265
23.493760 -8.0265169 -0.0320354 6.7992573 -0.0025314 -0.0605812 -0.0118329 0.9980899
23.701510 -8.0470276 -0.0342338 6.9422283 -0.0016480 -0.0669955 -0.0147798 0.9976425
23.909390 -8.0684633 -0.0363845 7.0814357 0.0016899 -0.0729976 -0.0152096 0.9972147
24.117270 -8.0919380 -0.0381705 7.2209711 0.0000532 -0.0779650 -0.0169617 0.9968118
24.325140 -8.1156378 -0.0404239 7.3572874 -0.0032600 -0.0842984 -0.0163834 0.9963005
24.533020 -8.1405382 -0.0418821 7.4912162 0.0023304 -0.0921780 -0.0149066 0.9956282
24.740760 -8.1687164 -0.0443791 7.6242881 0.0017263 -0.1020792 -0.0132852 0.9946861
24.948510 -8.1995201 -0.0458032 7.7570243 -0.0051776 -0.1139725 -0.0133243 0.9933811
25.156270 -8.2338514 -0.0476892 7.8856101 -0.0044724 -0.1255531 -0.0154727 0.9919562
25.364010 -8.2706432 -0.0483073 8.0120335 0.0026693 -0.1380023 -0.0148572 0.9903169
25.571790 -8.3104000 -0.0490479 8.1405754 -0.0033539 -0.1502317 -0.0141945 0.9885432
25.779520 -8.3540144 -0.0498137 8.2674150 -0.0052282 -0.1628540 -0.0126323 0.9865555
25.987390 -8.3999681 -0.0508269 8.3924980 0.0002555 -0.1735368 -0.0103568 0.9847729
26.195270 -8.4480581 -0.0523250 8.5169725 0.0039839 -0.1813461 -0.0088172 0.9833717
26.403140 -8.5000095 -0.0547738 8.6416931 0.0034278 -0.1895713 -0.0113052 0.9817959
26.611020 -8.5522480 -0.0559034 8.7660904 -0.0041351 -0.1974085 -0.0111545 0.9802491
26.818890 -8.6090450 -0.0571180 8.8886585 -0.0043636 -0.2034505 -0.0199864 0.9788715
27.026890 -8.6633854 -0.0569702 9.0104942 0.0027347 -0.2091504 -0.0155634 0.9777558
27.234770 -8.7214174 -0.0585713 9.1333542 0.0010184 -0.2135748 -0.0186433 0.9767483
27.442660 -8.7802629 -0.0602064 9.2566929 -0.0003269 -0.2192531 -0.0178000 0.9755056
27.650520 -8.8411665 -0.0611611 9.3783178 0.0063377 -0.2242995 -0.0169688 0.9743519
27.858410 -8.9036827 -0.0637452 9.5000439 0.0051704 -0.2288895 -0.0185714 0.9732615
28.066150 -8.9657516 -0.0665049 9.6203613 0.0039898 -0.2337253 -0.0197551 0.9720938
28.377890 -9.0606928 -0.0694129 9.7985239 0.0040614 -0.2406240 -0.0176208 0.9704499
28.689660 -9.1579342 -0.0731084 9.9716177 0.0059992 -0.2474878 -0.0176918 0.9687109
29.001520 -9.2537899 -0.0769539 10.1394157 0.0074729 -0.2537149 -0.0163898 0.9671113
29.313270 -9.3492422 -0.0794859 10.3031063 -0.0041849 -0.2582021 -0.0163276 0.9659439
29.625020 -9.4390135 -0.0809428 10.4546633 -0.0013429 -0.2631064 -0.0132518 0.9646749
29.936770 -9.5238075 -0.0826328 10.5946941 -0.0014440 -0.2669613 -0.0117386 0.9636347
30.248520 -9.6008387 -0.0844150 10.7202024 -0.0029999 -0.2705193 -0.0097032 0.9626610
30.560270 -9.6715240 -0.0855917 10.8276072 0.0015307 -0.2734114 -0.0090909 0.9618530
30.871790 -9.7328053 -0.0871458 10.9221554 0.0006516 -0.2804894 -0.0053792 0.9598418
31.183270 -9.7899694 -0.0874332 11.0021849 -0.0039274 -0.2896995 -0.0117007 0.9570381
31.494660 -9.8377323 -0.0880614 11.0689888 -0.0079712 -0.3036248 -0.0086280 0.9527193
31.805770 -9.8820467 -0.0884522 11.1219864 -0.0089256 -0.3276456 -0.0084457 0.9447208
32.428170 -9.9654627 -0.0884366 11.1954889 0.0028765 -0.3902292 -0.0124256 0.9206294
32.739270 -10.0095654 -0.0880712 11.2281370 -0.0005367 -0.4269260 -0.0110081 0.9042194
33.050400 -10.0574446 -0.0878311 11.2538776 -0.0030205 -0.4674662 -0.0166737 0.8838485
33.361650 -10.1073532 -0.0885932 11.2742290 -0.0040218 -0.5078402 -0.0231601 0.8611305
33.672790 -10.1631727 -0.0882728 11.2921124 -0.0014744 -0.5530079 -0.0207307 0.8329167
33.880040 -10.2086306 -0.0875205 11.3022480 -0.0010609 -0.5880923 -0.0199335 0.8085474
34.191020 -10.2884750 -0.0856017 11.3096704 -0.0003573 -0.6441836 -0.0178991 0.7646614
34.502140 -10.3806257 -0.0831638 11.3055439 -0.0039477 -0.7016206 -0.0182061 0.7123072
34.709660 -10.4474297 -0.0814317 11.2962503 -0.0081797 -0.7391761 -0.0171728 0.6732435
34.917150 -10.5201197 -0.0782826 11.2776928 -0.0104330 -0.7738668 -0.0169818 0.6330347
35.124770 -10.5969410 -0.0754927 11.2512245 -0.0141507 -0.8050615 -0.0151405 0.5928293
35.332520 -10.6754513 -0.0726431 11.2152233 -0.0181424 -0.8329641 -0.0126074 0.5528858
35.540420 -10.7567797 -0.0697253 11.1691437 -0.0207234 -0.8568245 -0.0112376 0.5150690
35.748650 -10.8422003 -0.0667499 11.1120691 0.0210856 0.8747877 0.0111053 -0.4839200
35.957050 -10.9314957 -0.0632230 11.0473623 0.0193218 0.8863533 0.0111949 -0.4624708
36.165670 -11.0253801 -0.0590823 10.9758863 0.0193659 0.8933233 0.0114760 -0.4488505
36.374170 -11.1250324 -0.0559037 10.8981171 0.0207996 0.8982617 0.0117683 -0.4388106
36.582670 -11.2277679 -0.0517750 10.8140602 0.0205912 0.9015268 0.0124529 -0.4320537
36.791110 -11.3343353 -0.0477462 10.7259684 0.0210275 0.9036610 0.0126409 -0.4275451
36.999490 -11.4467049 -0.0433715 10.6328220 0.0218633 0.9045494 0.0126622 -0.4256197
37.207650 -11.5636292 -0.0392065 10.5350504 0.0217870 0.9049451 0.0120723 -0.4247988
37.415890 -11.6850023 -0.0334676 10.4326200 0.0219716 0.9052626 0.0116746 -0.4241233
37.624150 -11.8109398 -0.0288689 10.3265076 0.0219437 0.9056560 0.0142447 -0.4232052
37.936280 -12.0048065 -0.0212767 10.1623440 0.0221311 0.9061835 0.0123525 -0.4221244
38.248280 -12.2069683 -0.0141483 9.9917278 0.0235558 0.9069238 0.0099075 -0.4205189
38.560150 -12.4138937 -0.0084174 9.8131638 0.0198447 0.9074328 0.0069033 -0.4196715
38.768150 -12.5559645 -0.0050249 9.6908817 0.0198220 0.9073630 0.0094838 -0.4197732
39.079900 -12.7708111 0.0009712 9.5067005 0.0224210 0.9075101 0.0112548 -0.4192804
39.391750 -12.9841518 0.0071280 9.3224611 0.0219453 0.9075605 0.0123478 -0.4191657
39.703630 -13.1973457 0.0141401 9.1405697 0.0224521 0.9079220 0.0132263 -0.4183283
40.015280 -13.4081507 0.0207675 8.9573774 0.0230811 0.9084671 0.0123509 -0.4171359
40.326930 -13.6166687 0.0275717 8.7758055 0.0220023 0.9090297 0.0115247 -0.4159904
40.534990 -13.7552719 0.0317155 8.6552753 0.0200111 0.9091809 0.0126629 -0.4157275
40.846410 -13.9620810 0.0379308 8.4741650 0.0177807 0.9083555 0.0120232 -0.4176477
41.158230 -14.1701059 0.0439911 8.2967625 0.0216107 0.9073881 0.0142452 -0.4194960
41.365930 -14.3094587 0.0490098 8.1780281 0.0247977 0.9069356 0.0173341 -0.4201814
41.573580 -14.4468460 0.0547206 8.0600958 0.0227698 0.9069782 0.0132584 -0.4203525
41.781210 -14.5840940 0.0594789 7.9419222 0.0228831 0.9069240 0.0149674 -0.4204060
41.988800 -14.7196751 0.0642406 7.8265238 0.0241530 0.9071466 0.0143560 -0.4198757
42.196450 -14.8544865 0.0685364 7.7108045 0.0238283 0.9074994 0.0145288 -0.4191252
42.404080 -14.9893637 0.0742864 7.5948768 0.0261210 0.9076910 0.0171887 -0.4184726
42.611550 -15.1214924 0.0804486 7.4810748 0.0265536 0.9080268 0.0163034 -0.4177518
42.819190 -15.2527828 0.0859926 7.3672276 0.0251125 0.9081821 0.0154671 -0.4175348
43.026850 -15.3837585 0.0907922 7.2536478 0.0233596 0.9079081 0.0157792 -0.4182203
43.234430 -15.5140057 0.0962574 7.1408114 0.0222421 0.9076082 0.0165495 -0.4189019
43.545910 -15.7080822 0.1035462 6.9746428 0.0214116 0.9072337 0.0155718 -0.4197930
43.753650 -15.8365116 0.1087113 6.8657117 0.0236524 0.9069135 0.0152238 -0.4203769
43.961280 -15.9626360 0.1124777 6.7585855 0.0230924 0.9067909 0.0143538 -0.4207030
44.169050 -16.0877838 0.1165670 6.6522794 0.0227351 0.9065029 0.0113198 -0.4214350
44.480540 -16.2710972 0.1216090 6.4956508 0.0213850 0.9062323 0.0130314 -0.4220378
44.792180 -16.4479427 0.1262870 6.3469677 0.0211782 0.9062757 0.0127139 -0.4219646
45.103550 -16.6172123 0.1311365 6.2024412 0.0209386 0.9063146 0.0132653 -0.4218761
45.311220 -16.7277946 0.1343083 6.1092234 0.0221460 0.9063529 0.0150724 -0.4216714
45.622980 -16.8851013 0.1395478 5.9763913 0.0251092 0.9065765 0.0158014 -0.4209976
45.934310 -17.0316887 0.1443856 5.8512373 0.0261178 0.9072322 0.0155381 -0.4195310
46.245920 -17.1699142 0.1489414 5.7314529 0.0292573 0.9102333 0.0124313 -0.4128737
46.557220 -17.2959900 0.1540709 5.6123424 0.0325326 0.9173704 0.0110181 -0.3965499
46.868310 -17.4099312 0.1574886 5.4943609 0.0376791 0.9286503 0.0090833 -0.3689260
47.179170 -17.5042667 0.1610719 5.3717322 0.0362136 0.9437797 0.0112619 -0.3283925
47.490160 -17.5794334 0.1639246 5.2470198 0.0345510 0.9608688 0.0137013 -0.2744989
47.801160 -17.6296883 0.1656658 5.1230302 0.0227835 0.9779459 0.0147186 -0.2070899
48.112290 -17.6616611 0.1660710 4.9959517 0.0146890 0.9905750 0.0122619 -0.1356283
48.423630 -17.6746883 0.1681010 4.8646936 0.0109816 0.9979969 0.0150151 -0.0604661
48.631190 -17.6704063 0.1692043 4.7775526 0.0052215 0.9997485 0.0195301 -0.0097141
48.838780 -17.6606789 0.1698604 4.6921797 0.0119380 0.9988698 0.0187820 0.0419975
49.046410 -17.6413040 0.1707499 4.6098614 0.0145445 0.9954536 0.0165300 0.0926680
49.254030 -17.6141624 0.1721180 4.5308728 0.0152797 0.9894960 0.0143841 0.1430292
49.461780 -17.5799160 0.1736641 4.4519863 0.0194498 0.9811713 0.0140560 0.1916431
49.669780 -17.5352936 0.1740642 4.3750420 0.0156553 0.9719035 0.0164422 0.2342823
49.878030 -17.4864120 0.1748133 4.2980428 0.0186464 0.9627972 0.0202530 0.2688193
50.086410 -17.4315987 0.1753085 4.2231646 0.0177842 0.9549542 0.0210490 0.2954710
50.295050 -17.3731041 0.1763507 4.1475587 0.0167141 0.9490338 0.0202460 0.3140789
50.503680 -17.3105774 0.1771651 4.0710630 0.0152435 0.9451959 0.0188963 0.3256001
50.608030 -17.2782459 0.1776601 4.0321779 0.0146733 0.9438249 0.0175106 0.3296553
50.816730 -17.2110958 0.1790446 3.9509144 0.0161925 0.9416751 0.0168979 0.3357086
51.025280 -17.1401176 0.1795547 3.8669820 0.0167337 0.9404274 0.0162392 0.3391940
51.233800 -17.0653648 0.1805350 3.7807999 0.0133985 0.9397732 0.0143820 0.3412330
51.442160 -16.9880810 0.1817966 3.6882472 0.0168118 0.9396299 0.0161598 0.3413970
51.650530 -16.9068451 0.1820666 3.5927258 0.0157543 0.9399033 0.0131894 0.3408222
51.858780 -16.8211021 0.1835452 3.4915547 0.0166088 0.9401391 0.0073285 0.3403070
52.066910 -16.7312317 0.1824569 3.3835516 0.0166274 0.9403059 0.0087823 0.3398103
52.379030 -16.5854149 0.1822342 3.2115564 0.0110171 0.9402692 0.0096349 0.3401171
52.587160 -16.4834957 0.1831359 3.0901766 0.0098188 0.9403878 0.0130310 0.3397126
52.899160 -16.3240051 0.1845002 2.8989878 0.0084476 0.9400901 0.0105699 0.3406576
53.211180 -16.1580696 0.1864990 2.7019095 0.0106786 0.9400324 0.0160368 0.3405405
53.419160 -16.0447388 0.1871663 2.5670714 0.0135003 0.9400074 0.0148744 0.3405620
53.731040 -15.8705864 0.1886409 2.3582630 0.0162274 0.9401712 0.0119124 0.3401072
54.042910 -15.6917057 0.1891399 2.1460319 0.0143567 0.9404413 0.0157077 0.3392893
54.354660 -15.5157566 0.1903236 1.9320598 0.0211177 0.9403743 0.0213478 0.3388135
54.666410 -15.3385944 0.1946850 1.7189107 0.0230129 0.9403663 0.0268817 0.3383180
54.978530 -15.1627636 0.1968944 1.5106544 0.0251735 0.9410704 0.0174583 0.3368204
55.290780 -14.9890766 0.1977618 1.3022833 0.0241343 0.9415536 0.0202879 0.3353845
55.601700 -14.8199806 0.1976051 1.0991421 0.0195495 0.9450186 0.0195245 0.3258472
55.809690 -14.7179699 0.1987884 0.9628110 0.0205531 0.9491854 0.0200251 0.3134064
56.122050 -14.5749474 0.2021028 0.7509155 0.0231050 0.9584822 0.0244257 0.2831632
56.330510 -14.4914570 0.2052243 0.6052461 0.0262544 0.9664427 0.0258893 0.2542223
56.538940 -14.4166851 0.2092791 0.4544311 0.0288827 0.9742564 0.0259429 0.2220748
56.747290 -14.3536921 0.2120418 0.3028550 0.0319975 0.9812347 0.0170991 0.1893734
56.955550 -14.2994099 0.2132207 0.1499562 0.0284150 0.9871011 0.0129505 0.1570233
57.163560 -14.2561407 0.2131246 -0.0085897 0.0281724 0.9910561 0.0120704 0.1298787
57.371290 -14.2192516 0.2138097 -0.1690240 0.0292658 0.9934984 0.0118882 0.1093754
57.579070 -14.1868525 0.2147347 -0.3334229 0.0273233 0.9954097 0.0156807 0.0903714
57.786690 -14.1608334 0.2173477 -0.5008160 0.0269416 0.9968537 0.0132301 0.0733604
57.994890 -14.1398058 0.2197823 -0.6711742 0.0314216 0.9975430 0.0135942 0.0611212
58.201850 -14.1208344 0.2230215 -0.8476266 0.0354896 0.9975420 0.0229570 0.0558884
58.409230 -14.1003590 0.2277260 -1.0253752 0.0330321 0.9977196 0.0216487 0.0547330
58.616560 -14.0776224 0.2326562 -1.2072603 0.0264389 0.9980292 0.0178331 0.0540433
58.824030 -14.0550556 0.2371097 -1.3929060 0.0229130 0.9980912 0.0186138 0.0542456
59.031700 -14.0333710 0.2408852 -1.5818150 0.0216812 0.9980397 0.0197647 0.0552812
59.239170 -14.0108452 0.2453569 -1.7727541 0.0198969 0.9980469 0.0180573 0.0563957
59.446780 -13.9874897 0.2487802 -1.9651235 0.0172003 0.9981081 0.0165058 0.0566729
59.654550 -13.9645872 0.2519050 -2.1597764 0.0154993 0.9982117 0.0168047 0.0552332
59.862460 -13.9418640 0.2556136 -2.3543396 0.0146848 0.9983079 0.0169950 0.0536366
60.069690 -13.9204359 0.2585208 -2.5453486 0.0144343 0.9983292 0.0190925 0.0525929
60.381050 -13.8882170 0.2636361 -2.8286409 0.0133994 0.9984540 0.0178365 0.0509119
60.588540 -13.8677225 0.2657427 -3.0165923 0.0132671 0.9985154 0.0175345 0.0498346
60.797000 -13.8479862 0.2686155 -3.2039928 0.0122186 0.9986119 0.0187650 0.0476735
61.003920 -13.8290968 0.2716386 -3.3905206 0.0110274 0.9987785 0.0182230 0.0445855
61.211580 -13.8107080 0.2746995 -3.5766053 0.0105429 0.9989190 0.0183985 0.0413662
61.419200 -13.7964993 0.2783443 -3.7549582 0.0104302 0.9990000 0.0196589 0.0387798
61.626790 -13.7824268 0.2816662 -3.9341836 0.0106778 0.9990897 0.0194975 0.0364075
61.834510 -13.7693615 0.2848137 -4.1120262 0.0107200 0.9991548 0.0190918 0.0347882
62.042070 -13.7556477 0.2883460 -4.2897215 0.0095398 0.9992127 0.0186112 0.0337117
62.249910 -13.7424946 0.2914136 -4.4650402 0.0090911 0.9992962 0.0148512 0.0332250
62.457420 -13.7305050 0.2926477 -4.6398668 0.0098769 0.9992668 0.0150657 0.0337842
62.665290 -13.7176094 0.2953222 -4.8125277 0.0118401 0.9992117 0.0159223 0.0343840
62.872800 -13.7042503 0.2972429 -4.9850698 0.0125089 0.9991636 0.0167364 0.0351499
63.080660 -13.6909790 0.2990990 -5.1550770 0.0120784 0.9991441 0.0163713 0.0360148
63.288240 -13.6776171 0.3008624 -5.3243165 0.0137874 0.9990493 0.0152419 0.0384461
63.495820 -13.6627607 0.3019262 -5.4918528 0.0132124 0.9989683 0.0143193 0.0410203
63.703640 -13.6483355 0.3034492 -5.6569557 0.0128020 0.9989126 0.0141307 0.0425449
63.911420 -13.6327343 0.3047242 -5.8192949 0.0114894 0.9989046 0.0162309 0.0423573
64.119460 -13.6181250 0.3059093 -5.9768453 0.0104396 0.9989569 0.0169514 0.0410951
64.327430 -13.6048956 0.3075427 -6.1300106 0.0091853 0.9990895 0.0169429 0.0380614
64.535560 -13.5944481 0.3089630 -6.2755041 0.0098122 0.9993040 0.0170206 0.0317106
64.743580 -13.5876427 0.3097916 -6.4135451 0.0119625 0.9994789 0.0181640 0.0238500
64.951550 -13.5842276 0.3113757 -6.5455308 0.0145678 0.9995878 0.0186506 0.0162562
65.159520 -13.5820856 0.3134573 -6.6676173 0.0155414 0.9996602 0.0188628 0.0090629
65.471470 -13.5824108 0.3161672 -6.8338051 0.0171777 0.9996900 0.0180205 0.0003701
65.783300 -13.5831099 0.3177299 -6.9776378 0.0192805 0.9996041 0.0193654 -0.0066981
65.991170 -13.5842772 0.3182602 -7.0620050 0.0197909 0.9995461 0.0202259 -0.0103383
66.199080 -13.5868702 0.3202268 -7.1361165 0.0217296 0.9994751 0.0204025 -0.0126975
66.407050 -13.5886021 0.3207505 -7.1981087 0.0218663 0.9994335 0.0217396 -0.0134908
66.614800 -13.5886278 0.3224985 -7.2494893 0.0207538 0.9994694 0.0215425 -0.0128893
67.031610 -13.5893917 0.3232810 -7.3244796 0.0181699 0.9996204 0.0189799 -0.0082811
67.550330 -13.5882635 0.3241367 -7.4010916 0.0165064 0.9996924 0.0184131 -0.0018972
75.663570 -13.5701561 0.3252537 -7.5197964 0.0135462 0.9972573 0.0159927 0.0709831
76.702070 -13.5313606 0.3268402 -7.6047039 0.0116740 0.9863329 0.0166712 0.1635028
77.013440 -13.5068464 0.3274097 -7.6477485 0.0130559 0.9789894 0.0196517 0.2025417
77.324460 -13.4741478 0.3282628 -7.6959357 0.0141058 0.9671645 0.0216386 0.2528354
77.635430 -13.4264488 0.3291625 -7.7503719 0.0126347 0.9478343 0.0184089 0.3179806
77.946530 -13.3549061 0.3302873 -7.8156757 0.0174962 0.9194484 0.0152510 0.3925250
78.257840 -13.2512665 0.3316568 -7.8832703 0.0187203 0.8853139 0.0160656 0.4643389
78.569310 -13.1173973 0.3322992 -7.9456334 0.0183285 0.8446644 0.0228783 0.5344929
78.776930 -13.0120201 0.3330427 -7.9796720 0.0181836 0.8141339 0.0268968 0.5797688
78.984860 -12.8948364 0.3341692 -8.0053864 0.0182761 0.7830054 0.0295135 0.6210455
79.192960 -12.7658062 0.3357072 -8.0229855 0.0204312 0.7551125 0.0290332 0.6546333
79.401310 -12.6249781 0.3366494 -8.0320778 0.0208648 0.7348068 0.0262205 0.6774483
79.610070 -12.4730158 0.3368513 -8.0374622 0.0224202 0.7216495 0.0249986 0.6914437
79.818800 -12.3119240 0.3355614 -8.0390005 0.0250182 0.7116709 0.0248539 0.7016273
80.027420 -12.1421738 0.3338531 -8.0359612 0.0280183 0.7015690 0.0224184 0.7116975
80.235930 -11.9633036 0.3305002 -8.0280638 0.0255163 0.6938793 0.0193979 0.7193776
80.340300 -11.8691788 0.3293170 -8.0230751 0.0240049 0.6919848 0.0175011 0.7213006
80.444550 -11.7736320 0.3278706 -8.0182743 0.0232837 0.6911822 0.0163764 0.7221197
80.653190 -11.5777884 0.3238586 -8.0069981 0.0224197 0.6906984 0.0173650 0.7225866
80.861430 -11.3719845 0.3215438 -7.9965692 0.0228427 0.6879336 0.0177725 0.7251964
81.069680 -11.1589584 0.3184002 -7.9822588 0.0229455 0.6847719 0.0169991 0.7281978
81.277810 -10.9420586 0.3141929 -7.9672503 0.0221939 0.6809652 0.0180943 0.7317557
81.485930 -10.7181768 0.3099362 -7.9481525 0.0203252 0.6776837 0.0207931 0.7347784
81.694050 -10.4897232 0.3059513 -7.9279385 0.0205267 0.6771687 0.0196769 0.7352782
81.902180 -10.2560854 0.3036654 -7.9078918 0.0203903 0.6780484 0.0204982 0.7344484
82.110180 -10.0233135 0.2995163 -7.8883305 0.0201261 0.6786185 0.0228358 0.7338599
82.318180 -9.7932997 0.2964784 -7.8685813 0.0198197 0.6792741 0.0229142 0.7332591
82.526180 -9.5647907 0.2918862 -7.8500905 0.0208623 0.6797611 0.0214476 0.7328231
82.734050 -9.3345375 0.2877954 -7.8313880 0.0198587 0.6803265 0.0218755 0.7323135
82.942060 -9.1051950 0.2843720 -7.8133020 0.0196549 0.6807205 0.0217810 0.7319555
83.149930 -8.8780508 0.2794261 -7.7969666 0.0210807 0.6809326 0.0209269 0.7317434
83.357930 -8.6507378 0.2748646 -7.7800307 0.0182160 0.6810986 0.0222089 0.7316281
83.461930 -8.5375700 0.2736846 -7.7709117 0.0169038 0.6814178 0.0222756 0.7313603
83.669810 -8.3136358 0.2701540 -7.7537260 0.0166169 0.6816508 0.0200975 0.7312128
83.877560 -8.0883226 0.2665465 -7.7371182 0.0160946 0.6818157 0.0198616 0.7310772
84.085580 -7.8659658 0.2621565 -7.7209768 0.0161773 0.6818942 0.0209514 0.7309717
84.293370 -7.6453433 0.2589441 -7.7066765 0.0193530 0.6815882 0.0213508 0.7311684
84.500970 -7.4256492 0.2553850 -7.6907921 0.0196993 0.6799886 0.0229380 0.7325990
84.708560 -7.2090354 0.2512049 -7.6725531 0.0190109 0.6776714 0.0232465 0.7347514
84.916060 -6.9934773 0.2469508 -7.6522579 0.0185089 0.6757299 0.0210681 0.7366157
85.123720 -6.7786903 0.2436849 -7.6314912 0.0179041 0.6741557 0.0210191 0.7380729
85.331180 -6.5681276 0.2405756 -7.6104774 0.0174991 0.6730387 0.0215032 0.7390875
85.538870 -6.3598595 0.2368363 -7.5900030 0.0161409 0.6721725 0.0211540 0.7399162
85.746450 -6.1554966 0.2338089 -7.5695658 0.0155023 0.6725270 0.0199776 0.7396405
85.954220 -5.9506750 0.2304158 -7.5498123 0.0156072 0.6736955 0.0202801 0.7385659
86.161940 -5.7479396 0.2274298 -7.5331964 0.0185609 0.6749870 0.0219512 0.7372694
86.369740 -5.5465522 0.2238945 -7.5157800 0.0199345 0.6767393 0.0233256 0.7355831
86.577490 -5.3454752 0.2206214 -7.4992356 0.0185120 0.6783327 0.0242953 0.7341197
86.785510 -5.1454563 0.2182394 -7.4831977 0.0181818 0.6799087 0.0227439 0.7327184
86.992950 -4.9467773 0.2149537 -7.4674363 0.0195666 0.6814419 0.0204373 0.7313251
87.200570 -4.7488217 0.2112806 -7.4536028 0.0208391 0.6822371 0.0200360 0.7305592
87.408330 -4.5506907 0.2068634 -7.4397736 0.0190985 0.6822681 0.0216318 0.7305323
87.616060 -4.3543572 0.2032322 -7.4252148 0.0161114 0.6817980 0.0205913 0.7310731
87.823570 -4.1590023 0.2006075 -7.4095321 0.0134786 0.6815555 0.0172077 0.7314399
88.135050 -3.8707304 0.1964600 -7.3865881 0.0127127 0.6809675 0.0134237 0.7320802
88.342600 -3.6773982 0.1933287 -7.3712826 0.0130167 0.6805688 0.0166238 0.7323800
88.653930 -3.3923316 0.1899269 -7.3499298 0.0145974 0.6792875 0.0192507 0.7334745
88.861690 -3.2055125 0.1866530 -7.3346882 0.0163908 0.6789807 0.0175570 0.7337632
89.069450 -3.0169802 0.1825862 -7.3190231 0.0170491 0.6787593 0.0178603 0.7339456
89.277420 -2.8318095 0.1779525 -7.3042016 0.0203089 0.6788767 0.0177171 0.7337575
89.485130 -2.6474447 0.1744738 -7.2889323 0.0212204 0.6794998 0.0193427 0.7331136
89.692870 -2.4638653 0.1703403 -7.2750344 0.0198455 0.6801040 0.0217637 0.7325238
89.900710 -2.2826662 0.1665354 -7.2607985 0.0197060 0.6809003 0.0198112 0.7318428
90.108700 -2.1029093 0.1626497 -7.2469063 0.0182115 0.6817654 0.0202954 0.7310625
90.420320 -1.8354387 0.1579020 -7.2274504 0.0183696 0.6827884 0.0212189 0.7300770
90.628220 -1.6604918 0.1550278 -7.2153702 0.0170405 0.6832957 0.0209590 0.7296419
90.940100 -1.4113176 0.1504942 -7.1983619 0.0151886 0.6842075 0.0207446 0.7288340
91.148110 -1.2531428 0.1475584 -7.1884279 0.0144682 0.6838056 0.0212520 0.7292112
91.355930 -1.1050550 0.1460508 -7.1778140 0.0153342 0.6817514 0.0202579 0.7311426
91.563820 -0.9633945 0.1430914 -7.1667223 0.0140607 0.6785330 0.0184547 0.7342034
91.771700 -0.8297788 0.1400384 -7.1534181 0.0154811 0.6741211 0.0177750 0.7382446
91.979540 -0.7041699 0.1376502 -7.1387496 0.0182900 0.6666293 0.0176175 0.7449567
92.291780 -0.5308301 0.1320201 -7.1117330 0.0184323 0.6521693 0.0176298 0.7576441
92.607140 -0.3769430 0.1281758 -7.0801249 0.0172542 0.6323515 0.0160180 0.7743238
92.913890 -0.2359586 0.1237216 -7.0399895 0.0161721 0.6069933 0.0143627 0.7944126
93.121320 -0.1487715 0.1205050 -7.0088921 0.0156273 0.5864430 0.0128902 0.8097371
93.432440 -0.0298817 0.1164004 -6.9539018 0.0191132 0.5437760 0.0101713 0.8389511
93.639690 0.0422566 0.1123988 -6.9104018 0.0193391 0.5043819 0.0132186 0.8631629
93.950650 0.1376448 0.1062019 -6.8322873 0.0170717 0.4356648 0.0078198 0.8999131
94.158110 0.1947522 0.1031317 -6.7735968 0.0202241 0.3875695 0.0091167 0.9215735
94.365720 0.2424979 0.0994589 -6.7085314 0.0152839 0.3397654 0.0026675 0.9403822
94.573250 0.2860601 0.0965954 -6.6382732 0.0097520 0.2900336 0.0006996 0.9569665
94.780820 0.3215168 0.0932082 -6.5633597 0.0029663 0.2407597 0.0018927 0.9705784
94.988570 0.3463025 0.0915932 -6.4838037 -0.0026814 0.1921793 -0.0051409 0.9813427
95.196460 0.3678124 0.0905409 -6.4024897 -0.0009320 0.1457376 -0.0051143 0.9893096
95.300440 0.3759643 0.0901970 -6.3604879 -0.0005952 0.1259619 -0.0054602 0.9920199
95.404570 0.3822595 0.0897487 -6.3174291 -0.0008787 0.1074333 -0.0084627 0.9941759
95.717080 0.3969036 0.0881472 -6.1821694 -0.0013697 0.0652568 -0.0125120 0.9977891
95.925440 0.4043195 0.0871458 -6.0872359 -0.0014504 0.0455591 -0.0114026 0.9988955
96.133950 0.4093584 0.0857779 -5.9879236 -0.0002131 0.0311069 -0.0114903 0.9994500
96.238190 0.4109606 0.0852218 -5.9358482 0.0000506 0.0238207 -0.0119229 0.9996451
96.446460 0.4110597 0.0846402 -5.8266277 0.0002836 0.0103872 -0.0110939 0.9998845
96.654710 0.4093625 0.0831065 -5.7117352 0.0003830 -0.0030729 -0.0099278 0.9999459
96.863080 0.4044251 0.0814006 -5.5895133 0.0015242 -0.0121849 -0.0111907 0.9998620
97.071450 0.3990941 0.0803790 -5.4612026 0.0024720 -0.0172841 -0.0110988 0.9997860
97.279720 0.3925726 0.0779941 -5.3258042 0.0018889 -0.0201775 -0.0106984 0.9997374
97.592070 0.3808199 0.0755160 -5.1157851 -0.0012365 -0.0244408 -0.0088651 0.9996612
97.800340 0.3727402 0.0749093 -4.9744468 -0.0031790 -0.0278731 -0.0073732 0.9995793
98.112320 0.3585018 0.0722622 -4.7617316 -0.0036712 -0.0331748 -0.0051151 0.9994298
98.424320 0.3419904 0.0695266 -4.5512657 -0.0037686 -0.0371722 -0.0051611 0.9992884
98.632320 0.3302078 0.0678503 -4.4103265 -0.0037130 -0.0380377 -0.0057903 0.9992526
98.944340 0.3129601 0.0664274 -4.2002187 -0.0043143 -0.0384321 -0.0056446 0.9992359
99.256070 0.2949950 0.0639921 -3.9920387 -0.0055938 -0.0384898 -0.0051312 0.9992301
99.567940 0.2776029 0.0630886 -3.7867589 -0.0045174 -0.0372442 -0.0053959 0.9992814
99.879940 0.2624529 0.0603173 -3.5855770 -0.0051106 -0.0353632 -0.0047559 0.9993501
100.191800 0.2471689 0.0585521 -3.3924315 -0.0069293 -0.0334621 -0.0055112 0.9994008
100.503700 0.2351265 0.0564760 -3.2113211 -0.0026646 -0.0327874 -0.0056068 0.9994431
100.815600 0.2222197 0.0539130 -3.0343072 -0.0014065 -0.0323611 -0.0075076 0.9994470
101.127400 0.2084018 0.0500144 -2.8639050 -0.0003364 -0.0316904 -0.0090881 0.9994563
101.439300 0.1959022 0.0481649 -2.6952393 -0.0005757 -0.0322712 -0.0092059 0.9994366
101.751200 0.1841684 0.0449580 -2.5296562 0.0001696 -0.0342780 -0.0082025 0.9993787
102.062900 0.1714016 0.0416030 -2.3667686 0.0005169 -0.0369388 -0.0080896 0.9992846
102.374800 0.1577796 0.0381686 -2.2064390 -0.0000904 -0.0396622 -0.0064263 0.9991925
102.686600 0.1435624 0.0357626 -2.0490856 -0.0014772 -0.0421592 -0.0069583 0.9990856
102.894400 0.1339227 0.0343544 -1.9472536 -0.0018563 -0.0431735 -0.0071687 0.9990401
103.206500 0.1205116 0.0321627 -1.8021832 -0.0016340 -0.0422653 -0.0085103 0.9990689
103.518300 0.1079557 0.0291878 -1.6654345 -0.0016539 -0.0399905 -0.0080832 0.9991660
103.830300 0.0972304 0.0272778 -1.5377002 -0.0010352 -0.0380588 -0.0084189 0.9992395
104.142300 0.0882505 0.0252633 -1.4199071 -0.0013518 -0.0365764 -0.0079375 0.9992984
104.455200 0.0798975 0.0231620 -1.3154395 -0.0029901 -0.0351435 -0.0087411 0.9993396
104.766200 0.0733167 0.0216778 -1.2281364 -0.0022177 -0.0340121 -0.0079208 0.9993876
105.078600 0.0677316 0.0201467 -1.1534070 -0.0012477 -0.0331254 -0.0077411 0.9994205
105.390000 0.0628428 0.0189488 -1.0834495 0.0007779 -0.0325021 -0.0072485 0.9994451
106.013700 0.0529023 0.0162786 -0.9468154 -0.0003262 -0.0323183 -0.0063890 0.9994572
106.325500 0.0476946 0.0149529 -0.8807447 -0.0003423 -0.0367786 -0.0052673 0.9993095
106.637700 0.0399462 0.0138003 -0.8166114 -0.0001408 -0.0472917 -0.0063420 0.9988610
106.949400 0.0309204 0.0128130 -0.7532682 0.0002112 -0.0547525 -0.0076767 0.9984704
107.260700 0.0219555 0.0117291 -0.6903291 0.0004988 -0.0603184 -0.0091405 0.9981372
107.885000 0.0070541 0.0093417 -0.5681664 0.0003527 -0.0559913 -0.0095443 0.9983855
108.197100 0.0012174 0.0083405 -0.5088897 0.0006411 -0.0518221 -0.0094159 0.9986117
108.509100 -0.0042059 0.0075301 -0.4492223 0.0011880 -0.0456719 -0.0090615 0.9989147
108.821000 -0.0087822 0.0063706 -0.3831327 0.0029808 -0.0390452 -0.0086852 0.9991953
109.132800 -0.0127026 0.0049340 -0.3081513 0.0022267 -0.0317440 -0.0069886 0.9994691
109.444700 -0.0160628 0.0039036 -0.2249773 0.0006678 -0.0243090 -0.0052258 0.9996906
109.860500 -0.0195947 0.0019008 -0.1045103 -0.0009504 -0.0162235 -0.0038652 0.9998605
111.210200 -0.0334002 -0.0076317 0.3370097 0.0094134 -0.0346323 -0.0039917 0.9993478
111.728700 -0.0667039 -0.0116992 0.4938777 0.0000517 -0.0971017 -0.0091956 0.9952320
112.248300 -0.1108737 -0.0136904 0.6396085 -0.0070835 -0.1309594 -0.0176387 0.9912055
112.665100 -0.1353502 -0.0142933 0.7491280 -0.0101679 -0.1155326 -0.0131364 0.9931648
113.081600 -0.1458221 -0.0150095 0.8136802 -0.0096585 -0.0968212 -0.0124940 0.9951765
113.497700 -0.1480391 -0.0149308 0.8290172 -0.0080136 -0.0915061 -0.0121865 0.9956977
113.913600 -0.1480372 -0.0160173 0.8270546 -0.0034203 -0.0915698 -0.0122872 0.9957170
