0.000000 0.0000000 0.0000000 0.0000000 0.0000000 0.0000000 0.0000000 1.0000000
0.519999 0.0065450 -0.0004775 0.0322426 -0.0028539 0.0680465 -0.0015210 0.9976769
0.624120 0.0095164 -0.0005071 0.0402037 -0.0029109 0.0880060 -0.0001117 0.9961157
0.728245 0.0129362 -0.0003665 0.0486202 -0.0034800 0.1101146 -0.0002645 0.9939128
0.936622 0.0217029 -0.0008433 0.0665835 -0.0087657 0.1592134 0.0005238 0.9872051
1.248998 0.0412428 -0.0005108 0.0948551 -0.0155891 0.2388712 0.0062852 0.9709058
1.353147 0.0496693 -0.0001539 0.1047759 -0.0175955 0.2668336 0.0066385 0.9635591
1.457124 0.0587405 0.0002438 0.1143741 -0.0192420 0.2955040 0.0079933 0.9551142
1.665128 0.0803830 0.0007585 0.1339890 -0.0210532 0.3526424 0.0112743 0.9354534
1.768997 0.0930900 0.0014550 0.1438269 -0.0209247 0.3798909 0.0123552 0.9247121
1.976766 0.1213403 0.0026477 0.1635480 -0.0230684 0.4320378 0.0113680 0.9014888
2.184123 0.1553925 0.0043848 0.1833531 -0.0242506 0.4772297 0.0108707 0.8783767
2.391499 0.1947516 0.0061068 0.2029701 -0.0258109 0.5156696 0.0100391 0.8563398
2.598751 0.2398970 0.0081882 0.2211762 -0.0230525 0.5486211 0.0098527 0.8356952
2.702273 0.2646973 0.0094399 0.2297544 -0.0206827 0.5618271 0.0100345 0.8269352
2.805874 0.2908200 0.0106922 0.2387901 -0.0189962 0.5731329 0.0097548 0.8191842
3.012876 0.3470442 0.0126847 0.2566802 -0.0176501 0.5881878 0.0106518 0.8084615
3.220123 0.4086654 0.0151042 0.2748410 -0.0189034 0.5975173 0.0115024 0.8015507
3.427371 0.4750685 0.0175330 0.2931316 -0.0210322 0.6059325 0.0121412 0.7951453
3.634758 0.5451586 0.0205921 0.3112441 -0.0225551 0.6144610 0.0127499 0.7885216
3.842137 0.6198143 0.0236382 0.3290980 -0.0246328 0.6229669 0.0136621 0.7817409
4.049501 0.6966044 0.0274926 0.3450890 -0.0280619 0.6322017 0.0153221 0.7741439
4.257002 0.7746720 0.0311540 0.3593118 -0.0290641 0.6427445 0.0160692 0.7653604
4.464541 0.8533757 0.0347816 0.3708069 -0.0285196 0.6545908 0.0148923 0.7552984
4.672274 0.9335304 0.0379776 0.3798496 -0.0295182 0.6720609 0.0118084 0.7398130
4.880125 1.0153544 0.0412947 0.3839688 -0.0307808 0.6954842 0.0095877 0.7178178
5.088126 1.0979012 0.0441619 0.3816239 -0.0300345 0.7195846 0.0083880 0.6937042
5.295877 1.1804765 0.0468508 0.3743866 -0.0291893 0.7419529 0.0050105 0.6697976
5.503628 1.2625465 0.0485410 0.3608853 -0.0225244 0.7631907 0.0041558 0.6457672
5.711251 1.3434491 0.0494846 0.3421441 -0.0140829 0.7823595 0.0044362 0.6226520
5.918752 1.4234924 0.0491570 0.3181674 -0.0040020 0.7993084 0.0040046 0.6008944
6.126131 1.5011500 0.0475538 0.2919806 0.0076798 0.8148842 -0.0078137 0.5795202
6.333503 1.5772707 0.0438195 0.2611153 0.0163577 0.8297634 -0.0175897 0.5575982
6.540880 1.6523635 0.0384805 0.2263684 0.0192777 0.8435395 -0.0168832 0.5364555
6.748254 1.7250003 0.0331661 0.1882768 0.0206356 0.8548740 -0.0094024 0.5183398
6.955504 1.7953136 0.0284063 0.1485786 0.0235616 0.8620811 -0.0088410 0.5061452
7.162754 1.8645198 0.0238629 0.1084226 0.0223851 0.8679666 -0.0127327 0.4959544
7.370130 1.9326708 0.0189672 0.0665964 0.0226152 0.8736854 -0.0120046 0.4858171
7.577401 2.0006318 0.0144235 0.0231690 0.0254438 0.8767262 -0.0130891 0.4801381
7.784655 2.0715837 0.0093682 -0.0215764 0.0265118 0.8757159 -0.0134000 0.4819120
7.991881 2.1459913 0.0046967 -0.0661336 0.0246973 0.8721539 -0.0142386 0.4884003
8.199389 2.2245548 -0.0006150 -0.1126977 0.0230270 0.8680921 -0.0153545 0.4956310
8.407006 2.3063180 -0.0063822 -0.1593392 0.0191331 0.8664346 -0.0168481 0.4986394
8.718382 2.4338298 -0.0149315 -0.2325447 0.0165855 0.8669785 -0.0167837 0.4977866
8.925883 2.5192800 -0.0203639 -0.2813380 0.0161391 0.8672467 -0.0161669 0.4973543
9.133505 2.6090446 -0.0263341 -0.3335978 0.0148235 0.8672616 -0.0164690 0.4973594
9.341007 2.6979613 -0.0325648 -0.3850244 0.0140615 0.8670552 -0.0163845 0.4977440
9.548508 2.7873492 -0.0387153 -0.4363763 0.0130432 0.8661185 -0.0143943 0.4994612
9.755883 2.8770030 -0.0441123 -0.4868525 0.0128154 0.8647642 -0.0133101 0.5018381
9.963509 2.9664230 -0.0494752 -0.5375434 0.0132945 0.8637705 -0.0136033 0.5035263
10.171130 3.0537083 -0.0552227 -0.5866835 0.0135441 0.8648492 -0.0162916 0.5015845
10.378880 3.1410897 -0.0613686 -0.6367427 0.0131043 0.8678446 -0.0161353 0.4964007
10.586510 3.2267480 -0.0674705 -0.6879728 0.0113336 0.8709006 -0.0142928 0.4911205
10.794130 3.3109927 -0.0729436 -0.7399207 0.0132456 0.8736511 -0.0159604 0.4861106
11.001750 3.3931420 -0.0786948 -0.7911115 0.0130055 0.8760729 -0.0177759 0.4816753
11.209130 3.4749608 -0.0840760 -0.8434098 0.0113783 0.8777817 -0.0130872 0.4787469
11.312890 3.5157735 -0.0867375 -0.8693965 0.0083713 0.8784996 -0.0088493 0.4775877
11.520390 3.5957556 -0.0909006 -0.9210293 0.0095714 0.8792928 -0.0098928 0.4760827
11.727800 3.6748803 -0.0951136 -0.9732345 0.0144912 0.8797067 -0.0115848 0.4751546
11.935260 3.7537823 -0.0997851 -1.0255505 0.0144962 0.8794678 -0.0094111 0.4756445
12.142640 3.8329420 -0.1035210 -1.0763519 0.0096342 0.8792117 -0.0060136 0.4762960
12.350150 3.9125862 -0.1067782 -1.1264421 0.0023175 0.8785995 -0.0085585 0.4774771
12.557630 3.9912853 -0.1102594 -1.1771027 0.0056696 0.8771532 -0.0068158 0.4801288
12.765050 4.0695438 -0.1133461 -1.2259450 0.0092508 0.8734033 -0.0059695 0.4868731
12.972400 4.1487727 -0.1168477 -1.2736589 0.0113741 0.8681890 -0.0045183 0.4960828
13.179930 4.2299800 -0.1199847 -1.3182116 0.0090195 0.8619164 -0.0027455 0.5069627
13.387430 4.3117027 -0.1230245 -1.3611443 0.0085673 0.8551915 -0.0018361 0.5182381
13.594890 4.3934007 -0.1262705 -1.4015117 0.0106323 0.8480929 -0.0033591 0.5297303
13.802490 4.4752903 -0.1295380 -1.4393859 0.0155850 0.8408880 -0.0085877 0.5409166
14.010030 4.5580149 -0.1336632 -1.4740396 0.0126094 0.8341127 -0.0066024 0.5514104
14.217640 4.6412196 -0.1379159 -1.5072854 0.0118630 0.8288831 -0.0122248 0.5591624
14.425390 4.7248573 -0.1425838 -1.5387845 0.0116242 0.8263249 -0.0189178 0.5627558
14.529260 4.7661586 -0.1452339 -1.5542946 0.0109819 0.8252085 -0.0195147 0.5643841
14.736910 4.8492646 -0.1505078 -1.5851319 0.0082019 0.8219838 -0.0192631 0.5691260
14.944510 4.9330888 -0.1555815 -1.6150662 0.0056192 0.8186924 -0.0170245 0.5739523
15.152010 5.0170202 -0.1601856 -1.6425233 0.0002386 0.8150392 -0.0231302 0.5789439
15.359530 5.1017122 -0.1651746 -1.6709220 0.0035999 0.8105816 -0.0245644 0.5850992
15.567140 5.1866293 -0.1700173 -1.6971238 0.0006585 0.8065780 -0.0226204 0.5906944
15.774640 5.2717900 -0.1749287 -1.7224224 0.0000763 0.8023852 -0.0237009 0.5963357
15.982160 5.3567524 -0.1796233 -1.7465811 0.0011905 0.7981144 -0.0250378 0.6019844
16.189760 5.4414358 -0.1851276 -1.7700177 0.0022782 0.7932999 -0.0226384 0.6084058
16.397260 5.5263028 -0.1890146 -1.7916788 0.0045916 0.7888085 -0.0216480 0.6142406
16.812390 5.6958737 -0.1991384 -1.8300173 0.0017928 0.7819149 -0.0223941 0.6229802
17.020010 5.7812176 -0.2034698 -1.8490334 0.0038752 0.7784969 -0.0200232 0.6273171
17.331410 5.9096375 -0.2101058 -1.8755473 0.0062417 0.7739635 -0.0168194 0.6329761
17.539040 5.9945731 -0.2146899 -1.8914526 0.0050127 0.7722847 -0.0187988 0.6349786
17.746640 6.0796046 -0.2187412 -1.9075359 0.0032842 0.7717724 -0.0163394 0.6356804
17.954270 6.1641445 -0.2226595 -1.9237456 0.0009330 0.7710525 -0.0136719 0.6366240
18.161890 6.2476959 -0.2263148 -1.9392805 0.0035810 0.7706937 -0.0171821 0.6369640
18.369580 6.3302503 -0.2303569 -1.9541259 0.0011592 0.7705002 -0.0184617 0.6371713
18.577160 6.4122319 -0.2343073 -1.9695699 0.0028503 0.7699493 -0.0188469 0.6378204
18.784860 6.4937844 -0.2385289 -1.9832078 -0.0006433 0.7697968 -0.0252547 0.6377889
18.992370 6.5742984 -0.2431945 -1.9978935 0.0017549 0.7696237 -0.0257578 0.6379755
19.199890 6.6541252 -0.2479631 -2.0125275 0.0048240 0.7684640 -0.0223687 0.6394838
19.407390 6.7347560 -0.2526664 -2.0273380 0.0051391 0.7668900 -0.0155666 0.6415692
19.511150 6.7747874 -0.2548041 -2.0342641 0.0058931 0.7656702 -0.0144129 0.6430449
19.718390 6.8543973 -0.2589712 -2.0474012 0.0094355 0.7618148 -0.0165247 0.6475154
19.822140 6.8945098 -0.2608982 -2.0534868 0.0099440 0.7590042 -0.0165365 0.6507998
20.029410 6.9745045 -0.2651272 -2.0644360 0.0094760 0.7520121 -0.0124990 0.6589627
20.236640 7.0537462 -0.2690379 -2.0730534 0.0121081 0.7426004 -0.0122001 0.6695142
20.340390 7.0919929 -0.2710026 -2.0761704 0.0130531 0.7379515 -0.0112939 0.6746330
20.547770 7.1694422 -0.2755455 -2.0808549 0.0149369 0.7286282 -0.0150285 0.6845816
20.651520 7.2075558 -0.2778288 -2.0818465 0.0156913 0.7241299 -0.0208680 0.6891692
20.859140 7.2834525 -0.2829755 -2.0832133 0.0172957 0.7147167 -0.0252174 0.6987454
21.066770 7.3597875 -0.2884290 -2.0824504 0.0124755 0.7068151 -0.0257283 0.7068202
21.274520 7.4338646 -0.2940888 -2.0800438 0.0149659 0.7010956 -0.0332330 0.7121352
21.482520 7.5067596 -0.2999799 -2.0781488 0.0125354 0.6997832 -0.0340511 0.7134331
21.690420 7.5809603 -0.3054821 -2.0764880 0.0102779 0.7016463 -0.0316887 0.7117463
22.002150 7.6886539 -0.3131963 -2.0748670 0.0106535 0.7057796 -0.0308635 0.7076787
22.210070 7.7615004 -0.3182938 -2.0750260 0.0091084 0.7096108 -0.0314312 0.7038335
22.417770 7.8340087 -0.3234759 -2.0759802 0.0085722 0.7136905 -0.0301684 0.6997588
22.625400 7.9056673 -0.3287283 -2.0773664 0.0090372 0.7169476 -0.0325051 0.6963102
22.832900 7.9769425 -0.3341476 -2.0800149 0.0114970 0.7181350 -0.0325255 0.6950483
23.040140 8.0474510 -0.3396127 -2.0824177 0.0116776 0.7165514 -0.0284514 0.6968560
23.247420 8.1157961 -0.3447876 -2.0830443 0.0131735 0.7100978 -0.0272498 0.7034522
23.454650 8.1836176 -0.3494335 -2.0817156 0.0132813 0.6995250 -0.0255305 0.7140284
23.662020 8.2511244 -0.3539003 -2.0776074 0.0071223 0.6877373 -0.0233925 0.7255477
23.869400 8.3174772 -0.3575519 -2.0715830 0.0016897 0.6751764 -0.0179043 0.7374371
24.076780 8.3819866 -0.3605510 -2.0627325 -0.0025029 0.6623104 -0.0160471 0.7490535
24.284160 8.4451790 -0.3626329 -2.0519485 -0.0031577 0.6490258 -0.0151376 0.7606092
24.491650 8.5072298 -0.3645875 -2.0387392 -0.0079013 0.6372175 -0.0157708 0.7704821
24.699270 8.5676489 -0.3661941 -2.0255127 -0.0079524 0.6282958 -0.0124832 0.7778338
24.906780 8.6256084 -0.3681679 -2.0110431 -0.0069495 0.6204309 -0.0183065 0.7840167
25.114270 8.6835413 -0.3699495 -1.9960705 0.0015889 0.6133482 -0.0213453 0.7895225
25.321770 8.7426205 -0.3717132 -1.9793761 -0.0032519 0.6085203 -0.0190454 0.7933031
25.529390 8.8020668 -0.3737602 -1.9619229 -0.0128676 0.6061937 -0.0146228 0.7950785
25.737020 8.8609762 -0.3745902 -1.9453745 -0.0096390 0.6054252 -0.0132660 0.7957332
25.944520 8.9212627 -0.3749494 -1.9287064 -0.0101498 0.6038929 -0.0121373 0.7969084
26.151900 8.9812489 -0.3758081 -1.9109395 -0.0138280 0.6016673 -0.0094672 0.7985709
26.359150 9.0414267 -0.3759572 -1.8928089 -0.0147372 0.5972257 -0.0068314 0.8019088
26.566610 9.1026421 -0.3757895 -1.8731816 -0.0152821 0.5897811 -0.0044708 0.8074062
26.877670 9.1934404 -0.3756724 -1.8400066 -0.0132627 0.5751204 -0.0080659 0.8179215
27.085020 9.2539635 -0.3754305 -1.8162386 -0.0137594 0.5650856 -0.0064098 0.8248926
27.292530 9.3148470 -0.3751323 -1.7904153 -0.0160232 0.5550597 -0.0067546 0.8316287
27.500020 9.3761063 -0.3744724 -1.7621665 -0.0195783 0.5477505 -0.0089580 0.8363647
27.707780 9.4394226 -0.3738101 -1.7339320 -0.0214158 0.5446629 -0.0059959 0.8383602
27.915520 9.5038939 -0.3731422 -1.7052000 -0.0184188 0.5452238 -0.0047949 0.8380744
28.123280 9.5697927 -0.3717675 -1.6763027 -0.0156157 0.5457116 -0.0027853 0.8378229
28.330900 9.6366673 -0.3711799 -1.6472738 -0.0178279 0.5463611 0.0013134 0.8373589
28.538650 9.7037621 -0.3698156 -1.6177444 -0.0188088 0.5478064 0.0020333 0.8363912
28.746150 9.7713337 -0.3689142 -1.5878859 -0.0196902 0.5494879 0.0009703 0.8352690
28.953800 9.8392286 -0.3677868 -1.5585599 -0.0150231 0.5503318 -0.0016602 0.8348092
29.161270 9.9065866 -0.3672177 -1.5289311 -0.0166031 0.5517036 -0.0026644 0.8338708
29.368650 9.9740162 -0.3667506 -1.4999683 -0.0202351 0.5533081 -0.0037302 0.8327225
29.576300 10.0415277 -0.3656823 -1.4723778 -0.0215505 0.5582151 -0.0040603 0.8294064
29.783900 10.1099100 -0.3652738 -1.4460585 -0.0196776 0.5665691 -0.0033071 0.8237726
29.991660 10.1777821 -0.3642582 -1.4214194 -0.0197175 0.5761930 -0.0056601 0.8170562
30.199280 10.2472906 -0.3632382 -1.3987317 -0.0223507 0.5845441 0.0023265 0.8110507
30.406780 10.3167429 -0.3614092 -1.3761561 -0.0270889 0.5893071 0.0025456 0.8074508
30.614030 10.3864908 -0.3590843 -1.3538051 -0.0273911 0.5912462 0.0037719 0.8060170
30.821410 10.4558506 -0.3569982 -1.3312049 -0.0273474 0.5918442 0.0014831 0.8055870
31.028780 10.5263481 -0.3545772 -1.3083096 -0.0285668 0.5910264 0.0017796 0.8061443
31.236300 10.5971556 -0.3525167 -1.2860546 -0.0278536 0.5895515 0.0043502 0.8072386
31.443650 10.6681871 -0.3499274 -1.2625673 -0.0295881 0.5864082 0.0048672 0.8094605
31.651030 10.7401133 -0.3466342 -1.2373574 -0.0338158 0.5821891 0.0066614 0.8123226
31.858530 10.8111057 -0.3435645 -1.2118149 -0.0347806 0.5785014 0.0032185 0.8149332
32.066030 10.8822336 -0.3398560 -1.1847193 -0.0348159 0.5747989 -0.0024625 0.8175500
32.273410 10.9536924 -0.3374265 -1.1574478 -0.0357831 0.5711704 -0.0040917 0.8200410
32.480910 11.0250731 -0.3345222 -1.1297982 -0.0349324 0.5673705 -0.0052294 0.8227047
32.688280 11.0963602 -0.3320026 -1.1016862 -0.0339958 0.5635986 -0.0032864 0.8253424
32.895660 11.1678009 -0.3291415 -1.0725238 -0.0323724 0.5599329 -0.0035562 0.8278977
33.103170 11.2391644 -0.3263928 -1.0418417 -0.0362134 0.5560161 -0.0057064 0.8303627
33.310530 11.3099909 -0.3244702 -1.0121927 -0.0308647 0.5522406 -0.0072811 0.8330815
33.518170 11.3809223 -0.3216611 -0.9803135 -0.0340644 0.5493327 -0.0126442 0.8348134
33.725530 11.4534597 -0.3187166 -0.9489889 -0.0423336 0.5473925 -0.0046676 0.8357915
33.933050 11.5244465 -0.3150719 -0.9168658 -0.0481745 0.5457767 -0.0029086 0.8365397
34.140410 11.5949984 -0.3107270 -0.8850698 -0.0431239 0.5425065 -0.0055828 0.8389254
34.347780 11.6656628 -0.3073516 -0.8524652 -0.0397625 0.5385466 -0.0068172 0.8416294
34.555160 11.7363930 -0.3035969 -0.8185558 -0.0387305 0.5349963 -0.0064698 0.8439414
34.762530 11.8068743 -0.3001379 -0.7847610 -0.0423758 0.5320708 -0.0021494 0.8456361
34.970030 11.8777752 -0.2959293 -0.7501016 -0.0462984 0.5299788 0.0018202 0.8467441
35.177560 11.9488239 -0.2908338 -0.7151375 -0.0492313 0.5284578 0.0043132 0.8475199
35.385050 12.0181189 -0.2864935 -0.6796541 -0.0426726 0.5271809 -0.0061617 0.8486586
35.592410 12.0888939 -0.2820638 -0.6439805 -0.0399064 0.5270010 -0.0073304 0.8488955
35.799780 12.1604795 -0.2784685 -0.6078982 -0.0427913 0.5261468 -0.0049454 0.8493021
36.007180 12.2317390 -0.2742922 -0.5726042 -0.0403668 0.5250604 -0.0020201 0.8501047
36.214530 12.3030033 -0.2705827 -0.5366697 -0.0443726 0.5239133 -0.0008054 0.8506147
36.525780 12.4094791 -0.2641611 -0.4814754 -0.0416784 0.5222569 -0.0023121 0.8517660
36.733280 12.4808273 -0.2598933 -0.4447765 -0.0431106 0.5196226 0.0001187 0.8533075
36.940790 12.5515404 -0.2553588 -0.4071598 -0.0430142 0.5159564 0.0014284 0.8555330
37.252040 12.6575308 -0.2487525 -0.3490396 -0.0404418 0.5093654 -0.0027120 0.8595952
37.563030 12.7627106 -0.2431112 -0.2885847 -0.0360638 0.4966497 0.0025745 0.8671977
37.770280 12.8314133 -0.2389492 -0.2455053 -0.0365423 0.4834048 0.0036318 0.8746263
37.977790 12.8990526 -0.2347074 -0.2000818 -0.0404563 0.4698596 0.0058984 0.8817939
38.185280 12.9644051 -0.2301639 -0.1523533 -0.0421271 0.4597282 0.0007208 0.8870596
38.393160 13.0301456 -0.2254696 -0.1039200 -0.0434166 0.4555092 -0.0045320 0.8891602
38.601160 13.0958967 -0.2213888 -0.0555229 -0.0440726 0.4609357 -0.0130660 0.8862422
38.913290 13.1969528 -0.2158712 0.0107369 -0.0403978 0.4766575 -0.0114599 0.8780856
39.121160 13.2662277 -0.2126541 0.0543251 -0.0416683 0.4866812 -0.0117649 0.8725060
39.432660 13.3704338 -0.2081979 0.1161389 -0.0378233 0.4992886 -0.0112476 0.8655367
39.743820 13.4781179 -0.2024593 0.1774721 -0.0452546 0.5075275 -0.0115824 0.8603683
40.055040 13.5864658 -0.1967596 0.2375841 -0.0450320 0.5120549 -0.0175455 0.8575920
40.366160 13.6935978 -0.1924961 0.2957611 -0.0374721 0.5140195 -0.0237531 0.8566303
40.677280 13.8041458 -0.1888318 0.3544679 -0.0400555 0.5142015 -0.0199179 0.8565020
40.988410 13.9154730 -0.1841906 0.4154835 -0.0413290 0.5097969 -0.0188210 0.8590953
41.195790 13.9893332 -0.1812490 0.4574471 -0.0428128 0.5062855 -0.0203705 0.8610616
41.506790 14.0999279 -0.1765751 0.5211167 -0.0369540 0.4994903 -0.0204845 0.8652885
41.817920 14.2113085 -0.1718671 0.5890179 -0.0397480 0.4888776 -0.0199869 0.8712171
42.128920 14.3212929 -0.1662667 0.6607380 -0.0492391 0.4782151 -0.0191677 0.8766518
42.440040 14.4309483 -0.1599295 0.7349629 -0.0405814 0.4661429 -0.0233544 0.8834696
42.647420 14.5037327 -0.1571670 0.7856121 -0.0332241 0.4585820 -0.0207193 0.8877891
42.958540 14.6129742 -0.1529223 0.8651476 -0.0358707 0.4467203 -0.0099745 0.8938987
43.166060 14.6847324 -0.1491318 0.9212341 -0.0387460 0.4392774 -0.0080228 0.8974797
43.373560 14.7552681 -0.1446765 0.9791126 -0.0421116 0.4321072 -0.0119338 0.9007595
43.581040 14.8260784 -0.1401952 1.0375209 -0.0423077 0.4270842 -0.0104676 0.9031609
43.788690 14.8965254 -0.1356278 1.0965915 -0.0377000 0.4215542 -0.0106032 0.9059572
43.996060 14.9666014 -0.1312411 1.1573105 -0.0408010 0.4167928 -0.0112117 0.9080161
44.203560 15.0363932 -0.1266987 1.2190008 -0.0430535 0.4117568 -0.0110656 0.9102089
44.411040 15.1052799 -0.1220422 1.2816076 -0.0387905 0.4065812 -0.0134555 0.9126916
44.618540 15.1744175 -0.1180320 1.3442960 -0.0370642 0.4014998 -0.0087917 0.9150666
44.826160 15.2427006 -0.1141174 1.4078412 -0.0351421 0.3957224 -0.0042727 0.9176876
45.033540 15.3099957 -0.1101232 1.4723692 -0.0359426 0.3905434 -0.0010661 0.9198820
45.241040 15.3761730 -0.1055382 1.5379691 -0.0348670 0.3858380 -0.0012082 0.9219067
45.448540 15.4416618 -0.1015004 1.6034217 -0.0343033 0.3807889 0.0002406 0.9240255
45.656170 15.5057507 -0.0972672 1.6701655 -0.0344115 0.3758145 0.0001328 0.9260558
45.863670 15.5691357 -0.0925869 1.7369061 -0.0362328 0.3710651 0.0003673 0.9278997
46.071290 15.6317577 -0.0878030 1.8048449 -0.0393483 0.3675053 -0.0013994 0.9291876
46.278790 15.6942005 -0.0827112 1.8721209 -0.0420500 0.3649899 -0.0004286 0.9300613
46.486540 15.7558346 -0.0776994 1.9391918 -0.0354551 0.3635702 -0.0015497 0.9308906
46.694170 15.8182659 -0.0731263 2.0073171 -0.0369323 0.3644651 -0.0014542 0.9304833
46.901920 15.8809242 -0.0682271 2.0750337 -0.0399342 0.3670164 -0.0004673 0.9293568
47.109670 15.9441185 -0.0632087 2.1423321 -0.0387649 0.3722106 -0.0040100 0.9273297
47.317420 16.0085106 -0.0584604 2.2087131 -0.0359666 0.3790714 -0.0059629 0.9246489
47.525050 16.0749874 -0.0547732 2.2750683 -0.0367466 0.3868137 -0.0065328 0.9214023
47.732670 16.1431999 -0.0496339 2.3415642 -0.0424147 0.3947081 -0.0066956 0.9178026
48.043920 16.2471886 -0.0415609 2.4379468 -0.0416196 0.4063591 -0.0110862 0.9126978
48.355050 16.3534489 -0.0356190 2.5307913 -0.0400480 0.4161688 -0.0099940 0.9083501
48.666190 16.4628086 -0.0282246 2.6241832 -0.0419268 0.4242541 -0.0092713 0.9045246
48.873550 16.5364285 -0.0233147 2.6851759 -0.0435365 0.4289153 -0.0115925 0.9022205
49.184670 16.6493683 -0.0153684 2.7768774 -0.0441032 0.4351124 -0.0147823 0.8991738
49.392050 16.7252769 -0.0109348 2.8361573 -0.0444315 0.4385223 -0.0142728 0.8975078
49.703170 16.8404312 -0.0034870 2.9259553 -0.0466166 0.4438818 -0.0151828 0.8947431
49.910550 16.9170628 0.0010780 2.9842582 -0.0456507 0.4472954 -0.0172078 0.8930547
50.117990 16.9947453 0.0056707 3.0418997 -0.0468289 0.4489097 -0.0136858 0.8922443
50.325300 17.0730171 0.0116874 3.0995641 -0.0510621 0.4495609 -0.0081245 0.8917520
50.428990 17.1112366 0.0145288 3.1280870 -0.0500996 0.4501371 -0.0079698 0.8915173
50.636450 17.1882057 0.0198743 3.1850262 -0.0430597 0.4509841 -0.0096503 0.8914405
50.843990 17.2660732 0.0249482 3.2421951 -0.0412402 0.4521992 -0.0069811 0.8909357
50.947600 17.3052483 0.0273137 3.2708535 -0.0425954 0.4527620 -0.0049545 0.8905996
51.154950 17.3831902 0.0326198 3.3269100 -0.0444348 0.4534105 -0.0006774 0.8901933
51.362310 17.4597244 0.0380521 3.3825512 -0.0426485 0.4535470 0.0007453 0.8902110
51.569680 17.5367374 0.0433409 3.4386282 -0.0414621 0.4533600 0.0009022 0.8903621
51.776930 17.6142673 0.0489696 3.4946675 -0.0427451 0.4536251 0.0030854 0.8901616
52.088050 17.7306061 0.0573730 3.5785575 -0.0407276 0.4542062 0.0037161 0.8899574
52.295430 17.8077850 0.0628060 3.6347079 -0.0413831 0.4541757 0.0064541 0.8899271
52.502930 17.8836651 0.0683870 3.6892796 -0.0402693 0.4538582 0.0114744 0.8900896
52.710430 17.9595833 0.0745993 3.7434349 -0.0380657 0.4532101 0.0179903 0.8904089
52.917930 18.0340519 0.0807422 3.7974238 -0.0386063 0.4519706 0.0207747 0.8909549
53.125430 18.1073532 0.0870793 3.8517022 -0.0393617 0.4507489 0.0219733 0.8915118
53.332930 18.1786213 0.0931778 3.9045186 -0.0392829 0.4492913 0.0234693 0.8922126
53.540300 18.2476387 0.0992767 3.9562488 -0.0428094 0.4480352 0.0245118 0.8926539
53.747800 18.3144646 0.1059911 4.0072737 -0.0512454 0.4479814 0.0219154 0.8923039
53.955300 18.3784351 0.1131729 4.0559287 -0.0560641 0.4482017 0.0170865 0.8920090
54.162800 18.4395638 0.1201577 4.1023769 -0.0581584 0.4489144 0.0125802 0.8915914
54.370180 18.4989872 0.1268469 4.1469297 -0.0566171 0.4496938 0.0116399 0.8913106
54.577570 18.5566406 0.1332616 4.1896920 -0.0561416 0.4502390 0.0116446 0.8910653
54.785060 18.6129494 0.1393354 4.2311482 -0.0568227 0.4527687 0.0110097 0.8897474
54.992680 18.6682110 0.1454654 4.2709188 -0.0590048 0.4584738 0.0093846 0.8866974
55.200180 18.7219009 0.1508665 4.3084288 -0.0573531 0.4647193 0.0054725 0.8835818
55.407810 18.7759876 0.1565195 4.3448310 -0.0546357 0.4727747 0.0013464 0.8794869
55.615430 18.8322525 0.1621854 4.3803310 -0.0597368 0.4832127 0.0009931 0.8734621
55.822930 18.8897800 0.1678839 4.4150543 -0.0638137 0.4934172 0.0034571 0.8674418
56.030430 18.9489136 0.1743219 4.4483852 -0.0627298 0.5029864 0.0048618 0.8620012
56.237800 19.0093212 0.1804429 4.4805632 -0.0558963 0.5101077 0.0067911 0.8582655
56.445350 19.0714092 0.1867174 4.5124831 -0.0542260 0.5151653 0.0123418 0.8552847
56.652940 19.1356983 0.1943078 4.5453668 -0.0669424 0.5190225 0.0207279 0.8518831
56.860440 19.2010632 0.2029562 4.5785670 -0.0746797 0.5236998 0.0244824 0.8482700
57.068060 19.2663898 0.2124715 4.6103325 -0.0739713 0.5287486 0.0231957 0.8452308
57.275560 19.3343124 0.2224820 4.6418524 -0.0764086 0.5340654 0.0285406 0.8414994
57.483060 19.4023628 0.2326722 4.6721554 -0.0765265 0.5391718 0.0335374 0.8380409
57.690560 19.4694405 0.2431121 4.7011843 -0.0748467 0.5443537 0.0337535 0.8348280
57.898200 19.5354519 0.2532372 4.7294688 -0.0756870 0.5508888 0.0330479 0.8304823
58.105810 19.6009636 0.2629430 4.7554827 -0.0746807 0.5594634 0.0339352 0.8247860
58.313440 19.6653919 0.2725053 4.7795215 -0.0755420 0.5683494 0.0345270 0.8185843
58.521060 19.7288017 0.2812409 4.8013520 -0.0720965 0.5773126 0.0332428 0.8126544
58.832680 19.8226948 0.2936723 4.8314881 -0.0670286 0.5952591 0.0198745 0.8004866
59.040430 19.8867855 0.3007684 4.8476853 -0.0619112 0.6116041 0.0193806 0.7884997
59.248190 19.9517460 0.3070776 4.8608766 -0.0529590 0.6285226 0.0185639 0.7757641
59.559560 20.0534077 0.3158965 4.8761063 -0.0481393 0.6508060 0.0222157 0.7573907
59.766940 20.1240826 0.3222647 4.8847599 -0.0540566 0.6614420 0.0284512 0.7475044
59.974310 20.1942844 0.3291726 4.8924351 -0.0578326 0.6680203 0.0300232 0.7412846
60.181800 20.2660809 0.3370373 4.8993897 -0.0617633 0.6737076 0.0308222 0.7357672
60.389310 20.3372955 0.3442950 4.9064565 -0.0658293 0.6787266 0.0199968 0.7311613
60.596810 20.4075966 0.3508716 4.9117150 -0.0547837 0.6826152 0.0060112 0.7286969
60.804180 20.4812908 0.3571473 4.9174662 -0.0636980 0.6839911 0.0043182 0.7266912
61.011600 20.5535412 0.3620032 4.9229956 -0.0617519 0.6823371 -0.0011452 0.7284240
61.218940 20.6238213 0.3663027 4.9285145 -0.0470615 0.6788225 -0.0176696 0.7325796
61.426430 20.6951942 0.3693762 4.9355226 -0.0551264 0.6760072 -0.0158893 0.7346584
61.737600 20.7972736 0.3729966 4.9451041 -0.0498077 0.6731934 -0.0150577 0.7376335
61.945060 20.8630676 0.3748142 4.9513292 -0.0448405 0.6713384 -0.0155036 0.7396308
62.152610 20.9270020 0.3761616 4.9577436 -0.0397517 0.6714589 -0.0178296 0.7397600
62.463960 21.0209560 0.3774989 4.9683347 -0.0403142 0.6748269 -0.0262533 0.7364062
62.775810 21.1100559 0.3770827 4.9734435 -0.0398502 0.6924077 -0.0298563 0.7197862
63.191440 21.2189770 0.3755606 4.9718137 -0.0347776 0.7180731 -0.0272315 0.6945646
63.607060 21.3113003 0.3734354 4.9638081 -0.0326309 0.7432003 -0.0285807 0.6676614
64.022190 21.3838844 0.3707364 4.9523525 -0.0164459 0.7610915 -0.0387877 0.6472749
64.437070 21.4430733 0.3669995 4.9399428 -0.0068313 0.7711317 -0.0327798 0.6357946
64.851690 21.4899635 0.3641551 4.9315786 -0.0154284 0.7765673 -0.0356108 0.6288378
65.370060 21.5277214 0.3613229 4.9230189 -0.0083659 0.7775230 -0.0356425 0.6277878
65.784810 21.5556641 0.3600865 4.9164944 -0.0031348 0.7723628 -0.0274317 0.6345813
66.095940 21.5763168 0.3588628 4.9141293 -0.0049440 0.7677582 -0.0322547 0.6399083
66.718090 21.6320724 0.3565678 4.9085269 -0.0143664 0.7524146 -0.0346062 0.6576232
67.029070 21.6671829 0.3545801 4.9046254 -0.0103231 0.7395447 -0.0276257 0.6724611
67.443690 21.7186852 0.3527316 4.9043236 -0.0095806 0.7130966 -0.0253861 0.7005405
67.754690 21.7615604 0.3521276 4.9086137 -0.0116258 0.6884373 -0.0327413 0.7244632
68.065690 21.8093185 0.3502538 4.9157500 -0.0120932 0.6600271 -0.0297955 0.7505533
68.376700 21.8619804 0.3489065 4.9280801 -0.0139722 0.6299177 -0.0296960 0.7759681
68.687820 21.9209785 0.3476926 4.9457989 -0.0135160 0.6012442 -0.0276132 0.7984737
68.999070 21.9862251 0.3466187 4.9699140 -0.0138185 0.5777119 -0.0268484 0.8156820
69.310320 22.0576439 0.3457208 4.9991560 -0.0111463 0.5547613 -0.0219745 0.8316447
69.621440 22.1337337 0.3444614 5.0353150 -0.0099379 0.5325335 -0.0208999 0.8460925
70.036720 22.2435303 0.3433815 5.0944376 -0.0138634 0.5122071 -0.0205635 0.8585038
70.451940 22.3641605 0.3428062 5.1628380 -0.0165381 0.5033633 -0.0214462 0.8636504
70.763330 22.4607067 0.3423520 5.2189288 -0.0150145 0.4994649 -0.0210800 0.8659475
71.074690 22.5623226 0.3418600 5.2780299 -0.0123614 0.4955360 -0.0211225 0.8682425
71.385950 22.6678276 0.3404371 5.3406367 -0.0099199 0.4925632 -0.0185517 0.8700224
71.697200 22.7756424 0.3382521 5.4067640 -0.0066266 0.4912783 -0.0209304 0.8707259
72.008470 22.8880405 0.3366573 5.4756460 -0.0098553 0.4907771 -0.0201545 0.8709962
72.319700 23.0050659 0.3347312 5.5468779 -0.0068559 0.4898612 -0.0174717 0.8715984
72.630950 23.1271400 0.3324166 5.6213470 -0.0065908 0.4884235 -0.0160927 0.8724334
72.942200 23.2527695 0.3304253 5.6986232 -0.0062853 0.4871879 -0.0170643 0.8731078
73.253450 23.3807144 0.3279471 5.7787333 -0.0082584 0.4887802 -0.0202174 0.8721336
73.564950 23.5119476 0.3242235 5.8591185 -0.0086405 0.4983118 -0.0278647 0.8665069
73.876700 23.6491966 0.3200978 5.9359789 -0.0107832 0.5178121 -0.0324269 0.8548116
74.084450 23.7423763 0.3168875 5.9830475 -0.0135888 0.5329064 -0.0331643 0.8454149
74.292330 23.8383751 0.3139055 6.0266123 -0.0111326 0.5487010 -0.0365008 0.8351473
74.500110 23.9368362 0.3101339 6.0665903 -0.0114672 0.5664826 -0.0371106 0.8231578
74.603820 23.9868622 0.3079409 6.0846062 -0.0115490 0.5760645 -0.0362957 0.8165163
74.811700 24.0881081 0.3036892 6.1179600 -0.0079647 0.5968022 -0.0413368 0.8012833
75.019330 24.1909237 0.2972726 6.1456366 -0.0063960 0.6189460 -0.0476347 0.7839617
75.123330 24.2424240 0.2933860 6.1571488 -0.0038084 0.6311332 -0.0476139 0.7742023
75.330950 24.3469582 0.2849872 6.1746998 -0.0018121 0.6535181 -0.0506159 0.7552144
75.538570 24.4536705 0.2758456 6.1866837 0.0041875 0.6736060 -0.0519434 0.7372512
75.642200 24.5079842 0.2708976 6.1905336 0.0058183 0.6824739 -0.0514970 0.7290703
75.849580 24.6165047 0.2607276 6.1949015 0.0071286 0.6985445 -0.0530329 0.7135631
76.056950 24.7254124 0.2497871 6.1943488 0.0097249 0.7135442 -0.0538948 0.6984664
76.264200 24.8360138 0.2384498 6.1898890 0.0114973 0.7245023 -0.0491357 0.6874226
76.471330 24.9472561 0.2267799 6.1825762 0.0172786 0.7295695 -0.0481120 0.6819934
76.678580 25.0598145 0.2152367 6.1749320 0.0169242 0.7323081 -0.0491958 0.6789832
76.885860 25.1725330 0.2026658 6.1675234 0.0191594 0.7347886 -0.0506494 0.6761311
77.093250 25.2863636 0.1898842 6.1581850 0.0207726 0.7369930 -0.0504812 0.6736924
77.300580 25.4027996 0.1776435 6.1481113 0.0179882 0.7388228 -0.0482308 0.6719308
77.507830 25.5206623 0.1649377 6.1379700 0.0188227 0.7393547 -0.0515295 0.6710775
77.715200 25.6404247 0.1511366 6.1262403 0.0206902 0.7389466 -0.0516681 0.6714613
77.922710 25.7617702 0.1373806 6.1149244 0.0196864 0.7387955 -0.0530413 0.6715507
78.130080 25.8851910 0.1232612 6.1047316 0.0183186 0.7400279 -0.0534614 0.6701977
78.337450 26.0096989 0.1089036 6.0933590 0.0187622 0.7417328 -0.0534861 0.6682960
78.544830 26.1363125 0.0941331 6.0802388 0.0187543 0.7434385 -0.0535192 0.6663956
78.752330 26.2654896 0.0794482 6.0667610 0.0177780 0.7458640 -0.0539349 0.6636729
78.959710 26.3956547 0.0646672 6.0520802 0.0169650 0.7483438 -0.0538957 0.6609001
79.167080 26.5271263 0.0497110 6.0362659 0.0173263 0.7501611 -0.0544291 0.6587834
79.374460 26.6599827 0.0342445 6.0192552 0.0181462 0.7518472 -0.0546373 0.6568190
79.581950 26.7948513 0.0180809 6.0017066 0.0183503 0.7539411 -0.0545574 0.6544154
79.789450 26.9307632 0.0022137 5.9826670 0.0184502 0.7563537 -0.0543774 0.6516377
79.996970 27.0684299 -0.0139410 5.9628983 0.0188344 0.7589893 -0.0544842 0.6485460
80.204330 27.2077751 -0.0304501 5.9420624 0.0195740 0.7607115 -0.0546850 0.6464862
80.411710 27.3487549 -0.0472164 5.9197216 0.0198550 0.7618667 -0.0546331 0.6451202
80.619080 27.4913845 -0.0644047 5.8971338 0.0206939 0.7627688 -0.0545105 0.6440373
80.826440 27.6367664 -0.0821195 5.8724556 0.0210343 0.7634854 -0.0530704 0.6432970
80.930080 27.7095509 -0.0907772 5.8605680 0.0210027 0.7638289 -0.0536838 0.6428393
81.033840 27.7832718 -0.0995755 5.8484292 0.0207785 0.7642890 -0.0536865 0.6422992
81.137500 27.8571243 -0.1085818 5.8360314 0.0196962 0.7647346 -0.0531742 0.6418453
81.241210 27.9312859 -0.1173103 5.8238726 0.0191895 0.7653397 -0.0522391 0.6412160
81.344940 28.0056610 -0.1261973 5.8109956 0.0198687 0.7654850 -0.0518164 0.6410561
81.552330 28.1534424 -0.1437335 5.7857614 0.0212829 0.7656040 -0.0522961 0.6408297
81.759710 28.3025684 -0.1622641 5.7605371 0.0204379 0.7658873 -0.0524308 0.6405076
81.967080 28.4511929 -0.1803844 5.7348156 0.0212369 0.7655439 -0.0536017 0.6407951
82.070830 28.5254307 -0.1897721 5.7216582 0.0222803 0.7652262 -0.0531192 0.6411793
82.278210 28.6739483 -0.2079489 5.6957855 0.0230290 0.7639781 -0.0510701 0.6428056
82.485710 28.8217125 -0.2260454 5.6710253 0.0224662 0.7629777 -0.0507419 0.6440385
82.589430 28.8955498 -0.2352226 5.6591864 0.0226336 0.7628156 -0.0501185 0.6442735
82.796920 29.0416088 -0.2526283 5.6352262 0.0232032 0.7620979 -0.0503915 0.6450807
83.004230 29.1882992 -0.2708731 5.6116028 0.0223138 0.7615829 -0.0511790 0.6456581
83.107850 29.2614517 -0.2797766 5.6003876 0.0212226 0.7614135 -0.0515236 0.6458672
83.315210 29.4088440 -0.2973847 5.5773063 0.0219078 0.7612922 -0.0490525 0.6461797
83.522590 29.5549240 -0.3152814 5.5540371 0.0256966 0.7607686 -0.0465784 0.6468394
83.729960 29.6998825 -0.3325384 5.5316463 0.0258291 0.7604718 -0.0489387 0.6470089
83.937350 29.8457336 -0.3503232 5.5090427 0.0235597 0.7597347 -0.0494770 0.6479198
84.144710 29.9911823 -0.3681388 5.4867525 0.0220954 0.7590660 -0.0509910 0.6486375
84.352100 30.1376648 -0.3853838 5.4643846 0.0207001 0.7587802 -0.0510445 0.6490135
84.559380 30.2817688 -0.4026458 5.4424262 0.0225266 0.7589111 -0.0505218 0.6488405
84.662980 30.3547211 -0.4114435 5.4317021 0.0232850 0.7588820 -0.0494393 0.6489311
84.870340 30.4980469 -0.4289603 5.4097199 0.0239479 0.7579572 -0.0487711 0.6500375
84.973960 30.5692139 -0.4377558 5.3995252 0.0244617 0.7574217 -0.0509344 0.6504765
85.181330 30.7109814 -0.4556661 5.3793311 0.0208309 0.7567341 -0.0522684 0.6512969
85.285090 30.7810268 -0.4639893 5.3696566 0.0199707 0.7565598 -0.0517266 0.6515695
85.492460 30.9204826 -0.4811041 5.3491669 0.0203606 0.7563818 -0.0487943 0.6519902
85.699750 31.0576153 -0.4975855 5.3299708 0.0206357 0.7567613 -0.0495424 0.6514845
85.907110 31.1935234 -0.5143614 5.3103838 0.0195994 0.7573007 -0.0495408 0.6508896
86.114460 31.3262672 -0.5305009 5.2908392 0.0187096 0.7577381 -0.0495362 0.6504069
86.321830 31.4540844 -0.5460625 5.2727528 0.0159284 0.7586851 -0.0479350 0.6494964
86.529210 31.5765266 -0.5609949 5.2541785 0.0188354 0.7587829 -0.0493819 0.6491958
86.736730 31.6934967 -0.5756531 5.2357206 0.0188276 0.7585632 -0.0483363 0.6495314
86.944090 31.8045464 -0.5892942 5.2194824 0.0176489 0.7576557 -0.0474638 0.6506869
87.151360 31.9092484 -0.6014001 5.2052913 0.0162537 0.7564546 -0.0460275 0.6522221
87.358710 32.0060425 -0.6129951 5.1916833 0.0134706 0.7553815 -0.0447802 0.6536146
87.566210 32.0938225 -0.6231258 5.1798115 0.0152531 0.7549209 -0.0453886 0.6540655
87.773590 32.1737518 -0.6321063 5.1687489 0.0144540 0.7546374 -0.0467825 0.6543125
87.981210 32.2466164 -0.6408784 5.1591697 0.0119167 0.7587296 -0.0493312 0.6494257
88.293330 32.3406029 -0.6524298 5.1411595 0.0100329 0.7807516 -0.0539503 0.6224272
88.501590 32.3972435 -0.6600246 5.1235542 0.0141281 0.8026271 -0.0547707 0.5937931
88.710100 32.4505310 -0.6673248 5.1018925 0.0148722 0.8302628 -0.0547814 0.5544741
88.918590 32.4992294 -0.6743138 5.0753059 0.0149291 0.8594056 -0.0535751 0.5082607
89.231340 32.5604973 -0.6854079 5.0275164 0.0187815 0.9033159 -0.0562363 0.4248590
89.439590 32.5937080 -0.6924250 4.9902267 0.0250576 0.9290932 -0.0581180 0.3643903
89.647840 32.6206512 -0.6996378 4.9483662 0.0305755 0.9506568 -0.0568158 0.3034613
89.855840 32.6436272 -0.7066501 4.9029446 0.0314577 0.9684626 -0.0555664 0.2408382
90.063710 32.6593208 -0.7139947 4.8545184 0.0387646 0.9817256 -0.0555871 0.1778264
90.271490 32.6698074 -0.7207967 4.8035326 0.0405747 0.9909086 -0.0621770 0.1121961
90.479340 32.6733284 -0.7280098 4.7489352 0.0417815 0.9960704 -0.0624303 0.0469103
90.686970 32.6697235 -0.7352210 4.6916218 0.0435013 0.9969161 -0.0622480 -0.0197787
90.894590 32.6579666 -0.7425480 4.6331587 0.0447147 0.9929602 -0.0662402 -0.0874244
91.102090 32.6380081 -0.7504658 4.5727701 0.0462289 0.9846399 -0.0692218 -0.1534780
91.309470 32.6082497 -0.7582037 4.5112944 0.0487592 0.9733415 -0.0692713 -0.2131440
91.516590 32.5719070 -0.7660677 4.4501247 0.0505676 0.9607050 -0.0704790 -0.2636693
91.723710 32.5276985 -0.7738366 4.3891716 0.0522457 0.9490095 -0.0723368 -0.3023553
91.930590 32.4779015 -0.7820964 4.3271866 0.0538110 0.9401457 -0.0685646 -0.3294379
92.137720 32.4238319 -0.7900205 4.2646427 0.0500831 0.9334401 -0.0634219 -0.3495124
92.344860 32.3660889 -0.7970177 4.2014751 0.0477827 0.9264599 -0.0589473 -0.3686652
92.552220 32.3041534 -0.8041052 4.1394300 0.0405110 0.9191160 -0.0514096 -0.3885122
92.759720 32.2376366 -0.8101661 4.0788183 0.0372218 0.9103996 -0.0426175 -0.4098425
92.967220 32.1676331 -0.8154096 4.0203018 0.0315858 0.9002239 -0.0340891 -0.4329402
93.174720 32.0931091 -0.8189846 3.9660969 0.0322245 0.8883622 -0.0309940 -0.4569612
93.382090 32.0144920 -0.8218483 3.9155588 0.0359801 0.8763989 -0.0263283 -0.4795177
93.589470 31.9320221 -0.8239867 3.8674850 0.0405172 0.8667415 -0.0233368 -0.4965611
93.796720 31.8468513 -0.8248203 3.8193302 -0.0416888 -0.8622156 0.0186130 0.5044798
94.003970 31.7603493 -0.8247870 3.7692690 -0.0383160 -0.8613115 0.0116374 0.5064968
94.211350 31.6736526 -0.8249378 3.7178183 -0.0316781 -0.8620237 0.0118273 0.5057389
94.418590 31.5836639 -0.8261481 3.6662979 -0.0283467 -0.8646579 0.0176440 0.5012503
94.625970 31.4915295 -0.8275636 3.6122885 0.0288891 0.8676842 -0.0180788 -0.4959463
94.729720 31.4456768 -0.8285282 3.5844440 0.0269916 0.8688455 -0.0177683 -0.4940277
94.833490 31.3993931 -0.8296987 3.5559120 0.0241165 0.8692672 -0.0192595 -0.4933782
95.040970 31.3052692 -0.8318825 3.4982195 0.0207301 0.8694335 -0.0204827 -0.4931898
95.144720 31.2572746 -0.8335186 3.4689331 0.0208465 0.8697190 -0.0202892 -0.4926893
95.248350 31.2087994 -0.8348287 3.4395714 0.0221361 0.8700954 -0.0195815 -0.4919965
95.455870 31.1113701 -0.8373584 3.3802681 0.0246730 0.8712412 -0.0174968 -0.4899223
95.663110 31.0141563 -0.8403019 3.3204861 0.0270200 0.8729664 -0.0182893 -0.4866879
95.870470 30.9178905 -0.8428007 3.2601376 0.0297320 0.8749869 -0.0184778 -0.4828794
96.077860 30.8227692 -0.8453041 3.1988640 0.0286949 0.8771311 -0.0201130 -0.4789708
96.181600 30.7755146 -0.8465794 3.1679850 0.0289425 0.8778787 -0.0207278 -0.4775581
96.389100 30.6815739 -0.8494757 3.1065350 0.0304423 0.8786861 -0.0190297 -0.4760482
96.596600 30.5892906 -0.8521999 3.0454054 0.0287678 0.8793657 -0.0209290 -0.4748161
96.803990 30.4979229 -0.8549576 2.9848347 0.0297158 0.8793994 -0.0179503 -0.4748172
97.011470 30.4087601 -0.8575069 2.9255466 0.0289883 0.8796157 -0.0186489 -0.4744345
97.218890 30.3211441 -0.8603207 2.8676939 0.0298028 0.8802103 -0.0193589 -0.4732513
97.426220 30.2352200 -0.8628504 2.8100090 0.0294220 0.8814414 -0.0208892 -0.4709131
97.633720 30.1519012 -0.8656781 2.7530651 0.0312049 0.8827096 -0.0188060 -0.4685044
97.841240 30.0721893 -0.8683500 2.6975689 0.0289193 0.8839977 -0.0193772 -0.4661933
98.048750 29.9955406 -0.8710904 2.6444836 0.0286953 0.8849996 -0.0197132 -0.4642885
98.256230 29.9229546 -0.8736310 2.5934772 0.0268213 0.8853904 -0.0187587 -0.4636945
98.463720 29.8547325 -0.8760726 2.5456095 0.0276492 0.8861483 -0.0179188 -0.4622290
98.671230 29.7909660 -0.8783032 2.5005379 0.0291502 0.8871996 -0.0154214 -0.4602056
98.878600 29.7332115 -0.8800925 2.4587460 0.0284949 0.8881319 -0.0146570 -0.4584703
99.086100 29.6812191 -0.8821142 2.4209366 0.0282554 0.8888776 -0.0157229 -0.4570023
99.293480 29.6344585 -0.8834829 2.3872967 0.0302733 0.8892711 -0.0175495 -0.4560399
99.500850 29.5942345 -0.8847646 2.3576078 0.0277858 0.8895569 -0.0181343 -0.4556179
99.811980 29.5432034 -0.8869823 2.3209648 0.0309547 0.8900759 -0.0183824 -0.4543883
100.123100 29.5032845 -0.8884128 2.2914028 0.0295467 0.8904986 -0.0190384 -0.4536262
100.434100 29.4716740 -0.8896499 2.2689171 0.0301274 0.8907164 -0.0204905 -0.4530969
101.056200 29.4151917 -0.8917865 2.2275505 0.0300637 0.8905380 -0.0230951 -0.4533264
101.367400 29.3870811 -0.8929624 2.2068396 0.0291313 0.8907089 -0.0225552 -0.4530787
101.678400 29.3605843 -0.8937478 2.1865273 0.0306349 0.8904566 -0.0230176 -0.4534521
101.989600 29.3344460 -0.8946720 2.1682987 0.0300078 0.8907593 -0.0227927 -0.4529105
102.611900 29.2926559 -0.8960139 2.1370125 0.0301155 0.8905805 -0.0238863 -0.4531985
103.856400 29.2172890 -0.8992927 2.0808315 0.0271049 0.8910100 -0.0249872 -0.4524845
104.167400 29.1891441 -0.9006181 2.0597439 0.0256964 0.8922483 -0.0291415 -0.4498703
104.478200 29.1504784 -0.9021924 2.0298357 0.0261892 0.8956187 -0.0320290 -0.4428943
104.789400 29.1023979 -0.9047081 1.9905214 0.0259032 0.9010774 -0.0341512 -0.4315348
105.100500 29.0455341 -0.9078239 1.9418211 0.0296693 0.9074749 -0.0338391 -0.4176888
105.411500 28.9819393 -0.9118090 1.8833179 0.0306042 0.9137807 -0.0335014 -0.4036656
105.722600 28.9123192 -0.9156717 1.8154030 0.0306462 0.9189366 -0.0288830 -0.3921506
106.034100 28.8374443 -0.9199388 1.7389145 0.0269032 0.9214332 -0.0243108 -0.3868411
106.345500 28.7562256 -0.9230447 1.6579123 0.0257550 0.9228264 -0.0228526 -0.3836741
106.656800 28.6700974 -0.9278587 1.5700006 0.0192385 0.9237706 -0.0273116 -0.3814863
107.071800 28.5461807 -0.9355013 1.4430742 0.0206880 0.9247354 -0.0280130 -0.3790141
107.382900 28.4465389 -0.9415116 1.3401556 0.0221022 0.9262416 -0.0263837 -0.3753556
107.797600 28.3097610 -0.9494343 1.1945868 0.0268949 0.9299822 -0.0257923 -0.3657110
108.212500 28.1748810 -0.9590262 1.0454826 0.0253169 0.9322018 -0.0295888 -0.3598380
108.523700 28.0749569 -0.9673727 0.9339104 0.0205249 0.9315438 -0.0293684 -0.3618595
108.731200 28.0062408 -0.9720977 0.8594341 0.0227305 0.9308929 -0.0293234 -0.3634030
109.042600 27.9024696 -0.9804555 0.7475014 0.0225667 0.9294291 -0.0309849 -0.3670044
109.250100 27.8323441 -0.9864151 0.6726141 0.0229013 0.9283552 -0.0309864 -0.3696918
109.561200 27.7251472 -0.9950351 0.5604258 0.0229131 0.9268834 -0.0321276 -0.3732693
109.768700 27.6527634 -1.0009203 0.4850836 0.0226226 0.9262021 -0.0330258 -0.3748962
109.976100 27.5798702 -1.0068985 0.4097633 0.0226283 0.9261145 -0.0319886 -0.3752020
110.183500 27.5069580 -1.0131402 0.3337374 0.0213376 0.9261803 -0.0324953 -0.3750717
110.494600 27.3970013 -1.0224710 0.2183828 0.0218012 0.9268673 -0.0331112 -0.3732900
110.702000 27.3235207 -1.0294803 0.1407604 0.0201127 0.9274105 -0.0354959 -0.3718135
110.909200 27.2500019 -1.0364373 0.0629587 0.0195050 0.9283756 -0.0343262 -0.3695402
111.220200 27.1407890 -1.0460501 -0.0545273 0.0214795 0.9296685 -0.0324660 -0.3663347
111.427600 27.0694447 -1.0529246 -0.1318426 0.0216188 0.9304495 -0.0335247 -0.3642421
111.635000 26.9983101 -1.0599220 -0.2091713 0.0217182 0.9311815 -0.0354034 -0.3621821
111.842400 26.9284248 -1.0669601 -0.2864332 0.0204599 0.9320160 -0.0357501 -0.3600688
112.049700 26.8591118 -1.0738575 -0.3642359 0.0210769 0.9325228 -0.0312928 -0.3591348
112.257100 26.7916908 -1.0800132 -0.4399700 0.0167921 0.9323487 -0.0324153 -0.3597127
112.464600 26.7245712 -1.0869874 -0.5136814 0.0182924 0.9315197 -0.0348611 -0.3615539
112.672000 26.6570702 -1.0938039 -0.5865908 0.0224824 0.9305948 -0.0363869 -0.3635435
112.879400 26.5907059 -1.1003680 -0.6576900 0.0241803 0.9298411 -0.0372032 -0.3652762
113.086700 26.5266399 -1.1075501 -0.7269106 0.0214213 0.9289138 -0.0389558 -0.3676176
113.294100 26.4661522 -1.1152067 -0.7921362 0.0165649 0.9278340 -0.0452576 -0.3698667
113.501500 26.4073544 -1.1229243 -0.8541336 0.0163513 0.9273512 -0.0441051 -0.3712239
113.709000 26.3519554 -1.1305017 -0.9116135 0.0200195 0.9270387 -0.0438852 -0.3718501
113.916400 26.3011551 -1.1376495 -0.9640131 0.0218168 0.9266650 -0.0486405 -0.3720888
114.123900 26.2547607 -1.1437678 -1.0125504 0.0214840 0.9266789 -0.0495435 -0.3719544
114.331400 26.2116013 -1.1498543 -1.0572891 0.0214302 0.9270206 -0.0483459 -0.3712629
114.746300 26.1344624 -1.1611651 -1.1399326 0.0157686 0.9266896 -0.0503829 -0.3721013
114.953800 26.0975685 -1.1664865 -1.1780396 0.0170324 0.9266722 -0.0484324 -0.3723478
115.264900 26.0468998 -1.1740632 -1.2323408 0.0147305 0.9263149 -0.0472691 -0.3734828
115.472400 26.0139389 -1.1783873 -1.2654285 0.0179487 0.9260703 -0.0486103 -0.3737761
115.679700 25.9828911 -1.1827818 -1.2970619 0.0191454 0.9260019 -0.0493452 -0.3737901
115.990900 25.9401283 -1.1887313 -1.3413315 0.0209571 0.9260595 -0.0512659 -0.3732912
116.302000 25.9014759 -1.1948490 -1.3815994 0.0203553 0.9262344 -0.0558582 -0.3722301
116.613300 25.8666992 -1.2000802 -1.4179058 0.0219103 0.9276897 -0.0583176 -0.3681178
116.924200 25.8379288 -1.2047375 -1.4505205 0.0180996 0.9291075 -0.0581576 -0.3647593
117.235400 25.8140907 -1.2090808 -1.4770231 0.0190611 0.9303041 -0.0587768 -0.3615469
117.546700 25.7941704 -1.2130439 -1.4990883 0.0173518 0.9304676 -0.0606162 -0.3609081
117.857700 25.7772369 -1.2157749 -1.5169725 0.0178876 0.9300765 -0.0625433 -0.3615607
118.479900 25.7528515 -1.2202082 -1.5448122 0.0151257 0.9304873 -0.0639408 -0.3603835
119.517000 25.7278175 -1.2248381 -1.5728178 0.0152372 0.9309443 -0.0659391 -0.3588350
120.968600 25.7148476 -1.2271749 -1.5866117 0.0139517 0.9312461 -0.0681040 -0.3576981
121.902000 25.7025146 -1.2297251 -1.6007376 0.0139232 0.9312667 -0.0671938 -0.3578175
122.213100 25.6960297 -1.2311454 -1.6087017 0.0139526 0.9312074 -0.0672902 -0.3579526
122.524300 25.6865196 -1.2326578 -1.6185369 0.0141997 0.9312198 -0.0677279 -0.3578281
123.146200 25.6647568 -1.2367947 -1.6428347 0.0136963 0.9313346 -0.0672218 -0.3576444
123.768500 25.6394558 -1.2418952 -1.6700993 0.0179459 0.9311789 -0.0679152 -0.3577307
124.079600 25.6286354 -1.2441326 -1.6824093 0.0174025 0.9312038 -0.0674857 -0.3577740
124.390600 25.6196022 -1.2458906 -1.6926460 0.0176921 0.9315079 -0.0665803 -0.3571374
