0.000000 0.0000000 0.0000000 0.0000000 0.0000000 0.0000000 0.0000000 1.0000000
0.311042 -0.0064879 -0.0007805 0.0656476 -0.0001890 -0.0326352 0.0034360 0.9994614
0.414769 -0.0096427 -0.0005207 0.0884783 0.0006568 -0.0445219 0.0048870 0.9989963
0.518562 -0.0130645 -0.0006245 0.1116613 0.0015442 -0.0564108 0.0082996 0.9983720
0.725901 -0.0228532 -0.0018909 0.1599876 0.0007138 -0.0786093 0.0103869 0.9968511
0.933416 -0.0356530 -0.0035086 0.2094778 0.0010289 -0.1021802 0.0107618 0.9947072
1.037151 -0.0422441 -0.0042004 0.2344314 0.0024314 -0.1131011 0.0135239 0.9934885
1.244652 -0.0572511 -0.0050210 0.2854492 0.0074407 -0.1345011 0.0181264 0.9907197
1.348401 -0.0659421 -0.0059645 0.3110141 0.0093146 -0.1436952 0.0198599 0.9893789
1.452147 -0.0755721 -0.0075566 0.3368585 0.0102436 -0.1531165 0.0202970 0.9879466
1.659755 -0.0951198 -0.0095649 0.3924823 0.0108052 -0.1731572 0.0273329 0.9844556
1.867301 -0.1181208 -0.0120538 0.4494032 0.0107779 -0.1945354 0.0348851 0.9802157
2.074651 -0.1459112 -0.0151173 0.5079089 0.0124052 -0.2164612 0.0382055 0.9754645
2.282171 -0.1789542 -0.0194752 0.5665994 0.0175892 -0.2388528 0.0381921 0.9701450
2.489524 -0.2157173 -0.0238740 0.6273839 0.0229355 -0.2629041 0.0435659 0.9635650
2.696923 -0.2574323 -0.0293939 0.6908972 0.0276347 -0.2861496 0.0491408 0.9565249
2.904399 -0.3069732 -0.0373083 0.7560999 0.0317953 -0.3050902 0.0459108 0.9506846
3.112026 -0.3620872 -0.0459358 0.8256313 0.0346340 -0.3196272 0.0447936 0.9458501
3.319527 -0.4218688 -0.0553563 0.9006548 0.0350667 -0.3336820 0.0485889 0.9407793
3.527028 -0.4897968 -0.0662074 0.9777275 0.0368116 -0.3472800 0.0480447 0.9358062
3.734526 -0.5631545 -0.0781697 1.0589896 0.0394415 -0.3610572 0.0507921 0.9303237
3.942026 -0.6441457 -0.0918512 1.1430483 0.0406624 -0.3730690 0.0512768 0.9254928
4.149777 -0.7302240 -0.1071137 1.2311709 0.0438334 -0.3799768 0.0538226 0.9223879
4.357779 -0.8215466 -0.1242628 1.3212775 0.0495781 -0.3798068 0.0510736 0.9223233
4.565786 -0.9177950 -0.1428071 1.4194429 0.0507103 -0.3760664 0.0517673 0.9237547
4.773678 -1.0171477 -0.1627485 1.5209551 0.0521507 -0.3710632 0.0473149 0.9259340
4.981530 -1.1191583 -0.1833809 1.6277037 0.0525346 -0.3646311 0.0434754 0.9286518
5.189280 -1.2213280 -0.2039758 1.7391742 0.0527198 -0.3590092 0.0420719 0.9308936
5.396906 -1.3270948 -0.2245863 1.8558750 0.0522376 -0.3550725 0.0422729 0.9324204
5.604428 -1.4339520 -0.2463381 1.9744035 0.0567032 -0.3525304 0.0410981 0.9331763
5.811903 -1.5435743 -0.2701319 2.0977523 0.0552718 -0.3494131 0.0404771 0.9344609
6.019301 -1.6557176 -0.2927437 2.2264557 0.0554296 -0.3473437 0.0415903 0.9351739
6.226694 -1.7685803 -0.3167765 2.3587713 0.0551838 -0.3461554 0.0445821 0.9354911
6.537781 -1.9458047 -0.3542301 2.5640316 0.0520780 -0.3462423 0.0393001 0.9358737
6.745157 -2.0637696 -0.3793578 2.6994050 0.0515492 -0.3472860 0.0401356 0.9354808
6.952413 -2.1799288 -0.4040675 2.8334775 0.0490063 -0.3515149 0.0398898 0.9340473
7.159812 -2.2949836 -0.4276260 2.9611070 0.0499771 -0.3540961 0.0385426 0.9330770
7.367155 -2.4076972 -0.4508500 3.0858436 0.0497779 -0.3552162 0.0358178 0.9327704
7.574658 -2.5169392 -0.4733695 3.2075069 0.0483983 -0.3548234 0.0349982 0.9330236
7.782155 -2.6205945 -0.4948675 3.3250818 0.0460128 -0.3540293 0.0360213 0.9334069
7.989571 -2.7174709 -0.5138829 3.4348130 0.0446453 -0.3543153 0.0394807 0.9332249
8.197037 -2.8083794 -0.5327357 3.5354309 0.0438474 -0.3551427 0.0376019 0.9330258
8.404536 -2.8903184 -0.5489285 3.6269603 0.0447715 -0.3560097 0.0388518 0.9326002
8.612034 -2.9658332 -0.5644395 3.7088087 0.0468451 -0.3569067 0.0367027 0.9322425
8.923159 -3.0732207 -0.5861937 3.8269038 0.0470537 -0.3584209 0.0377293 0.9316099
9.234287 -3.1759770 -0.6066564 3.9379115 0.0472237 -0.3592691 0.0343789 0.9314042
9.649412 -3.3038630 -0.6308765 4.0779271 0.0427660 -0.3575049 0.0309224 0.9324189
9.856912 -3.3654931 -0.6416755 4.1445718 0.0408566 -0.3569824 0.0276562 0.9328073
10.064530 -3.4272413 -0.6523516 4.2104869 0.0423789 -0.3565746 0.0248877 0.9329733
10.272060 -3.4869065 -0.6622158 4.2788205 0.0428666 -0.3571746 0.0310398 0.9325370
10.479680 -3.5507629 -0.6718233 4.3469315 0.0425325 -0.3538007 0.0254805 0.9340057
10.687180 -3.6134732 -0.6823525 4.4193974 0.0366358 -0.3487341 0.0244426 0.9361864
10.894660 -3.6758442 -0.6920166 4.4947605 0.0340472 -0.3434861 0.0282230 0.9381160
11.102030 -3.7394423 -0.7011789 4.5729861 0.0326288 -0.3385912 0.0306142 0.9398692
11.309540 -3.8054929 -0.7111434 4.6533480 0.0330077 -0.3335759 0.0302607 0.9416592
11.620540 -3.9060974 -0.7258552 4.7801771 0.0326170 -0.3286460 0.0347653 0.9432493
11.827910 -3.9755955 -0.7363164 4.8693380 0.0290746 -0.3271946 0.0336776 0.9439090
12.139040 -4.0834680 -0.7517003 5.0057678 0.0265100 -0.3274848 0.0341192 0.9438680
12.450170 -4.1958694 -0.7675285 5.1457806 0.0262710 -0.3332524 0.0360092 0.9417834
12.657700 -4.2742143 -0.7778809 5.2383242 0.0230650 -0.3394324 0.0336749 0.9397445
12.968920 -4.3922591 -0.7925383 5.3748097 0.0207194 -0.3533003 0.0349671 0.9346266
13.279940 -4.5140920 -0.8074101 5.5013638 0.0231447 -0.3733593 0.0349353 0.9267398
13.591050 -4.6416368 -0.8218121 5.6214094 0.0181633 -0.3959421 0.0298735 0.9176097
13.902290 -4.7737069 -0.8354169 5.7333260 0.0216818 -0.4198187 0.0306588 0.9068308
14.213700 -4.9121442 -0.8488234 5.8400135 0.0246432 -0.4362085 0.0255153 0.8991462
14.525530 -5.0545850 -0.8627295 5.9494863 0.0186802 -0.4367910 0.0194376 0.8991590
14.733660 -5.1462946 -0.8704198 6.0230398 0.0230664 -0.4289218 0.0211032 0.9028004
15.045530 -5.2834506 -0.8829026 6.1426625 0.0197601 -0.4091289 0.0213742 0.9120122
15.357450 -5.4182796 -0.8940193 6.2730060 0.0127213 -0.3875864 0.0219235 0.9214848
15.565190 -5.5093966 -0.9001147 6.3657446 0.0055177 -0.3741278 0.0198721 0.9271478
15.772570 -5.5985374 -0.9050784 6.4629097 0.0024110 -0.3656978 0.0232237 0.9304407
16.083690 -5.7365041 -0.9109498 6.6131396 -0.0036120 -0.3592503 0.0195946 0.9330285
16.291160 -5.8299036 -0.9143913 6.7181220 -0.0081009 -0.3560809 0.0214332 0.9341742
16.498650 -5.9257703 -0.9156505 6.8250957 -0.0087887 -0.3520704 0.0219855 0.9356740
16.705920 -6.0224662 -0.9166493 6.9360375 -0.0173122 -0.3477346 0.0182677 0.9372551
16.913410 -6.1192675 -0.9158956 7.0489688 -0.0195251 -0.3419686 0.0170512 0.9393538
17.120660 -6.2156401 -0.9136111 7.1643887 -0.0220265 -0.3359053 0.0149542 0.9415194
17.328070 -6.3105950 -0.9113781 7.2830062 -0.0270622 -0.3306630 0.0168466 0.9432104
17.431800 -6.3577757 -0.9093904 7.3429389 -0.0269972 -0.3281296 0.0190386 0.9440549
17.639180 -6.4532390 -0.9060651 7.4639416 -0.0283991 -0.3244947 0.0196054 0.9452578
17.846450 -6.5497422 -0.9016140 7.5872540 -0.0331427 -0.3226653 0.0172338 0.9457757
18.054180 -6.6452341 -0.8969811 7.7099557 -0.0337925 -0.3220698 0.0194480 0.9459127
18.261240 -6.7424502 -0.8910468 7.8351045 -0.0348444 -0.3231309 0.0209966 0.9454795
18.468590 -6.8427591 -0.8846077 7.9630642 -0.0407659 -0.3258700 0.0225380 0.9442663
18.779580 -6.9963231 -0.8742313 8.1533155 -0.0431705 -0.3335352 0.0260225 0.9413891
18.986960 -7.1051078 -0.8663694 8.2819290 -0.0454184 -0.3408503 0.0256039 0.9386707
19.194230 -7.2150111 -0.8574505 8.4099073 -0.0466190 -0.3477702 0.0259642 0.9360601
19.401680 -7.3298531 -0.8492282 8.5390024 -0.0487921 -0.3537628 0.0280313 0.9336410
19.609160 -7.4464121 -0.8402590 8.6688156 -0.0468608 -0.3591220 0.0310889 0.9315948
19.816500 -7.5677996 -0.8318373 8.7994852 -0.0475536 -0.3620771 0.0331174 0.9303452
20.127430 -7.7530484 -0.8187276 8.9989481 -0.0478896 -0.3659925 0.0367428 0.9286582
20.334910 -7.8800359 -0.8113648 9.1311178 -0.0441297 -0.3659372 0.0341935 0.9289635
20.542350 -8.0090656 -0.8039554 9.2673826 -0.0459749 -0.3652152 0.0302987 0.9292933
20.645970 -8.0733404 -0.7995348 9.3367577 -0.0459815 -0.3641940 0.0320460 0.9296352
20.853330 -8.2019348 -0.7932273 9.4742260 -0.0365382 -0.3624863 0.0330024 0.9306876
21.060720 -8.3310652 -0.7887401 9.6139040 -0.0337499 -0.3604181 0.0343525 0.9315469
21.268190 -8.4623642 -0.7850205 9.7584209 -0.0361418 -0.3587877 0.0375476 0.9319631
21.476040 -8.5939951 -0.7816254 9.9039326 -0.0323400 -0.3575564 0.0415280 0.9324071
21.683180 -8.7268229 -0.7787417 10.0495338 -0.0330345 -0.3568025 0.0380157 0.9328213
21.994470 -8.9259281 -0.7743982 10.2673731 -0.0339735 -0.3557642 0.0337480 0.9333481
22.305640 -9.1243353 -0.7698817 10.4875774 -0.0266881 -0.3554039 0.0382346 0.9335491
22.720600 -9.3906593 -0.7701725 10.7830009 -0.0176119 -0.3546806 0.0385168 0.9340279
23.031670 -9.5881844 -0.7735818 11.0073023 -0.0185756 -0.3535438 0.0432285 0.9342339
23.239170 -9.7197371 -0.7762537 11.1569061 -0.0193791 -0.3528395 0.0463104 0.9343362
23.550300 -9.9177008 -0.7805822 11.3785534 -0.0152898 -0.3511190 0.0422596 0.9352518
23.757790 -10.0494261 -0.7841468 11.5282812 -0.0194423 -0.3495158 0.0402095 0.9358653
23.965310 -10.1781654 -0.7872190 11.6765337 -0.0168434 -0.3466327 0.0423231 0.9368942
24.172690 -10.3054619 -0.7912888 11.8258686 -0.0166733 -0.3443939 0.0448696 0.9376041
24.380110 -10.4324150 -0.7946542 11.9750814 -0.0169410 -0.3415705 0.0430892 0.9387150
24.691430 -10.6208067 -0.7980623 12.2014723 -0.0190642 -0.3373302 0.0423271 0.9402411
24.899540 -10.7443752 -0.8009700 12.3511772 -0.0150864 -0.3351446 0.0434553 0.9410431
25.105930 -10.8667736 -0.8051760 12.5002794 -0.0159197 -0.3347242 0.0426670 0.9412151
25.313400 -10.9870415 -0.8085441 12.6461201 -0.0159310 -0.3352495 0.0409690 0.9411033
25.520680 -11.1042833 -0.8114853 12.7877378 -0.0172220 -0.3364500 0.0406509 0.9406659
25.728190 -11.2179375 -0.8153932 12.9246769 -0.0143235 -0.3388735 0.0419068 0.9397890
25.936050 -11.3321276 -0.8198324 13.0603580 -0.0123624 -0.3408424 0.0426718 0.9390702
26.246830 -11.5044231 -0.8269336 13.2636995 -0.0109418 -0.3431864 0.0414366 0.9382890
26.454320 -11.6203384 -0.8305951 13.3993912 -0.0114420 -0.3437884 0.0419269 0.9380409
26.662340 -11.7353106 -0.8356884 13.5350904 -0.0114523 -0.3418308 0.0402851 0.9388278
26.869200 -11.8494673 -0.8398784 13.6708841 -0.0103479 -0.3388101 0.0400948 0.9399431
27.076730 -11.9608927 -0.8454554 13.8078346 -0.0066284 -0.3359109 0.0463834 0.9407277
27.284230 -12.0706415 -0.8522834 13.9451342 -0.0079292 -0.3334531 0.0485509 0.9414823
27.491690 -12.1757689 -0.8575091 14.0772352 -0.0130672 -0.3298268 0.0468853 0.9427859
27.803060 -12.3187294 -0.8639675 14.2601175 -0.0143677 -0.3227566 0.0436753 0.9453646
28.010660 -12.4037876 -0.8676735 14.3709936 -0.0136761 -0.3137702 0.0422862 0.9484583
28.321950 -12.5185156 -0.8739656 14.5360088 -0.0095301 -0.2994670 0.0477483 0.9528635
28.632920 -12.6294060 -0.8798085 14.7015915 -0.0025013 -0.2874702 0.0449559 0.9567307
28.840440 -12.7009506 -0.8845956 14.8129787 -0.0066647 -0.2786976 0.0432954 0.9593794
29.048050 -12.7702951 -0.8881999 14.9233160 -0.0060327 -0.2721038 0.0410725 0.9613720
29.255180 -12.8391047 -0.8912728 15.0363388 -0.0111160 -0.2675932 0.0390249 0.9626772
29.462560 -12.9069214 -0.8924507 15.1519356 -0.0171576 -0.2629968 0.0383257 0.9638825
29.669820 -12.9742155 -0.8934308 15.2694645 -0.0182237 -0.2591668 0.0442500 0.9646463
29.981050 -13.0742130 -0.8953831 15.4468145 -0.0087649 -0.2559628 0.0507978 0.9653112
30.188440 -13.1438408 -0.8980759 15.5680809 -0.0102056 -0.2547416 0.0488577 0.9657202
30.499570 -13.2494650 -0.9026116 15.7544365 -0.0124799 -0.2526023 0.0469039 0.9663521
30.810820 -13.3557911 -0.9055760 15.9444094 -0.0144605 -0.2521694 0.0479668 0.9663854
31.018340 -13.4277973 -0.9073785 16.0723782 -0.0137966 -0.2519844 0.0494632 0.9663679
31.329460 -13.5380363 -0.9120886 16.2673626 -0.0098778 -0.2532008 0.0507719 0.9660300
31.536840 -13.6124620 -0.9151006 16.3982677 -0.0116565 -0.2544515 0.0501480 0.9657141
31.744200 -13.6885490 -0.9182734 16.5305328 -0.0152442 -0.2562996 0.0468817 0.9653394
31.952310 -13.7645931 -0.9204314 16.6613941 -0.0142985 -0.2579280 0.0468733 0.9649205
32.158830 -13.8404388 -0.9231124 16.7924728 -0.0104055 -0.2599022 0.0462291 0.9644716
32.366350 -13.9178810 -0.9257426 16.9239979 -0.0128021 -0.2610828 0.0463028 0.9641203
32.573720 -13.9950953 -0.9285345 17.0549679 -0.0113062 -0.2599673 0.0448318 0.9645099
32.781310 -14.0715427 -0.9311776 17.1872349 -0.0129479 -0.2566532 0.0438767 0.9654202
32.988840 -14.1472931 -0.9337342 17.3202972 -0.0111360 -0.2516109 0.0433736 0.9667919
33.196440 -14.2218437 -0.9362142 17.4545422 -0.0112647 -0.2461813 0.0427010 0.9682172
33.403950 -14.2930183 -0.9389092 17.5873260 -0.0103677 -0.2409354 0.0442424 0.9694768
33.611760 -14.3625336 -0.9413237 17.7201767 -0.0136318 -0.2388515 0.0428406 0.9700148
33.715140 -14.3965540 -0.9427530 17.7861938 -0.0151753 -0.2373998 0.0428291 0.9703488
33.922620 -14.4642601 -0.9447629 17.9168034 -0.0118975 -0.2334566 0.0442652 0.9712863
34.026220 -14.4975910 -0.9458579 17.9819050 -0.0113374 -0.2321130 0.0436026 0.9716449
34.233690 -14.5630436 -0.9478720 18.1134701 -0.0147437 -0.2284366 0.0461060 0.9723547
34.337320 -14.5950813 -0.9488143 18.1782970 -0.0141156 -0.2262554 0.0461292 0.9728727
34.544860 -14.6573572 -0.9503603 18.3074493 -0.0137566 -0.2222795 0.0471386 0.9737456
34.752240 -14.7178822 -0.9521470 18.4370346 -0.0153579 -0.2181447 0.0497406 0.9745270
34.959810 -14.7772770 -0.9533153 18.5653667 -0.0145689 -0.2125229 0.0494039 0.9757977
35.167340 -14.8341846 -0.9551653 18.6941605 -0.0158468 -0.2067129 0.0484459 0.9770730
35.374840 -14.8907566 -0.9562715 18.8234844 -0.0176723 -0.2006154 0.0475922 0.9783538
35.478440 -14.9177761 -0.9562587 18.8878479 -0.0170459 -0.1978044 0.0473715 0.9789478
35.686010 -14.9713488 -0.9576061 19.0163898 -0.0140472 -0.1916120 0.0460344 0.9802899
35.789580 -14.9968586 -0.9579461 19.0807781 -0.0128214 -0.1891911 0.0474660 0.9807086
35.997120 -15.0469561 -0.9596744 19.2066555 -0.0118612 -0.1834187 0.0464895 0.9818633
36.100700 -15.0701685 -0.9609846 19.2671776 -0.0133816 -0.1808059 0.0459263 0.9823548
36.307960 -15.1122456 -0.9625232 19.3809395 -0.0123809 -0.1754788 0.0440066 0.9834213
36.515530 -15.1512680 -0.9650021 19.4851456 -0.0075517 -0.1677925 0.0383749 0.9850462
36.722970 -15.1829929 -0.9673197 19.5809879 -0.0064985 -0.1539277 0.0361116 0.9874007
36.930350 -15.2108803 -0.9683807 19.6725883 -0.0054908 -0.1467756 0.0359071 0.9885026
37.241070 -15.2559481 -0.9699566 19.8068771 -0.0099782 -0.1593529 0.0333503 0.9866077
37.448350 -15.2905531 -0.9708477 19.8936100 -0.0108417 -0.1705391 0.0264190 0.9849370
37.655790 -15.3244114 -0.9715690 19.9791107 -0.0114972 -0.1837340 0.0284664 0.9824964
37.862950 -15.3615808 -0.9721683 20.0629158 -0.0132023 -0.1983385 0.0270737 0.9796706
38.070330 -15.4016352 -0.9720263 20.1451187 -0.0151188 -0.2141625 0.0240152 0.9763858
38.381340 -15.4655361 -0.9730341 20.2646942 -0.0129985 -0.2370512 0.0194620 0.9712152
38.692320 -15.5381327 -0.9724748 20.3838387 -0.0131489 -0.2595047 0.0125974 0.9655702
39.003440 -15.6172638 -0.9728534 20.5020218 -0.0175816 -0.2812530 0.0046283 0.9594614
39.314440 -15.7029104 -0.9702383 20.6194801 -0.0166070 -0.3027195 0.0001517 0.9529350
39.625770 -15.7964268 -0.9682217 20.7345695 -0.0148000 -0.3243034 -0.0068066 0.9458128
39.936730 -15.8965006 -0.9662620 20.8481445 -0.0111030 -0.3436766 -0.0119222 0.9389467
40.248120 -16.0003338 -0.9653974 20.9588013 -0.0019981 -0.3586451 -0.0151841 0.9333484
40.559440 -16.1064682 -0.9661632 21.0691814 0.0027386 -0.3665432 -0.0170820 0.9302402
40.870780 -16.2088737 -0.9696293 21.1749744 0.0083694 -0.3713337 -0.0112516 0.9283936
41.181970 -16.3057575 -0.9726357 21.2784691 0.0064030 -0.3735167 0.0004868 0.9276012
41.493450 -16.3946514 -0.9785140 21.3715076 0.0114869 -0.3703859 0.0036238 0.9287999
41.805460 -16.4708157 -0.9833239 21.4587212 0.0161088 -0.3566015 0.0128162 0.9340298
42.117340 -16.5423336 -0.9900833 21.5461864 0.0186122 -0.3264739 0.0104847 0.9449648
42.428980 -16.6004734 -0.9965768 21.6376038 0.0169662 -0.2887528 0.0168672 0.9571047
42.740850 -16.6507568 -1.0024391 21.7300396 0.0201321 -0.2488316 0.0203821 0.9681230
43.052370 -16.6931343 -1.0086554 21.8302250 0.0247092 -0.2051503 0.0242693 0.9781175
43.364090 -16.7285118 -1.0165634 21.9391594 0.0269451 -0.1533711 0.0227959 0.9875382
43.675610 -16.7519932 -1.0249687 22.0551472 0.0252294 -0.0988921 0.0235653 0.9944991
43.883250 -16.7603722 -1.0299873 22.1338654 0.0228820 -0.0623603 0.0243428 0.9974944
44.194370 -16.7616863 -1.0366552 22.2550945 0.0202487 -0.0093306 0.0251650 0.9994346
44.401730 -16.7555351 -1.0412724 22.3376236 0.0204414 0.0240632 0.0273026 0.9991285
44.609060 -16.7447529 -1.0452921 22.4228420 0.0203749 0.0558769 0.0286533 0.9978184
44.816480 -16.7265244 -1.0489666 22.5131187 0.0214227 0.0838109 0.0335752 0.9956855
45.023700 -16.7050610 -1.0532597 22.6077099 0.0202102 0.1077638 0.0339792 0.9933901
45.231080 -16.6767960 -1.0563796 22.7060394 0.0206454 0.1277114 0.0401832 0.9907820
45.438350 -16.6452904 -1.0603700 22.8080368 0.0197351 0.1455555 0.0432927 0.9882054
45.645730 -16.6091881 -1.0636177 22.9135780 0.0200890 0.1574001 0.0454876 0.9862822
45.852960 -16.5719070 -1.0676167 23.0229454 0.0207294 0.1636377 0.0453654 0.9852589
46.061050 -16.5326118 -1.0718966 23.1363297 0.0208129 0.1642395 0.0452831 0.9851607
46.267700 -16.4922180 -1.0756924 23.2551689 0.0193064 0.1637089 0.0444823 0.9853162
46.475070 -16.4510098 -1.0797256 23.3793716 0.0197010 0.1634620 0.0435037 0.9853930
46.682310 -16.4076881 -1.0836184 23.5076866 0.0213235 0.1627517 0.0453597 0.9853932
46.889820 -16.3627548 -1.0881977 23.6414928 0.0220683 0.1611221 0.0442972 0.9856929
47.097190 -16.3171177 -1.0939448 23.7803230 0.0233596 0.1583962 0.0456362 0.9860438
47.304570 -16.2712479 -1.0993483 23.9242172 0.0225172 0.1540799 0.0458904 0.9867352
47.615690 -16.2026749 -1.1085840 24.1503448 0.0202427 0.1454966 0.0460723 0.9880781
47.926820 -16.1345024 -1.1174260 24.3882790 0.0205185 0.1371317 0.0462723 0.9892587
48.238090 -16.0676384 -1.1274011 24.6371899 0.0213010 0.1348405 0.0426811 0.9897184
48.445570 -16.0212078 -1.1341256 24.8071594 0.0178803 0.1348995 0.0422766 0.9897955
48.653200 -15.9736891 -1.1396104 24.9781857 0.0217897 0.1356369 0.0431826 0.9895772
48.860700 -15.9249439 -1.1466372 25.1550388 0.0233556 0.1387533 0.0420187 0.9891595
49.068320 -15.8721704 -1.1541271 25.3326492 0.0217971 0.1421884 0.0466197 0.9885009
49.275840 -15.8181934 -1.1610901 25.5129375 0.0163792 0.1446494 0.0500698 0.9880796
49.483340 -15.7635078 -1.1668149 25.6972027 0.0182874 0.1471616 0.0470942 0.9878214
49.690700 -15.7088356 -1.1734610 25.8832817 0.0198028 0.1480357 0.0439125 0.9878082
49.897940 -15.6509304 -1.1797655 26.0709076 0.0201679 0.1456475 0.0459298 0.9880641
50.105450 -15.5946836 -1.1877725 26.2622871 0.0213993 0.1444603 0.0453111 0.9882410
50.312840 -15.5376244 -1.1953419 26.4581451 0.0179226 0.1429201 0.0441093 0.9885884
50.416590 -15.5087709 -1.1984880 26.5564613 0.0182684 0.1421621 0.0445600 0.9886711
50.623970 -15.4516335 -1.2050097 26.7539177 0.0174558 0.1422825 0.0444937 0.9886715
50.831450 -15.3921738 -1.2120854 26.9561272 0.0174876 0.1431723 0.0441372 0.9885584
51.038950 -15.3328695 -1.2174740 27.1599712 0.0163042 0.1443549 0.0457611 0.9883328
51.246330 -15.2712631 -1.2236159 27.3645363 0.0144497 0.1439539 0.0468193 0.9883706
51.453700 -15.2108326 -1.2296225 27.5696869 0.0128737 0.1441927 0.0459703 0.9883974
51.661210 -15.1501427 -1.2352773 27.7720661 0.0107079 0.1440568 0.0476203 0.9883649
51.764820 -15.1203079 -1.2381539 27.8719139 0.0112614 0.1440530 0.0477230 0.9883544
51.868590 -15.0909214 -1.2410359 27.9719791 0.0129381 0.1444637 0.0483127 0.9882452
52.075950 -15.0316448 -1.2465086 28.1700592 0.0131376 0.1456570 0.0489326 0.9880370
52.283320 -14.9721966 -1.2515888 28.3663769 0.0113103 0.1461557 0.0504341 0.9879104
52.490700 -14.9136829 -1.2562522 28.5604286 0.0108331 0.1457777 0.0517863 0.9879016
52.698200 -14.8559437 -1.2611982 28.7549934 0.0117658 0.1456079 0.0516248 0.9879245
52.905570 -14.7975359 -1.2659949 28.9488869 0.0098753 0.1450031 0.0510957 0.9880617
53.009220 -14.7686586 -1.2683722 29.0447807 0.0117752 0.1447431 0.0513630 0.9880651
53.216570 -14.7124176 -1.2734571 29.2359200 0.0130510 0.1444406 0.0490764 0.9882095
53.423950 -14.6579952 -1.2789950 29.4253349 0.0125677 0.1440002 0.0476028 0.9883521
53.527700 -14.6307373 -1.2815899 29.5197601 0.0127615 0.1438947 0.0484515 0.9883238
53.735070 -14.5749969 -1.2880479 29.7066555 0.0124026 0.1428051 0.0498046 0.9884191
53.942570 -14.5202541 -1.2936381 29.8905602 0.0122531 0.1417963 0.0510216 0.9885042
54.150070 -14.4685736 -1.2987723 30.0720844 0.0116837 0.1412165 0.0518463 0.9885511
54.357450 -14.4149837 -1.3039980 30.2527313 0.0102887 0.1403191 0.0521908 0.9886763
54.564820 -14.3650093 -1.3085164 30.4294300 0.0103735 0.1402484 0.0512934 0.9887324
54.772320 -14.3152294 -1.3138332 30.6035843 0.0103327 0.1406235 0.0492740 0.9887823
54.979820 -14.2651024 -1.3183488 30.7739429 0.0126067 0.1411877 0.0481724 0.9887298
55.187320 -14.2172813 -1.3237298 30.9414215 0.0099805 0.1419854 0.0457307 0.9887615
55.394700 -14.1696758 -1.3281498 31.1038570 0.0093380 0.1423418 0.0464755 0.9886818
55.602200 -14.1227283 -1.3328874 31.2583809 0.0099590 0.1425622 0.0480771 0.9885674
55.809700 -14.0786285 -1.3363140 31.4072971 0.0080218 0.1458323 0.0477588 0.9881233
56.121200 -14.0148754 -1.3412296 31.6135540 0.0083907 0.1642075 0.0450387 0.9853613
56.329080 -13.9670029 -1.3444890 31.7408276 0.0081870 0.1831693 0.0445656 0.9820366
56.537200 -13.9155273 -1.3456566 31.8599586 0.0068342 0.2095940 0.0401606 0.9769395
56.745330 -13.8571272 -1.3460705 31.9711304 0.0033469 0.2398380 0.0388850 0.9700280
56.953470 -13.7932730 -1.3458762 32.0739746 0.0005797 0.2739172 0.0376936 0.9610142
57.161720 -13.7243271 -1.3458575 32.1696091 -0.0029852 0.3146503 0.0352805 0.9485471
57.369960 -13.6474953 -1.3453302 32.2534218 -0.0030887 0.3607888 0.0343782 0.9320086
57.578080 -13.5637627 -1.3436322 32.3285828 -0.0043513 0.4065743 0.0350729 0.9129339
57.786180 -13.4742594 -1.3396806 32.3951111 -0.0096209 0.4504737 0.0354231 0.8920348
57.994080 -13.3815651 -1.3362324 32.4526939 -0.0139506 0.4926510 0.0296589 0.8696095
58.202050 -13.2854338 -1.3317714 32.4988480 -0.0140885 0.5345485 0.0253538 0.8446400
58.409950 -13.1858368 -1.3282375 32.5341187 -0.0174016 0.5778723 0.0211473 0.8156676
58.617950 -13.0813818 -1.3236154 32.5599327 -0.0242390 0.6214373 0.0167262 0.7829103
58.825950 -12.9747181 -1.3190622 32.5720711 -0.0294905 0.6656873 0.0154826 0.7454871
59.033830 -12.8680716 -1.3141906 32.5709000 -0.0324651 0.7087070 0.0130882 0.7046340
59.241580 -12.7626743 -1.3097322 32.5566826 -0.0328274 0.7489278 0.0085542 0.6617827
59.449210 -12.6585178 -1.3052416 32.5296478 -0.0304347 0.7844703 0.0072270 0.6193770
59.656480 -12.5552063 -1.3016943 32.4916687 -0.0296170 0.8137458 0.0069571 0.5804241
59.863330 -12.4523315 -1.2980934 32.4448624 -0.0282481 0.8360334 0.0072275 0.5479032
60.070330 -12.3496485 -1.2949342 32.3914566 -0.0284592 0.8524240 0.0064428 0.5220363
60.277340 -12.2465219 -1.2916907 32.3321686 -0.0267514 0.8644785 0.0048909 0.5019336
60.484200 -12.1420288 -1.2890236 32.2677422 -0.0255325 0.8725955 0.0054730 0.4877451
60.691330 -12.0341654 -1.2858670 32.1989212 -0.0253286 0.8768099 0.0061436 0.4801303
60.898450 -11.9246254 -1.2833681 32.1280556 -0.0245803 0.8780593 0.0074581 0.4778620
61.105710 -11.8131027 -1.2793795 32.0563011 -0.0244150 0.8773574 0.0082377 0.4791451
61.312830 -11.6999893 -1.2764338 31.9865437 -0.0228286 0.8747067 0.0081557 0.4840461
61.520080 -11.5832195 -1.2728364 31.9174957 -0.0233320 0.8702196 0.0080048 0.4920461
61.727340 -11.4640045 -1.2694048 31.8507729 -0.0252360 0.8654177 0.0100036 0.5003152
62.038330 -11.2820644 -1.2633557 31.7537231 -0.0255964 0.8572055 0.0102835 0.5142352
62.245700 -11.1603937 -1.2601994 31.6940079 -0.0262983 0.8511702 0.0104150 0.5241271
62.556850 -10.9752455 -1.2537820 31.6085663 -0.0257902 0.8405826 0.0093532 0.5409882
62.867850 -10.7886906 -1.2468510 31.5339050 -0.0270651 0.8276002 0.0152969 0.5604564
63.178580 -10.6017838 -1.2392212 31.4723549 -0.0263097 0.8072314 0.0201169 0.5893052
63.489330 -10.4151163 -1.2299261 31.4315910 -0.0283493 0.7764356 0.0153871 0.6293707
63.800710 -10.2271976 -1.2219105 31.4052639 -0.0318586 0.7562521 0.0178526 0.6532604
64.111710 -10.0428343 -1.2123716 31.3908062 -0.0265678 0.7274948 0.0214266 0.6852638
64.422590 -9.8583488 -1.2035451 31.3989086 -0.0221164 0.6867392 0.0199228 0.7262942
64.733580 -9.6725807 -1.1931386 31.4293480 -0.0207403 0.6398728 0.0225828 0.7678689
65.044710 -9.4872246 -1.1823890 31.4841747 -0.0209761 0.5909038 0.0241658 0.8061072
65.355840 -9.3083000 -1.1730947 31.5655174 -0.0214325 0.5405087 0.0234625 0.8407381
65.667210 -9.1311083 -1.1639678 31.6700268 -0.0172701 0.4910907 0.0239891 0.8706068
65.978600 -8.9560976 -1.1553204 31.7988453 -0.0204934 0.4488907 0.0225898 0.8930660
66.186210 -8.8415880 -1.1482382 31.8949623 -0.0183135 0.4246542 0.0230700 0.9048764
66.497920 -8.6715784 -1.1384137 32.0553360 -0.0210481 0.3935870 0.0230423 0.9187575
66.705690 -8.5594234 -1.1317503 32.1704903 -0.0174598 0.3773479 0.0231302 0.9256180
66.913490 -8.4486113 -1.1253785 32.2921066 -0.0163039 0.3641399 0.0234120 0.9309072
67.121460 -8.3351107 -1.1187571 32.4225273 -0.0180890 0.3582035 0.0212782 0.9332258
67.329650 -8.2183962 -1.1119709 32.5541916 -0.0183598 0.3589970 0.0199597 0.9329446
67.433640 -8.1578827 -1.1087564 32.6210098 -0.0177234 0.3603214 0.0200771 0.9324437
67.641650 -8.0357027 -1.1018274 32.7553940 -0.0170333 0.3632173 0.0211214 0.9313093
67.849620 -7.9085417 -1.0941870 32.8941154 -0.0191885 0.3671803 0.0203727 0.9297287
68.057750 -7.7793283 -1.0870574 33.0315514 -0.0207974 0.3720835 0.0198019 0.9277549
68.265120 -7.6456108 -1.0799608 33.1694336 -0.0201308 0.3771023 0.0199881 0.9257370
68.472850 -7.5071545 -1.0721109 33.3093987 -0.0187991 0.3823513 0.0221710 0.9235597
68.680480 -7.3658781 -1.0648732 33.4485397 -0.0154370 0.3875143 0.0242780 0.9214147
68.887970 -7.2195930 -1.0581855 33.5891457 -0.0138324 0.3924821 0.0252066 0.9193101
69.095470 -7.0690308 -1.0520639 33.7308655 -0.0148147 0.3976761 0.0293075 0.9169380
69.302960 -6.9141321 -1.0435340 33.8719521 -0.0140350 0.4024040 0.0345849 0.9147010
69.510340 -6.7577257 -1.0349386 34.0131149 -0.0143092 0.4071163 0.0369280 0.9125173
69.717840 -6.5988712 -1.0255843 34.1544876 -0.0181052 0.4134898 0.0373892 0.9095606
69.925340 -6.4360638 -1.0146465 34.2937050 -0.0150610 0.4215289 0.0336906 0.9060637
70.132840 -6.2694635 -1.0054162 34.4324799 -0.0146806 0.4315710 0.0312244 0.9014189
70.444190 -6.0101299 -0.9923696 34.6357727 -0.0138704 0.4465747 0.0268634 0.8942354
70.651470 -5.8310976 -0.9852155 34.7694206 -0.0124457 0.4544246 0.0231179 0.8903982
70.858940 -5.6480074 -0.9780996 34.9030991 -0.0134250 0.4614181 0.0195784 0.8868651
71.066330 -5.4593172 -0.9701430 35.0369225 -0.0192973 0.4665560 0.0188377 0.8840805
71.273590 -5.2672949 -0.9601460 35.1690369 -0.0221466 0.4699567 0.0190751 0.8822054
71.377340 -5.1705570 -0.9545173 35.2354584 -0.0230962 0.4710557 0.0178262 0.8816208
71.584820 -4.9738684 -0.9435288 35.3683357 -0.0251988 0.4719692 0.0216245 0.8809895
71.688470 -4.8742399 -0.9365625 35.4352684 -0.0245730 0.4719869 0.0239325 0.8809380
71.895840 -4.6746979 -0.9242768 35.5692902 -0.0239846 0.4715725 0.0258680 0.8811215
72.103220 -4.4730263 -0.9113355 35.7042542 -0.0248053 0.4711562 0.0286050 0.8812368
72.310590 -4.2704382 -0.8982164 35.8403091 -0.0185307 0.4707789 0.0317931 0.8814834
72.517970 -4.0650425 -0.8863348 35.9768829 -0.0145608 0.4700140 0.0375951 0.8817377
72.725470 -3.8586483 -0.8741031 36.1146851 -0.0147541 0.4689636 0.0412466 0.8821305
72.932970 -3.6535616 -0.8616828 36.2552299 -0.0156354 0.4699804 0.0392302 0.8816660
73.140340 -3.4476614 -0.8497573 36.3947334 -0.0139062 0.4716381 0.0379157 0.8808669
73.347470 -3.2390594 -0.8387856 36.5339890 -0.0136608 0.4723535 0.0392416 0.8804293
73.554740 -3.0322237 -0.8271170 36.6728859 -0.0134411 0.4731900 0.0397977 0.8799583
73.762090 -2.8229952 -0.8160291 36.8120079 -0.0141712 0.4736457 0.0400420 0.8796906
73.865860 -2.7185450 -0.8095676 36.8816986 -0.0138893 0.4736983 0.0397255 0.8796811
74.073290 -2.5080709 -0.7972085 37.0225868 -0.0153322 0.4738187 0.0388991 0.8796293
74.280650 -2.2973166 -0.7852615 37.1637154 -0.0170881 0.4736533 0.0396926 0.8796506
74.487840 -2.0852613 -0.7717561 37.3060875 -0.0167068 0.4733375 0.0378379 0.8799095
74.695350 -1.8745937 -0.7601854 37.4477310 -0.0160981 0.4735718 0.0344107 0.8799355
74.902850 -1.6599541 -0.7474922 37.5905991 -0.0184520 0.4735384 0.0349791 0.8798848
75.110360 -1.4461880 -0.7348284 37.7333679 -0.0187581 0.4743035 0.0357822 0.8794339
75.317720 -1.2321453 -0.7210029 37.8761940 -0.0182204 0.4747858 0.0349652 0.8792178
75.525220 -1.0176067 -0.7079358 38.0200195 -0.0168553 0.4753043 0.0340359 0.8790013
75.732720 -0.7992020 -0.6950896 38.1649818 -0.0174165 0.4755388 0.0344150 0.8788487
75.940090 -0.5812073 -0.6819333 38.3098602 -0.0199130 0.4756607 0.0353802 0.8786914
76.147610 -0.3626385 -0.6683377 38.4548836 -0.0197581 0.4756368 0.0361759 0.8786755
76.354980 -0.1434269 -0.6544482 38.5995979 -0.0167099 0.4751048 0.0355476 0.8790520
76.562350 0.0775528 -0.6407105 38.7448769 -0.0137357 0.4744110 0.0378630 0.8793815
76.769590 0.2978535 -0.6278300 38.8920784 -0.0158873 0.4731683 0.0389835 0.8799657
76.976990 0.5194206 -0.6147656 39.0415878 -0.0174991 0.4726574 0.0344525 0.8803986
77.287980 0.8510799 -0.5970676 39.2652283 -0.0135261 0.4723537 0.0329761 0.8806881
77.495500 1.0720406 -0.5859642 39.4137955 -0.0168981 0.4724117 0.0327837 0.8806059
77.702960 1.2945099 -0.5728111 39.5633392 -0.0177270 0.4725950 0.0322228 0.8805120
77.910360 1.5183105 -0.5615861 39.7131805 -0.0153751 0.4724363 0.0309196 0.8806881
78.117680 1.7404003 -0.5511719 39.8626976 -0.0163349 0.4724609 0.0304300 0.8806747
78.325040 1.9638386 -0.5391461 40.0130882 -0.0189193 0.4726774 0.0313340 0.8804750
78.532350 2.1862106 -0.5272291 40.1613731 -0.0167228 0.4728929 0.0317427 0.8803892
78.739740 2.4092388 -0.5164967 40.3101273 -0.0138178 0.4730949 0.0310058 0.8803573
79.050720 2.7454834 -0.5013596 40.5351906 -0.0151746 0.4737961 0.0302073 0.8799855
79.258220 2.9691753 -0.4907345 40.6833572 -0.0154386 0.4742707 0.0314772 0.8796807
79.569230 3.3063793 -0.4738647 40.9068527 -0.0162877 0.4755442 0.0312868 0.8789844
79.880590 3.6453018 -0.4571246 41.1294479 -0.0137884 0.4764532 0.0311824 0.8785385
80.191600 3.9833908 -0.4433900 41.3515244 -0.0103714 0.4767233 0.0311070 0.8784416
80.503920 4.3210335 -0.4282690 41.5770264 -0.0141815 0.4758675 0.0271214 0.8789843
80.813660 4.6586800 -0.4153332 41.8020554 -0.0156638 0.4741909 0.0236156 0.8799659
81.124760 4.9898243 -0.4022689 42.0252151 -0.0173998 0.4714079 0.0211335 0.8814903
81.332260 5.2097740 -0.3934993 42.1765518 -0.0191754 0.4698047 0.0192263 0.8823527
81.643290 5.5334721 -0.3819858 42.3985214 -0.0196252 0.4664544 0.0176014 0.8841523
81.850630 5.7484207 -0.3729882 42.5493546 -0.0203413 0.4644744 0.0165722 0.8851978
82.058200 5.9606247 -0.3636137 42.6998138 -0.0211352 0.4626982 0.0153018 0.8861318
82.265500 6.1704178 -0.3553041 42.8479309 -0.0221190 0.4606679 0.0146032 0.8871768
82.369270 6.2754612 -0.3512067 42.9230385 -0.0216573 0.4596108 0.0139342 0.8877469
82.576610 6.4831905 -0.3421127 43.0742531 -0.0222233 0.4578341 0.0121340 0.8886770
82.784150 6.6891766 -0.3335688 43.2249069 -0.0225055 0.4560119 0.0094394 0.8896390
82.991540 6.8943787 -0.3257748 43.3748398 -0.0234429 0.4540439 0.0091783 0.8906236
83.198860 7.0974808 -0.3172032 43.5250397 -0.0229605 0.4522605 0.0085111 0.8915496
83.406240 7.2995338 -0.3093175 43.6749954 -0.0221411 0.4503731 0.0081150 0.8925290
83.613610 7.4985199 -0.3016502 43.8257523 -0.0225506 0.4495171 0.0051850 0.8929720
83.821030 7.6972446 -0.2951527 43.9758377 -0.0260768 0.4494693 0.0030173 0.8929100
84.028730 7.8943882 -0.2870990 44.1247787 -0.0247049 0.4495125 0.0027538 0.8929281
84.235980 8.0909252 -0.2793256 44.2716217 -0.0249426 0.4514927 0.0022514 0.8919232
84.443390 8.2863102 -0.2715617 44.4187469 -0.0275107 0.4545919 -0.0018227 0.8902730
84.650890 8.4832478 -0.2629795 44.5627213 -0.0258954 0.4578068 -0.0020016 0.8886723
84.858400 8.6810551 -0.2570583 44.7022552 -0.0256874 0.4621248 -0.0011950 0.8864420
85.065900 8.8808270 -0.2499230 44.8443832 -0.0227050 0.4681106 -0.0029335 0.8833733
85.169620 8.9793625 -0.2475437 44.9116249 -0.0224190 0.4706742 -0.0048137 0.8820091
85.377120 9.1812210 -0.2428132 45.0439529 -0.0261144 0.4753199 -0.0032992 0.8794192
85.584740 9.3836727 -0.2359672 45.1774139 -0.0232627 0.4807567 -0.0040761 0.8765359
85.792120 9.5872879 -0.2293009 45.3083420 -0.0240795 0.4847445 -0.0038893 0.8743156
85.895860 9.6893101 -0.2264794 45.3714600 -0.0223487 0.4859645 -0.0047749 0.8736797
86.103400 9.8921947 -0.2204472 45.4989090 -0.0207816 0.4885736 -0.0063423 0.8722521
86.206900 9.9939117 -0.2168261 45.5621262 -0.0223645 0.4890912 -0.0058152 0.8719265
86.310580 10.0956230 -0.2145309 45.6252747 -0.0226091 0.4890738 -0.0048343 0.8719359
86.414170 10.1976910 -0.2122663 45.6880188 -0.0216784 0.4888927 -0.0044561 0.8720631
86.517910 10.2992039 -0.2101532 45.7506180 -0.0191380 0.4887263 -0.0052045 0.8722117
86.725250 10.5009460 -0.2075530 45.8765945 -0.0141604 0.4880311 -0.0059592 0.8726910
86.932480 10.7045078 -0.2067710 46.0027733 -0.0122149 0.4860292 -0.0018165 0.8738553
87.036280 10.8056831 -0.2057661 46.0666122 -0.0119577 0.4850917 0.0002977 0.8743815
87.244400 11.0099411 -0.2047058 46.1951599 -0.0130825 0.4819233 0.0054715 0.8760986
87.451140 11.2126713 -0.2009748 46.3256683 -0.0122695 0.4784173 0.0069277 0.8780196
87.658480 11.4122124 -0.1992889 46.4562454 -0.0037090 0.4738493 0.0071535 0.8805691
87.866020 11.6121807 -0.1985800 46.5915642 -0.0052049 0.4691693 0.0093673 0.8830432
88.073530 11.8116302 -0.1965347 46.7293358 -0.0095367 0.4675951 0.0094771 0.8838405
88.177270 11.9089737 -0.1946935 46.7971382 -0.0092896 0.4671885 0.0094741 0.8840582
88.384760 12.1063519 -0.1935014 46.9330444 -0.0038606 0.4662375 0.0093504 0.8846018
88.592130 12.3027554 -0.1936600 47.0689201 -0.0024326 0.4652644 0.0105072 0.8851060
88.695890 12.4020653 -0.1929095 47.1384773 -0.0031643 0.4648043 0.0112466 0.8853363
88.903260 12.6033497 -0.1910021 47.2781677 -0.0027668 0.4640184 0.0133074 0.8857213
89.110890 12.8041973 -0.1900430 47.4176865 -0.0030676 0.4631766 0.0163166 0.8861105
89.318260 13.0094852 -0.1879398 47.5617218 -0.0025600 0.4626547 0.0177624 0.8863569
89.525610 13.2145271 -0.1865386 47.7050018 -0.0026395 0.4622311 0.0207585 0.8865126
89.629370 13.3160954 -0.1850639 47.7768021 -0.0009626 0.4620756 0.0213444 0.8865831
89.836810 13.5198917 -0.1838150 47.9204254 0.0034988 0.4615091 0.0205165 0.8868913
89.940490 13.6234798 -0.1833626 47.9948273 0.0034624 0.4615100 0.0204279 0.8868930
90.147910 13.8343945 -0.1831329 48.1427002 0.0037266 0.4609832 0.0212694 0.8871461
90.355270 14.0448570 -0.1832277 48.2926559 0.0037058 0.4609886 0.0220184 0.8871251
90.458880 14.1515408 -0.1833591 48.3676910 0.0033979 0.4608594 0.0228006 0.8871737
90.666250 14.3651829 -0.1826005 48.5189056 0.0031886 0.4604671 0.0250166 0.8873185
90.873620 14.5800400 -0.1823257 48.6715965 0.0058548 0.4603101 0.0236137 0.8874248
91.080920 14.7953568 -0.1849426 48.8244934 0.0080219 0.4601369 0.0216118 0.8875487
91.288300 15.0095177 -0.1858696 48.9770088 0.0071225 0.4598668 0.0220772 0.8876849
91.495550 15.2233334 -0.1891554 49.1290054 0.0094678 0.4597001 0.0220277 0.8877505
91.806680 15.5595417 -0.1888243 49.3686485 0.0076059 0.4595836 0.0259494 0.8877228
92.117730 15.8908443 -0.1906685 49.6050491 0.0126890 0.4591512 0.0267737 0.8878639
92.428770 16.2254677 -0.1962354 49.8443489 0.0144177 0.4593321 0.0219284 0.8878769
92.739900 16.5770111 -0.1993798 50.0960312 0.0123979 0.4605331 0.0194908 0.8873419
92.947250 16.8144760 -0.2030425 50.2651672 0.0120186 0.4618503 0.0173889 0.8867059
93.258440 17.1774883 -0.2072002 50.5212097 0.0106601 0.4640143 0.0185774 0.8855687
93.569370 17.5572987 -0.2116117 50.7850647 0.0118263 0.4639349 0.0189678 0.8855872
93.880370 17.9451199 -0.2118270 51.0583801 0.0055322 0.4624368 0.0194475 0.8864217
94.191840 18.3409843 -0.2118184 51.3385811 0.0057598 0.4609605 0.0183238 0.8872128
94.398840 18.6079826 -0.2133853 51.5299759 0.0072229 0.4601697 0.0156806 0.8876631
94.709880 19.0143909 -0.2167541 51.8208618 0.0028676 0.4587226 0.0147878 0.8884518
94.917300 19.2885571 -0.2167251 52.0186996 0.0020193 0.4581280 0.0131958 0.8887860
95.124490 19.5721416 -0.2157656 52.2235718 0.0013706 0.4577943 0.0150622 0.8889295
95.435700 19.9909306 -0.2172613 52.5251236 0.0013607 0.4583690 0.0187271 0.8885636
