0.000000 0.0000000 0.0000000 0.0000000 0.0000000 0.0000000 0.0000000 1.0000000
0.103391 -0.0006791 -0.0005225 0.0917535 0.0022179 0.0008010 -0.0003670 0.9999971
0.207106 -0.0003827 -0.0001997 0.1836053 0.0026965 0.0011266 0.0007990 0.9999954
0.310262 -0.0003653 -0.0000162 0.2754993 0.0007357 0.0012114 0.0015439 0.9999978
0.413621 -0.0004435 -0.0002060 0.3672776 -0.0023490 0.0009207 0.0027748 0.9999930
0.517929 -0.0001074 -0.0001703 0.4577122 -0.0023967 0.0002245 0.0045849 0.9999866
0.620389 -0.0003147 0.0002753 0.5481122 -0.0009452 -0.0001713 0.0058499 0.9999824
0.724219 -0.0004973 0.0005349 0.6377863 0.0007870 -0.0006003 0.0061486 0.9999806
0.827211 -0.0010344 0.0004342 0.7271281 0.0010756 -0.0009412 0.0059781 0.9999811
0.930557 -0.0019457 0.0003900 0.8159754 0.0001412 -0.0014204 0.0058228 0.9999821
1.137438 -0.0031801 0.0002580 0.9931892 -0.0022092 -0.0021794 0.0057371 0.9999787
1.244258 -0.0040425 0.0008779 1.0821103 -0.0024960 -0.0024062 0.0063090 0.9999741
1.344229 -0.0043890 0.0012591 1.1702466 -0.0025281 -0.0029706 0.0064604 0.9999715
1.447568 -0.0049498 0.0018049 1.2584153 -0.0017010 -0.0033645 0.0065806 0.9999712
1.654521 -0.0071262 0.0019960 1.4323143 -0.0002474 -0.0048637 0.0076236 0.9999591
1.861353 -0.0101614 0.0021027 1.6057993 0.0005855 -0.0064097 0.0068136 0.9999561
2.068236 -0.0140355 0.0022998 1.7787724 0.0002752 -0.0078078 0.0064186 0.9999489
2.275131 -0.0179367 0.0022992 1.9494473 -0.0006692 -0.0091896 0.0059065 0.9999401
2.482010 -0.0223097 0.0026866 2.1177309 -0.0002466 -0.0107034 0.0064225 0.9999220
2.689023 -0.0265885 0.0028848 2.2844663 -0.0014645 -0.0117799 0.0063827 0.9999092
2.896139 -0.0308720 0.0030612 2.4475410 -0.0036928 -0.0125104 0.0071613 0.9998893
3.103545 -0.0356455 0.0036451 2.6050808 -0.0016947 -0.0133335 0.0060179 0.9998916
3.310078 -0.0403517 0.0035858 2.7582872 -0.0007842 -0.0143091 0.0053981 0.9998828
3.517076 -0.0457346 0.0036464 2.9077210 -0.0000741 -0.0159275 0.0052845 0.9998592
3.724674 -0.0519678 0.0037840 3.0543926 -0.0006080 -0.0178433 0.0053724 0.9998262
3.931241 -0.0581785 0.0040576 3.1978426 -0.0024293 -0.0199061 0.0050289 0.9997863
4.142151 -0.0653111 0.0038998 3.3361304 -0.0021989 -0.0218078 0.0030894 0.9997550
4.345966 -0.0728351 0.0039664 3.4715405 -0.0025260 -0.0233782 0.0023051 0.9997209
4.552519 -0.0806467 0.0046338 3.6028683 -0.0036458 -0.0238921 0.0002775 0.9997079
4.760815 -0.0883850 0.0045165 3.7284954 -0.0010780 -0.0222316 -0.0024817 0.9997492
4.966824 -0.0937675 0.0053291 3.8521526 -0.0004752 -0.0196776 -0.0032193 0.9998011
5.174268 -0.0996136 0.0054181 3.9721367 -0.0034704 -0.0161257 -0.0076827 0.9998344
5.381142 -0.1037320 0.0059943 4.0867496 -0.0040896 -0.0112756 -0.0119659 0.9998565
5.588095 -0.1065544 0.0065184 4.1938815 -0.0058136 -0.0050434 -0.0165260 0.9998338
5.795223 -0.1074250 0.0066796 4.2929397 -0.0058588 0.0021483 -0.0199129 0.9997823
6.002373 -0.1068898 0.0077268 4.3838019 -0.0043423 0.0096862 -0.0241049 0.9996531
6.313021 -0.1026548 0.0079685 4.5029640 -0.0037600 0.0216331 -0.0252634 0.9994397
6.623722 -0.0972306 0.0078284 4.6032681 -0.0044310 0.0344975 -0.0300459 0.9989432
6.830809 -0.0925070 0.0077655 4.6589546 -0.0050846 0.0437217 -0.0315835 0.9985315
7.141701 -0.0820898 0.0074350 4.7354460 -0.0004782 0.0619320 -0.0307259 0.9976072
7.353300 -0.0728920 0.0068436 4.7838445 0.0006323 0.0778513 -0.0323986 0.9964382
8.593446 0.0319138 0.0010832 5.0530524 0.0042811 0.2265150 -0.0344846 0.9733876
8.799662 0.0618076 -0.0004694 5.0945930 0.0078896 0.2642054 -0.0343229 0.9638232
9.110580 0.1180522 -0.0032858 5.1589885 0.0103681 0.3262547 -0.0383786 0.9444456
9.421456 0.1911609 -0.0080823 5.2248535 0.0106121 0.3952659 -0.0401725 0.9176266
9.732384 0.2879992 -0.0139170 5.2867107 0.0123085 0.4691225 -0.0387827 0.8821953
9.939685 0.3644853 -0.0185855 5.3230319 0.0120050 0.5183495 -0.0377530 0.8542508
10.146770 0.4504658 -0.0226780 5.3546629 0.0087095 0.5644470 -0.0393632 0.8244842
10.353670 0.5426234 -0.0279037 5.3753972 0.0122831 0.6057326 -0.0357574 0.7947695
10.562990 0.6430660 -0.0329824 5.3887243 0.0178043 0.6408265 -0.0276049 0.7669826
10.664530 0.6949932 -0.0352997 5.3939028 0.0192970 0.6556621 -0.0273544 0.7543120
10.870220 0.8041514 -0.0423466 5.3988767 0.0241647 0.6789337 -0.0224029 0.7334597
11.077200 0.9194437 -0.0483706 5.4010210 0.0268298 0.6954594 -0.0179357 0.7178403
11.284150 1.0390753 -0.0548123 5.4006214 0.0281786 0.7059668 -0.0175476 0.7074666
11.488980 1.1640799 -0.0619577 5.3976150 0.0311872 0.7132851 -0.0170771 0.6999715
11.695270 1.2941326 -0.0695027 5.3934321 0.0329871 0.7172589 -0.0159976 0.6958417
11.901710 1.4305642 -0.0764620 5.3894935 0.0281578 0.7195176 -0.0142088 0.6937577
12.108000 1.5719005 -0.0839589 5.3835001 0.0266525 0.7201241 -0.0096543 0.6932660
12.314500 1.7155478 -0.0906288 5.3774986 0.0314851 0.7197067 -0.0117976 0.6934636
12.521050 1.8630034 -0.0977332 5.3725710 0.0351984 0.7180744 -0.0143939 0.6949267
12.830730 2.0918593 -0.1114077 5.3675809 0.0298373 0.7155465 -0.0109120 0.6978423
13.037710 2.2429538 -0.1198357 5.3628106 0.0371064 0.7131143 -0.0114103 0.6999720
13.244210 2.3960645 -0.1280569 5.3631983 0.0326494 0.7110967 -0.0142090 0.7021920
13.554880 2.6254513 -0.1432063 5.3618650 0.0363854 0.7072881 -0.0117633 0.7058904
13.761270 2.7795141 -0.1523740 5.3633299 0.0350650 0.7045972 -0.0133936 0.7086140
13.968170 2.9337146 -0.1633894 5.3637924 0.0371198 0.7020342 -0.0093798 0.7111133
14.278600 3.1651008 -0.1777693 5.3691707 0.0386223 0.6986889 -0.0075887 0.7143421
14.588970 3.3974078 -0.1916188 5.3769999 0.0384363 0.6952559 -0.0087276 0.7176808
14.899490 3.6315362 -0.2052795 5.3872294 0.0380649 0.6924611 -0.0096127 0.7203862
15.209870 3.8679790 -0.2213386 5.3999510 0.0379711 0.6890017 -0.0132175 0.7236437
15.520220 4.1076097 -0.2372858 5.4166093 0.0361655 0.6857141 -0.0176859 0.7267568
15.830620 4.3509035 -0.2547547 5.4342270 0.0362792 0.6815605 -0.0194910 0.7306019
16.140910 4.5974836 -0.2729902 5.4561658 0.0357132 0.6764033 -0.0211719 0.7353604
16.453450 4.8450394 -0.2923275 5.4826841 0.0394384 0.6684154 -0.0292144 0.7421671
16.761400 5.0963655 -0.3144875 5.5147319 0.0355273 0.6601523 -0.0280742 0.7497657
17.073430 5.3476715 -0.3341265 5.5530329 0.0285262 0.6519012 -0.0239907 0.7573873
17.383340 5.5914283 -0.3526763 5.5939913 0.0329885 0.6447449 -0.0282785 0.7631620
17.693880 5.8289704 -0.3737189 5.6385021 0.0331005 0.6386912 -0.0279082 0.7682441
18.003090 6.0604696 -0.3920413 5.6855822 0.0252281 0.6345088 -0.0237716 0.7721380
18.313370 6.2819419 -0.4077160 5.7331276 0.0248351 0.6316472 -0.0284846 0.7743343
18.520470 6.4238925 -0.4188856 5.7650323 0.0279049 0.6300032 -0.0320635 0.7754284
18.830950 6.6318226 -0.4360985 5.8111615 0.0269293 0.6285132 -0.0321464 0.7766676
19.141510 6.8302546 -0.4519513 5.8543463 0.0255891 0.6289978 -0.0304807 0.7763877
19.351800 6.9575782 -0.4626951 5.8825202 0.0260414 0.6304761 -0.0323665 0.7750962
19.660070 7.1417046 -0.4774250 5.9195204 0.0287589 0.6328288 -0.0323162 0.7730824
19.866980 7.2611222 -0.4875450 5.9435339 0.0259305 0.6347222 -0.0302308 0.7717133
20.073350 7.3763170 -0.4972229 5.9651384 0.0288170 0.6363086 -0.0280264 0.7703866
20.280310 7.4886017 -0.5054305 5.9861946 0.0318670 0.6379580 -0.0282667 0.7688920
20.487640 7.6005054 -0.5149467 6.0069861 0.0326748 0.6388734 -0.0281039 0.7681037
20.694250 7.7137828 -0.5240551 6.0271468 0.0355061 0.6380007 -0.0234809 0.7688583
20.902080 7.8271565 -0.5326509 6.0488200 0.0354810 0.6358182 -0.0231747 0.7706745
21.108200 7.9423442 -0.5416902 6.0734658 0.0355284 0.6311173 -0.0230071 0.7745317
21.316100 8.0595684 -0.5504685 6.1009617 0.0345096 0.6248044 -0.0227721 0.7796858
21.524290 8.1783428 -0.5600390 6.1315985 0.0327319 0.6173338 -0.0238998 0.7856567
21.730330 8.2994118 -0.5693934 6.1663618 0.0320323 0.6094654 -0.0282613 0.7916610
21.936170 8.4242449 -0.5792938 6.2042150 0.0322162 0.6006045 -0.0310224 0.7982944
22.141920 8.5516815 -0.5904237 6.2453327 0.0313492 0.5920287 -0.0321658 0.8046643
22.452170 8.7527285 -0.6048419 6.3156595 0.0275070 0.5788385 -0.0284668 0.8144808
22.659440 8.8922186 -0.6147845 6.3683300 0.0249642 0.5697036 -0.0256740 0.8210697
22.969530 9.1087112 -0.6273569 6.4534984 0.0276152 0.5591793 -0.0139310 0.8284696
23.280040 9.3297014 -0.6405442 6.5448251 0.0334449 0.5491768 -0.0115566 0.8349567
23.590650 9.5480013 -0.6568638 6.6442847 0.0351631 0.5412533 -0.0150873 0.8399885
23.903510 9.7582836 -0.6741598 6.7454205 0.0357646 0.5355040 -0.0215032 0.8435010
24.213210 9.9634953 -0.6928768 6.8468623 0.0337524 0.5301437 -0.0218079 0.8469551
24.422100 10.0947762 -0.7046797 6.9136539 0.0315343 0.5268553 -0.0211319 0.8491069
24.728750 10.2827406 -0.7206535 7.0100799 0.0323285 0.5229402 -0.0211393 0.8514937
25.039090 10.4622869 -0.7366782 7.1038361 0.0324862 0.5204706 -0.0198016 0.8530316
25.349360 10.6329756 -0.7519554 7.1933002 0.0351270 0.5163874 -0.0188876 0.8554258
25.659630 10.7962093 -0.7667764 7.2826576 0.0364296 0.5119331 -0.0163939 0.8580959
25.970230 10.9523916 -0.7799176 7.3686681 0.0379799 0.5064599 -0.0154978 0.8612872
26.280040 11.1034918 -0.7943271 7.4567480 0.0413293 0.4991905 -0.0194043 0.8652886
26.590190 11.2514715 -0.8103362 7.5494981 0.0439253 0.4895166 -0.0283409 0.8704256
26.900360 11.4038620 -0.8266108 7.6520414 0.0343198 0.4809493 -0.0323172 0.8754802
27.210600 11.5606756 -0.8414832 7.7615504 0.0275308 0.4711954 -0.0361382 0.8808581
27.520750 11.7232952 -0.8560705 7.8784046 0.0282882 0.4608652 -0.0413313 0.8860558
27.831080 11.8945751 -0.8711739 8.0085917 0.0242549 0.4500083 -0.0443188 0.8915941
28.141050 12.0713034 -0.8875258 8.1486063 0.0223002 0.4371497 -0.0452563 0.8979726
28.451340 12.2535257 -0.9028610 8.3016272 0.0213654 0.4256925 -0.0459607 0.9034473
28.761830 12.4431181 -0.9200968 8.4624691 0.0229915 0.4195943 -0.0408483 0.9065006
28.970690 12.5749922 -0.9306264 8.5741558 0.0242487 0.4155598 -0.0336676 0.9086190
29.176740 12.7067699 -0.9418954 8.6901598 0.0237294 0.4118886 -0.0300015 0.9104310
29.384830 12.8381348 -0.9526699 8.8099537 0.0239147 0.4077878 -0.0333306 0.9121547
29.692890 13.0372667 -0.9678743 8.9955597 0.0169194 0.4019474 -0.0349975 0.9148372
29.899820 13.1721048 -0.9768199 9.1221533 0.0128250 0.3970438 -0.0316375 0.9171646
30.106560 13.3063974 -0.9854312 9.2487926 0.0194716 0.3912208 -0.0253138 0.9197425
30.313330 13.4394369 -0.9950178 9.3793745 0.0268324 0.3842112 -0.0232625 0.9225620
30.520070 13.5727758 -1.0058383 9.5156498 0.0253181 0.3768183 -0.0187856 0.9257506
30.726980 13.7040968 -1.0167502 9.6523418 0.0294697 0.3702018 -0.0167522 0.9283327
30.933840 13.8347740 -1.0268888 9.7935905 0.0302896 0.3655473 -0.0155547 0.9301698
31.142770 13.9651041 -1.0387475 9.9343824 0.0280678 0.3630649 -0.0115097 0.9312699
31.451260 14.1602383 -1.0542052 10.1482887 0.0260963 0.3625504 -0.0096048 0.9315492
31.661730 14.2889843 -1.0638900 10.2904558 0.0264231 0.3636657 -0.0128413 0.9310662
31.970850 14.4838314 -1.0805199 10.5046883 0.0246574 0.3678626 -0.0180529 0.9293779
32.280170 14.6810093 -1.0958842 10.7149992 0.0217600 0.3731880 -0.0158889 0.9273644
32.589890 14.8754997 -1.1112094 10.9174261 0.0296093 0.3791359 -0.0242529 0.9245491
32.902290 15.0734863 -1.1283683 11.1173172 0.0217337 0.3860918 -0.0248235 0.9218701
33.211600 15.2704639 -1.1444979 11.3110600 0.0237802 0.3925008 -0.0224937 0.9191690
33.417090 15.4040108 -1.1552376 11.4380150 0.0274324 0.3972054 -0.0208534 0.9170826
33.623980 15.5386972 -1.1662569 11.5645294 0.0268477 0.4022468 -0.0221995 0.9148682
33.830820 15.6740952 -1.1776752 11.6873474 0.0266682 0.4086734 -0.0235686 0.9119865
34.142230 15.8811874 -1.1957041 11.8696356 0.0310916 0.4195759 -0.0302005 0.9066848
34.348070 16.0245361 -1.2081016 11.9905148 0.0211073 0.4277363 -0.0296197 0.9031715
34.555090 16.1718674 -1.2178057 12.1101017 0.0164194 0.4360490 -0.0297334 0.8992817
34.764710 16.3212872 -1.2277617 12.2264032 0.0209100 0.4445460 -0.0284061 0.8950613
34.969030 16.4730072 -1.2392881 12.3374968 0.0285105 0.4522478 -0.0297928 0.8909385
35.176790 16.6276913 -1.2531372 12.4476805 0.0261282 0.4603430 -0.0252308 0.8869978
35.382770 16.7823544 -1.2646961 12.5546541 0.0258654 0.4678032 -0.0258497 0.8830758
35.589680 16.9357910 -1.2772990 12.6559763 0.0262614 0.4740005 -0.0207980 0.8798871
35.796540 17.0875378 -1.2890034 12.7553988 0.0234222 0.4789540 -0.0202038 0.8772948
36.006010 17.2369442 -1.3002316 12.8510771 0.0260968 0.4833403 -0.0215219 0.8747788
36.210300 17.3826046 -1.3113145 12.9423351 0.0289075 0.4864850 -0.0247560 0.8728596
36.417070 17.5296211 -1.3227108 13.0330868 0.0241915 0.4892405 -0.0198086 0.8715882
36.623970 17.6733189 -1.3329363 13.1182508 0.0256955 0.4918758 -0.0149819 0.8701572
36.830740 17.8130150 -1.3435402 13.2027721 0.0298230 0.4939959 -0.0182475 0.8687610
37.040370 17.9498196 -1.3542124 13.2836943 0.0358972 0.4959925 -0.0203577 0.8673456
37.244700 18.0856018 -1.3655586 13.3626299 0.0247407 0.4988320 -0.0185953 0.8661459
37.451400 18.2183914 -1.3751842 13.4422874 0.0195336 0.5014007 -0.0208565 0.8647432
37.658150 18.3488083 -1.3827808 13.5160198 0.0238614 0.5037786 -0.0210720 0.8632460
37.865070 18.4765167 -1.3920482 13.5885277 0.0223014 0.5063367 -0.0208362 0.8617956
38.072390 18.6006489 -1.4007913 13.6569252 0.0227929 0.5088276 -0.0202514 0.8603283
38.278810 18.7227898 -1.4093430 13.7232361 0.0247462 0.5127444 -0.0210651 0.8579260
38.485830 18.8426685 -1.4177343 13.7869864 0.0265302 0.5174124 -0.0225510 0.8550275
38.796340 19.0224037 -1.4308592 13.8778782 0.0309024 0.5261037 -0.0246100 0.8495023
39.106870 19.2081146 -1.4453194 13.9691277 0.0284420 0.5351588 -0.0287380 0.8437833
39.417430 19.3995190 -1.4610205 14.0567055 0.0305262 0.5450757 -0.0341144 0.8371361
39.727990 19.6004219 -1.4792111 14.1430302 0.0317559 0.5550004 -0.0376895 0.8303889
40.038300 19.8134861 -1.4978359 14.2266073 0.0328585 0.5648413 -0.0352147 0.8237928
40.350540 20.0372562 -1.5166520 14.3098507 0.0293963 0.5737986 -0.0315446 0.8178606
40.660160 20.2728500 -1.5339952 14.3909254 0.0263892 0.5807836 -0.0261314 0.8132104
40.969360 20.5145435 -1.5522534 14.4690742 0.0433104 0.5861609 -0.0296978 0.8084910
41.385110 20.8539295 -1.5834689 14.5748825 0.0429368 0.5941620 -0.0222530 0.8028903
41.693290 21.1150093 -1.6081692 14.6559200 0.0414318 0.6003788 -0.0281643 0.7981450
42.106940 21.4683228 -1.6422112 14.7547817 0.0409012 0.6090432 -0.0298857 0.7915177
42.417600 21.7451305 -1.6683235 14.8246517 0.0425066 0.6138304 -0.0267534 0.7878386
42.830730 22.1209335 -1.7040315 14.9193897 0.0387870 0.6182926 -0.0266888 0.7845365
43.140760 22.4031906 -1.7302127 14.9867430 0.0393798 0.6203502 -0.0286894 0.7828102
43.555160 22.7761402 -1.7631013 15.0743484 0.0373794 0.6228698 -0.0265958 0.7809792
43.865300 23.0508041 -1.7896106 15.1383572 0.0411393 0.6253535 -0.0302072 0.7786707
44.176790 23.3310280 -1.8160366 15.2003031 0.0353100 0.6294506 -0.0259732 0.7758031
44.485720 23.6086426 -1.8395362 15.2571898 0.0356891 0.6342410 -0.0271542 0.7718337
44.796760 23.8856106 -1.8629426 15.3107681 0.0345721 0.6391202 -0.0265972 0.7678689
45.107140 24.1609764 -1.8865342 15.3612137 0.0321861 0.6438487 -0.0293373 0.7639125
45.313460 24.3449440 -1.9021833 15.3934050 0.0309218 0.6463133 -0.0341235 0.7616814
45.520350 24.5259628 -1.9177935 15.4249172 0.0319872 0.6489234 -0.0380597 0.7592277
45.727180 24.7090302 -1.9345863 15.4545965 0.0290556 0.6516539 -0.0366264 0.7570742
45.933940 24.8923340 -1.9507757 15.4821186 0.0281529 0.6540962 -0.0346598 0.7550923
46.140840 25.0737057 -1.9658149 15.5088978 0.0286424 0.6571193 -0.0354720 0.7524065
46.347740 25.2543850 -1.9809216 15.5312662 0.0312101 0.6608687 -0.0321199 0.7491640
46.554470 25.4351463 -1.9961704 15.5537901 0.0299282 0.6646838 -0.0304789 0.7459027
46.761380 25.6122971 -2.0119703 15.5726395 0.0402799 0.6677735 -0.0375255 0.7423260
46.968250 25.7893753 -2.0300126 15.5919933 0.0376093 0.6718957 -0.0392385 0.7386488
47.175200 25.9665470 -2.0476651 15.6087790 0.0317436 0.6759751 -0.0370862 0.7353058
47.382040 26.1413631 -2.0636108 15.6231689 0.0279824 0.6807046 -0.0392537 0.7309701
47.588920 26.3135948 -2.0790253 15.6360111 0.0227600 0.6861191 -0.0389057 0.7260915
47.795800 26.4841442 -2.0931642 15.6441669 0.0269888 0.6908752 -0.0387986 0.7214276
48.002630 26.6560154 -2.1081271 15.6503849 0.0278080 0.6955789 -0.0383131 0.7168883
48.209330 26.8269329 -2.1229091 15.6541948 0.0271413 0.6999600 -0.0365220 0.7127310
48.519480 27.0855885 -2.1455798 15.6567335 0.0310087 0.7044887 -0.0378603 0.7080259
48.829380 27.3408928 -2.1685359 15.6563034 0.0323927 0.7069176 -0.0327536 0.7057942
49.139410 27.5955868 -2.1906450 15.6554537 0.0352684 0.7080478 -0.0313571 0.7045858
49.346620 27.7607918 -2.2064555 15.6552086 0.0380764 0.7076570 -0.0301279 0.7048858
49.656580 28.0055504 -2.2295079 15.6543818 0.0392313 0.7056365 -0.0283130 0.7069204
49.966330 28.2416306 -2.2510335 15.6569824 0.0364995 0.7025492 -0.0254471 0.7102429
50.276120 28.4677181 -2.2709513 15.6632843 0.0331927 0.6985119 -0.0283720 0.7142650
50.586570 28.6843185 -2.2893479 15.6718225 0.0303405 0.6946783 -0.0272079 0.7181652
50.896200 28.8899479 -2.3056684 15.6815777 0.0302190 0.6904086 -0.0279709 0.7222468
51.206270 29.0834789 -2.3222032 15.6929340 0.0304588 0.6867327 -0.0312860 0.7255974
51.516920 29.2638760 -2.3381119 15.7060528 0.0288816 0.6830973 -0.0328513 0.7290162
51.930130 29.4881821 -2.3578546 15.7249947 0.0279738 0.6786011 -0.0364352 0.7330692
52.240390 29.6473064 -2.3719974 15.7398109 0.0273453 0.6753249 -0.0375764 0.7360547
52.550540 29.7966709 -2.3855031 15.7549191 0.0287281 0.6725838 -0.0390743 0.7384300
52.860930 29.9404716 -2.3984904 15.7701111 0.0293828 0.6710731 -0.0411758 0.7396635
53.171240 30.0847454 -2.4119530 15.7853832 0.0291228 0.6715986 -0.0417066 0.7391670
53.481550 30.2326279 -2.4259722 15.7999544 0.0314625 0.6735739 -0.0410659 0.7373072
53.895510 30.4435825 -2.4458025 15.8173695 0.0384812 0.6766019 -0.0429759 0.7340860
54.309430 30.6726093 -2.4689445 15.8330259 0.0402804 0.6797207 -0.0376248 0.7313970
54.723200 30.9207630 -2.4924488 15.8494072 0.0429306 0.6819536 -0.0343021 0.7293282
55.033520 31.1160336 -2.5114374 15.8636560 0.0427075 0.6839502 -0.0387017 0.7272485
55.447050 31.3916988 -2.5397120 15.8814487 0.0408387 0.6866537 -0.0411019 0.7246720
55.757510 31.6033020 -2.5631080 15.8918953 0.0482113 0.6879024 -0.0444462 0.7228351
56.067460 31.8277874 -2.5882792 15.9014406 0.0487837 0.6892012 -0.0361791 0.7220200
56.377670 32.0578117 -2.6135826 15.9112082 0.0513390 0.6899479 -0.0363564 0.7211202
56.791050 32.3769798 -2.6487622 15.9272375 0.0505436 0.6890519 -0.0339610 0.7221493
57.100960 32.6247215 -2.6759045 15.9405489 0.0494114 0.6873620 -0.0319008 0.7239298
57.410890 32.8786430 -2.7024941 15.9547968 0.0505488 0.6847025 -0.0298251 0.7264556
57.720780 33.1406288 -2.7291467 15.9728222 0.0513934 0.6816003 -0.0283224 0.7293679
58.030610 33.4058151 -2.7562153 15.9932308 0.0514572 0.6783779 -0.0303979 0.7322783
58.340500 33.6767426 -2.7863166 16.0174866 0.0499507 0.6760100 -0.0316389 0.7345165
58.650440 33.9465332 -2.8145173 16.0419235 0.0481510 0.6746333 -0.0297089 0.7359815
59.167110 34.3966255 -2.8625655 16.0842457 0.0460963 0.6737712 -0.0310622 0.7368464
59.477160 34.6643982 -2.8909349 16.1098900 0.0458412 0.6736099 -0.0325076 0.7369475
59.787170 34.9315109 -2.9197893 16.1359692 0.0454856 0.6734411 -0.0319415 0.7371485
60.097040 35.1956024 -2.9479427 16.1607895 0.0480704 0.6729726 -0.0327286 0.7373778
60.510030 35.5486526 -2.9846926 16.1949749 0.0534992 0.6699780 -0.0282552 0.7399115
60.923310 35.8956680 -3.0242887 16.2305260 0.0584758 0.6649328 -0.0268395 0.7441267
61.336450 36.2452888 -3.0632265 16.2737236 0.0538403 0.6588342 -0.0247216 0.7499517
61.646430 36.5015106 -3.0906603 16.3116989 0.0515622 0.6525030 -0.0261473 0.7555776
62.059540 36.8430138 -3.1267030 16.3718529 0.0505586 0.6394492 -0.0301059 0.7665783
62.472790 37.1861153 -3.1649697 16.4454689 0.0483841 0.6254128 -0.0320642 0.7781321
62.886160 37.5303535 -3.2048955 16.5297680 0.0470038 0.6164151 -0.0333244 0.7853105
63.299560 37.8770332 -3.2424212 16.6197662 0.0468474 0.6090956 -0.0336397 0.7909970
63.712840 38.2217064 -3.2810440 16.7174377 0.0438387 0.6018202 -0.0313496 0.7968110
64.022620 38.4764519 -3.3089349 16.7940540 0.0435854 0.5962206 -0.0326435 0.8009717
64.435680 38.8100700 -3.3460393 16.9013157 0.0388672 0.5902801 -0.0342866 0.8055329
64.849050 39.1382179 -3.3811197 17.0096588 0.0392709 0.5884067 -0.0412899 0.8065547
65.158820 39.3795700 -3.4073186 17.0906677 0.0323165 0.5883836 -0.0404203 0.8069242
65.468780 39.6172295 -3.4310431 17.1681366 0.0331532 0.5889167 -0.0405452 0.8064950
65.778660 39.8532143 -3.4549398 17.2443237 0.0348287 0.5895053 -0.0372385 0.8061537
66.088540 40.0888405 -3.4790719 17.3212261 0.0389680 0.5897512 -0.0389533 0.8057032
66.398400 40.3344460 -3.5042620 17.3997040 0.0379246 0.5899729 -0.0382745 0.8056232
66.712060 40.5834885 -3.5298493 17.4804287 0.0401364 0.5897254 -0.0383187 0.8056952
67.018180 40.8408890 -3.5571012 17.5624409 0.0422082 0.5891297 -0.0345444 0.8061956
67.327990 41.1008377 -3.5849028 17.6450958 0.0460736 0.5877073 -0.0296748 0.8072155
67.638020 41.3600845 -3.6120300 17.7304039 0.0417748 0.5871025 -0.0266955 0.8079931
67.947740 41.6181946 -3.6377387 17.8152828 0.0423959 0.5863186 -0.0261955 0.8085462
68.257700 41.8722115 -3.6632152 17.8988914 0.0434968 0.5852957 -0.0237854 0.8093029
68.567750 42.1181564 -3.6880531 17.9810543 0.0421410 0.5854351 -0.0242719 0.8092594
68.877620 42.3576012 -3.7117033 18.0607586 0.0401597 0.5865873 -0.0219059 0.8085930
69.187640 42.5875854 -3.7337854 18.1349106 0.0434316 0.5880122 -0.0228435 0.8073621
69.497520 42.8110085 -3.7566381 18.2075653 0.0469273 0.5894272 -0.0270560 0.8060033
69.808000 43.0319672 -3.7797933 18.2773552 0.0429355 0.5909642 -0.0234473 0.8052130
70.118000 43.2484169 -3.8015289 18.3458176 0.0451410 0.5914457 -0.0238973 0.8047256
70.429610 43.4637222 -3.8232307 18.4130020 0.0477969 0.5914382 -0.0232857 0.8045956
70.738030 43.6810837 -3.8452358 18.4816532 0.0477563 0.5912969 -0.0236542 0.8046911
71.151220 43.9684296 -3.8751316 18.5725746 0.0457193 0.5890170 -0.0207823 0.8065586
71.462150 44.1736526 -3.8953490 18.6403942 0.0454952 0.5865626 -0.0232691 0.8082902
71.874710 44.4338875 -3.9229035 18.7289219 0.0428307 0.5844345 -0.0234993 0.8099689
72.288020 44.6747169 -3.9473169 18.8119164 0.0433845 0.5826545 -0.0223825 0.8112524
72.701420 44.9024353 -3.9703803 18.8912773 0.0431249 0.5807990 -0.0234211 0.8125665
73.114920 45.1134262 -3.9912434 18.9651775 0.0410063 0.5794967 -0.0239422 0.8135900
73.528470 45.3052216 -4.0106287 19.0332012 0.0434761 0.5783966 -0.0264177 0.8141679
73.942010 45.4822845 -4.0284300 19.0960732 0.0449711 0.5776706 -0.0261514 0.8146106
74.355660 45.6392708 -4.0455198 19.1516380 0.0428889 0.5798532 -0.0258049 0.8131820
74.665890 45.7449646 -4.0564179 19.1883812 0.0421828 0.5811870 -0.0249790 0.8122920
74.976100 45.8413200 -4.0666432 19.2218647 0.0411435 0.5825179 -0.0252058 0.8113845
75.596260 46.0128441 -4.0831990 19.2795258 0.0423542 0.5844178 -0.0254179 0.8099481
75.906260 46.0923729 -4.0910959 19.3076191 0.0408603 0.5833926 -0.0263352 0.8107342
76.216170 46.1710815 -4.0977135 19.3351078 0.0408664 0.5796572 -0.0269197 0.8133897
76.628920 46.2776413 -4.1087675 19.3778877 0.0410824 0.5653363 -0.0285662 0.8233414
76.938900 46.3600655 -4.1172333 19.4157639 0.0408126 0.5463467 -0.0303342 0.8360140
77.351390 46.4692307 -4.1296759 19.4750824 0.0425767 0.5105292 -0.0341652 0.8581258
77.661290 46.5434647 -4.1386657 19.5247269 0.0408596 0.4906462 -0.0426299 0.8693558
78.075790 46.6379929 -4.1495199 19.5811634 0.0415495 0.5048829 -0.0436812 0.8610800
78.490350 46.7316208 -4.1615014 19.6213074 0.0443981 0.5404866 -0.0395502 0.8392490
78.800950 46.8076668 -4.1707420 19.6473312 0.0449682 0.5676223 -0.0372814 0.8212143
79.114220 46.8859749 -4.1805210 19.6698647 0.0466871 0.5875149 -0.0341935 0.8071415
79.524510 46.9859352 -4.1914039 19.6980534 0.0457074 0.5997790 -0.0310030 0.7982574
79.940110 47.0705605 -4.2015204 19.7252007 0.0457295 0.5867435 -0.0293964 0.8079460
80.245950 47.1216354 -4.2075744 19.7489243 0.0424022 0.5686479 -0.0350348 0.8207400
80.971640 47.2055550 -4.2176561 19.7966442 0.0440265 0.5210013 -0.0363507 0.8516442
81.381470 47.2398949 -4.2212849 19.8206978 0.0421839 0.4971120 -0.0366346 0.8658857
82.106980 47.2772102 -4.2265677 19.8554935 0.0372675 0.4684111 -0.0466584 0.8814903
82.518840 47.2932854 -4.2283621 19.8682709 0.0352415 0.4576668 -0.0421657 0.8874239
