0.000000 0.0000000 0.0000000 0.0000000 0.0000000 0.0000000 0.0000000 1.0000000
0.104128 -0.0002865 -0.0009519 0.0564707 -0.0008866 -0.0000857 0.0002133 0.9999996
0.208254 -0.0002229 -0.0017435 0.1128262 -0.0008588 -0.0003458 0.0007536 0.9999993
0.312504 -0.0005082 -0.0027234 0.1693491 -0.0004599 -0.0003961 0.0016035 0.9999985
0.416625 -0.0009087 -0.0036455 0.2255286 -0.0004624 -0.0002593 0.0016525 0.9999985
0.520755 -0.0009244 -0.0043758 0.2821210 -0.0008502 -0.0003360 0.0018829 0.9999978
0.625004 -0.0013514 -0.0052693 0.3386603 -0.0014631 -0.0001302 0.0025144 0.9999958
0.729128 -0.0015282 -0.0062054 0.3960252 -0.0017856 -0.0002125 0.0023487 0.9999956
0.833252 -0.0020434 -0.0071384 0.4528257 -0.0009698 -0.0003117 0.0017965 0.9999979
0.937506 -0.0021535 -0.0077953 0.5101601 0.0002590 -0.0004493 0.0004519 0.9999998
1.041630 -0.0028148 -0.0087354 0.5673699 0.0006930 -0.0002714 -0.0014151 0.9999987
1.145875 -0.0031926 -0.0097729 0.6249819 0.0007470 -0.0003205 -0.0024271 0.9999967
1.250003 -0.0034871 -0.0108982 0.6828434 0.0001243 -0.0002656 -0.0027967 0.9999961
1.354255 -0.0034134 -0.0118016 0.7409412 -0.0012287 -0.0001508 -0.0016295 0.9999979
1.562526 -0.0033911 -0.0133491 0.8571528 -0.0009618 -0.0003156 0.0016456 0.9999982
1.771007 -0.0039323 -0.0152869 0.9736385 0.0008650 0.0000540 0.0009087 0.9999992
1.979377 -0.0043615 -0.0170483 1.0914429 -0.0020516 0.0004872 -0.0009065 0.9999974
2.187759 -0.0051369 -0.0180421 1.2084965 -0.0019766 0.0007764 0.0024597 0.9999947
2.396132 -0.0050941 -0.0197073 1.3269162 0.0005024 0.0010512 0.0025171 0.9999961
2.604383 -0.0055018 -0.0219534 1.4461617 0.0018100 0.0015227 0.0008190 0.9999968
2.812757 -0.0057126 -0.0241577 1.5664581 0.0010378 0.0014014 0.0000192 0.9999985
3.021006 -0.0063570 -0.0262740 1.6860727 0.0000610 0.0013631 -0.0019295 0.9999972
3.229379 -0.0070585 -0.0285385 1.8069019 -0.0000586 0.0014881 -0.0043431 0.9999894
3.437629 -0.0072554 -0.0303759 1.9278399 0.0000255 0.0010336 -0.0040561 0.9999912
3.645880 -0.0077887 -0.0325661 2.0488186 0.0001007 0.0002924 -0.0032072 0.9999948
3.854131 -0.0083141 -0.0343678 2.1702051 -0.0002047 -0.0008271 -0.0035040 0.9999935
4.062383 -0.0091866 -0.0364462 2.2923822 -0.0009324 -0.0019910 -0.0037471 0.9999906
4.270633 -0.0103594 -0.0384906 2.4151063 -0.0015615 -0.0026181 -0.0020832 0.9999932
4.478884 -0.0113132 -0.0402212 2.5377183 -0.0013915 -0.0029665 -0.0001272 0.9999946
4.687259 -0.0121661 -0.0417428 2.6585178 -0.0019715 -0.0025012 0.0012923 0.9999941
4.999630 -0.0131781 -0.0446493 2.8401582 -0.0012802 -0.0018902 0.0028454 0.9999933
5.207869 -0.0145177 -0.0467918 2.9606264 -0.0019263 -0.0012126 0.0010618 0.9999968
5.416245 -0.0160605 -0.0482852 3.0812464 -0.0027902 -0.0003934 -0.0028940 0.9999918
5.624505 -0.0172258 -0.0497018 3.2015748 -0.0022259 0.0002118 -0.0065647 0.9999759
5.832639 -0.0180693 -0.0514434 3.3202865 -0.0024210 0.0007176 -0.0072060 0.9999709
6.040889 -0.0189098 -0.0528561 3.4385939 -0.0017292 0.0007697 -0.0061229 0.9999794
6.249010 -0.0191601 -0.0548415 3.5558233 -0.0018707 0.0004749 -0.0057174 0.9999818
6.457260 -0.0200642 -0.0563622 3.6740365 -0.0017388 -0.0002632 -0.0054708 0.9999835
6.665511 -0.0211773 -0.0583729 3.7902598 -0.0027095 -0.0011491 -0.0041853 0.9999869
6.769636 -0.0213228 -0.0592541 3.8487070 -0.0030722 -0.0018219 -0.0029008 0.9999894
6.977759 -0.0221096 -0.0610934 3.9645886 -0.0029253 -0.0024976 -0.0010473 0.9999921
7.186013 -0.0229656 -0.0623964 4.0806956 -0.0022902 -0.0028910 -0.0008090 0.9999928
7.394135 -0.0243108 -0.0643843 4.1958733 -0.0017395 -0.0026907 -0.0012864 0.9999940
7.706383 -0.0264944 -0.0666753 4.3676100 -0.0032039 -0.0023460 -0.0026863 0.9999885
7.914632 -0.0273938 -0.0682950 4.4799786 -0.0014001 -0.0022721 -0.0019280 0.9999946
8.122760 -0.0282379 -0.0700564 4.5934191 -0.0015230 -0.0024550 -0.0001882 0.9999958
8.331011 -0.0293631 -0.0714423 4.7056384 -0.0026197 -0.0016691 0.0016345 0.9999939
8.539282 -0.0303815 -0.0730849 4.8174582 -0.0008620 -0.0007845 0.0010656 0.9999987
8.747509 -0.0312435 -0.0748782 4.9287500 0.0002195 0.0004389 -0.0018002 0.9999983
8.955763 -0.0317401 -0.0767047 5.0406904 -0.0019507 0.0016423 -0.0025080 0.9999936
9.164012 -0.0322269 -0.0780047 5.1523108 -0.0018044 0.0026465 -0.0022771 0.9999923
9.476392 -0.0326609 -0.0805103 5.3204832 -0.0009264 0.0044853 -0.0048382 0.9999778
9.684640 -0.0320549 -0.0820091 5.4341574 -0.0003246 0.0055206 -0.0049702 0.9999723
9.892888 -0.0312899 -0.0838882 5.5472465 -0.0013670 0.0063189 -0.0041470 0.9999705
10.205260 -0.0300541 -0.0862301 5.7157655 -0.0017797 0.0065709 -0.0023857 0.9999740
10.517510 -0.0282307 -0.0886506 5.8851213 -0.0020177 0.0049895 -0.0000935 0.9999855
10.725760 -0.0274268 -0.0902599 5.9984398 -0.0021329 0.0037546 0.0006690 0.9999905
10.934020 -0.0273772 -0.0919617 6.1107812 -0.0016662 0.0028331 0.0005963 0.9999944
11.142270 -0.0272624 -0.0936675 6.2235346 -0.0001691 0.0018644 0.0044644 0.9999883
11.454640 -0.0262594 -0.0962368 6.3931031 -0.0003893 0.0000282 0.0133237 0.9999111
11.663020 -0.0269313 -0.0988861 6.5056863 0.0020392 0.0006654 0.0117114 0.9999291
11.871260 -0.0267908 -0.1012242 6.6185303 0.0002530 0.0013033 0.0133242 0.9999104
12.183770 -0.0257514 -0.1036660 6.7891426 -0.0016789 0.0015736 0.0185282 0.9998257
12.392020 -0.0257299 -0.1054273 6.9023433 -0.0017121 0.0025036 0.0157765 0.9998710
12.704520 -0.0261195 -0.1084686 7.0740399 -0.0009119 0.0036430 0.0113285 0.9999288
13.016890 -0.0256079 -0.1117443 7.2445745 0.0018163 0.0029570 0.0073949 0.9999666
13.329390 -0.0264075 -0.1150185 7.4167099 0.0009854 0.0033675 0.0008778 0.9999934
13.641770 -0.0261797 -0.1172792 7.5912781 -0.0003791 0.0022165 0.0027755 0.9999936
13.850020 -0.0265732 -0.1198703 7.7085953 0.0036434 0.0004297 0.0023455 0.9999905
14.058400 -0.0271826 -0.1227795 7.8251529 0.0034940 -0.0000279 -0.0018095 0.9999923
14.266640 -0.0288601 -0.1244694 7.9429941 0.0009071 0.0005304 -0.0031381 0.9999945
14.474890 -0.0286025 -0.1265332 8.0612774 0.0000810 0.0002221 -0.0017454 0.9999985
14.683140 -0.0288523 -0.1280414 8.1813049 0.0000284 0.0004982 0.0003365 0.9999998
14.891390 -0.0290161 -0.1301446 8.3011618 -0.0014017 0.0009415 0.0042945 0.9999893
15.099640 -0.0291679 -0.1320893 8.4207506 0.0007825 0.0011772 0.0046302 0.9999883
15.308020 -0.0302131 -0.1344700 8.5422192 0.0033874 0.0019869 -0.0034786 0.9999862
15.620390 -0.0309908 -0.1375697 8.7242756 0.0002758 0.0027614 -0.0071751 0.9999704
15.828640 -0.0307346 -0.1395839 8.8456688 0.0005886 0.0018086 -0.0045232 0.9999880
16.036770 -0.0306406 -0.1418677 8.9690666 0.0007142 0.0012358 -0.0050758 0.9999861
16.245020 -0.0311723 -0.1441218 9.0917311 0.0005442 0.0010716 -0.0054767 0.9999843
16.453270 -0.0316291 -0.1463041 9.2153101 0.0011685 0.0007454 -0.0048956 0.9999871
16.661520 -0.0325722 -0.1485791 9.3391104 0.0013666 0.0005688 -0.0052019 0.9999853
16.869650 -0.0330199 -0.1509929 9.4637051 0.0016077 0.0001594 -0.0056854 0.9999825
17.077890 -0.0330533 -0.1533423 9.5887804 0.0016490 -0.0004545 -0.0055339 0.9999832
17.286140 -0.0337895 -0.1560731 9.7142477 0.0016744 -0.0005086 -0.0042532 0.9999894
17.494400 -0.0346737 -0.1583399 9.8399963 0.0012592 -0.0002160 -0.0031635 0.9999942
17.806640 -0.0355560 -0.1621111 10.0295277 0.0016004 -0.0002503 -0.0032649 0.9999933
18.014770 -0.0366994 -0.1644140 10.1572390 0.0002681 0.0004526 -0.0040269 0.9999918
18.223020 -0.0373494 -0.1664521 10.2840052 0.0009241 0.0010734 -0.0040351 0.9999909
18.431150 -0.0375184 -0.1690630 10.4109745 0.0011670 0.0013087 -0.0041536 0.9999898
18.743480 -0.0386648 -0.1726779 10.6021528 0.0003419 0.0013114 -0.0041939 0.9999903
19.055650 -0.0399796 -0.1757919 10.7948580 0.0002344 0.0017207 -0.0056255 0.9999827
19.263770 -0.0401114 -0.1778332 10.9249649 -0.0001958 0.0014470 -0.0040432 0.9999908
19.471780 -0.0407591 -0.1798075 11.0536318 -0.0001568 0.0014805 -0.0017718 0.9999973
19.784020 -0.0407663 -0.1828531 11.2463818 -0.0015161 0.0016572 0.0009197 0.9999970
19.992130 -0.0407734 -0.1851491 11.3759518 -0.0007513 0.0019201 0.0014492 0.9999968
20.304270 -0.0414030 -0.1884013 11.5683146 -0.0003721 0.0035295 -0.0015443 0.9999925
20.616400 -0.0406447 -0.1914059 11.7594566 0.0002791 0.0049010 -0.0028096 0.9999840
20.928690 -0.0395360 -0.1953327 11.9524860 -0.0002374 0.0061942 -0.0019244 0.9999790
21.240880 -0.0375946 -0.1992190 12.1465855 0.0019047 0.0061934 -0.0011378 0.9999784
21.448900 -0.0365058 -0.2017764 12.2776432 0.0018987 0.0053511 -0.0005657 0.9999837
21.657020 -0.0362631 -0.2046806 12.4073076 0.0023082 0.0046477 -0.0009926 0.9999861
21.865030 -0.0356044 -0.2076347 12.5358601 0.0018841 0.0038661 -0.0008069 0.9999904
22.073170 -0.0355790 -0.2094753 12.6683455 0.0006800 0.0031257 -0.0017112 0.9999934
22.281150 -0.0351814 -0.2120934 12.7988968 0.0005960 0.0039322 -0.0022900 0.9999894
22.593280 -0.0345782 -0.2154784 12.9973688 0.0022052 0.0046886 -0.0004915 0.9999865
22.905400 -0.0337355 -0.2198694 13.1982985 0.0026784 0.0024364 -0.0009410 0.9999930
23.217420 -0.0328371 -0.2233070 13.4015865 -0.0006867 0.0024023 -0.0005689 0.9999967
23.425400 -0.0330376 -0.2256019 13.5354605 -0.0001845 0.0028263 0.0003912 0.9999959
23.633550 -0.0324060 -0.2281223 13.6695910 -0.0003301 0.0031535 0.0002297 0.9999949
23.841660 -0.0321734 -0.2308694 13.8048134 0.0003474 0.0037140 -0.0007996 0.9999927
24.049650 -0.0309279 -0.2331557 13.9396811 -0.0010005 0.0039674 0.0003222 0.9999916
24.257780 -0.0307383 -0.2351428 14.0738831 -0.0003273 0.0040800 0.0001492 0.9999916
24.465780 -0.0299558 -0.2376873 14.2081299 0.0021393 0.0034898 -0.0015422 0.9999905
24.673900 -0.0300360 -0.2406448 14.3424921 0.0000472 0.0026435 -0.0024958 0.9999934
24.882030 -0.0299212 -0.2428862 14.4767275 -0.0006787 0.0013337 -0.0032239 0.9999937
25.090170 -0.0302076 -0.2455113 14.6096420 -0.0005948 -0.0004121 -0.0023727 0.9999969
25.298280 -0.0307183 -0.2479209 14.7434034 -0.0006174 -0.0012379 -0.0015587 0.9999979
25.506530 -0.0316709 -0.2499144 14.8761005 -0.0000438 -0.0014545 -0.0009845 0.9999985
25.714650 -0.0329036 -0.2525713 15.0089779 0.0003505 -0.0012460 -0.0006539 0.9999989
25.818650 -0.0334051 -0.2538721 15.0750551 0.0005440 -0.0013094 -0.0006426 0.9999988
26.026980 -0.0339961 -0.2563284 15.2081127 0.0009116 -0.0013616 -0.0005723 0.9999985
26.130900 -0.0344729 -0.2575627 15.2742538 0.0016340 -0.0013172 0.0002368 0.9999978
26.235050 -0.0345814 -0.2590682 15.3399296 0.0005172 -0.0013908 0.0009615 0.9999985
26.443290 -0.0357653 -0.2611787 15.4725037 0.0007629 -0.0011601 0.0018029 0.9999974
26.651410 -0.0366620 -0.2636949 15.6055651 0.0004706 -0.0009996 0.0009287 0.9999990
26.862580 -0.0380247 -0.2667037 15.7384300 -0.0000044 -0.0004975 0.0003460 0.9999998
27.067820 -0.0387868 -0.2687993 15.8723812 0.0005966 -0.0002864 0.0003169 0.9999997
27.276060 -0.0394009 -0.2709164 16.0066414 0.0007404 -0.0001661 -0.0006956 0.9999995
27.484700 -0.0409286 -0.2731788 16.1412697 0.0009797 0.0006036 -0.0024417 0.9999964
27.692530 -0.0406285 -0.2753215 16.2749863 0.0014294 0.0006942 -0.0035719 0.9999924
27.900670 -0.0411037 -0.2778902 16.4096985 0.0008419 0.0008920 -0.0043545 0.9999897
28.108940 -0.0417958 -0.2805001 16.5431461 0.0007990 0.0012373 -0.0048948 0.9999869
