0.000000 0.0000000 0.0000000 0.0000000 0.0000000 0.0000000 0.0000000 1.0000000
0.310908 0.0013051 -0.0004070 0.0455506 0.0002384 0.0103828 0.0038444 0.9999387
0.414483 0.0016429 -0.0006216 0.0611121 0.0008966 0.0093295 0.0043831 0.9999465
0.621714 0.0012835 -0.0009216 0.0936298 0.0025848 -0.0000988 0.0066257 0.9999747
0.828918 -0.0008334 -0.0014810 0.1279339 0.0026087 -0.0182043 0.0040264 0.9998228
1.139865 -0.0072581 -0.0022172 0.1830708 0.0031231 -0.0488348 0.0027614 0.9987982
1.347350 -0.0135380 -0.0024738 0.2227944 0.0025550 -0.0678000 0.0030235 0.9976911
1.451124 -0.0172563 -0.0030492 0.2436166 0.0020427 -0.0757378 0.0024750 0.9971226
1.555101 -0.0215665 -0.0034335 0.2647461 0.0021705 -0.0825192 0.0020107 0.9965851
1.762893 -0.0304389 -0.0041094 0.3095478 0.0035429 -0.0935872 0.0046486 0.9955939
1.970961 -0.0406161 -0.0048068 0.3570459 0.0053626 -0.1014152 0.0038970 0.9948221
2.179116 -0.0516870 -0.0059025 0.4070527 0.0072461 -0.1095197 0.0061167 0.9939394
2.387073 -0.0638720 -0.0073069 0.4602149 0.0087817 -0.1180637 0.0092278 0.9929243
2.491106 -0.0714812 -0.0077298 0.4875233 0.0112489 -0.1225468 0.0071984 0.9923729
2.699213 -0.0871511 -0.0098745 0.5435437 0.0135288 -0.1313977 0.0067505 0.9912145
2.907234 -0.1041324 -0.0120417 0.6024038 0.0159151 -0.1399747 0.0073961 0.9899995
3.115221 -0.1233925 -0.0149525 0.6629773 0.0203302 -0.1479487 0.0067432 0.9887631
3.323567 -0.1435636 -0.0187326 0.7255592 0.0280979 -0.1532087 0.0067944 0.9877709
3.531593 -0.1657600 -0.0234706 0.7902493 0.0372403 -0.1573528 0.0049725 0.9868275
3.742035 -0.1892919 -0.0293177 0.8573185 0.0445612 -0.1620700 0.0021917 0.9857702
3.947360 -0.2147871 -0.0364216 0.9259898 0.0506372 -0.1668783 -0.0004491 0.9846762
4.155286 -0.2409843 -0.0440668 0.9968093 0.0535123 -0.1721082 -0.0030197 0.9836189
4.363183 -0.2692845 -0.0524324 1.0690579 0.0524405 -0.1784038 -0.0035789 0.9825524
4.571450 -0.2982281 -0.0610069 1.1424043 0.0498731 -0.1864814 -0.0034057 0.9811859
4.778763 -0.3301419 -0.0688274 1.2170519 0.0450046 -0.1952464 -0.0058521 0.9797036
4.986477 -0.3642421 -0.0763470 1.2930955 0.0427505 -0.2044696 -0.0082130 0.9779044
5.194245 -0.4005989 -0.0836177 1.3694161 0.0419871 -0.2136078 -0.0085290 0.9759795
5.401997 -0.4390269 -0.0908990 1.4489036 0.0399143 -0.2227032 -0.0081253 0.9740350
5.609757 -0.4803521 -0.0980753 1.5287057 0.0351601 -0.2308768 -0.0092000 0.9723040
5.817477 -0.5232924 -0.1042439 1.6104686 0.0320686 -0.2389846 -0.0082528 0.9704586
6.025285 -0.5690153 -0.1097518 1.6942365 0.0307087 -0.2456809 -0.0080406 0.9688308
6.233134 -0.6152867 -0.1166854 1.7781644 0.0295769 -0.2514625 -0.0069710 0.9673899
6.545512 -0.6898290 -0.1247977 1.9067878 0.0296382 -0.2554712 -0.0062115 0.9663423
6.856505 -0.7678169 -0.1332532 2.0410256 0.0287773 -0.2564422 -0.0053438 0.9661163
7.168161 -0.8483520 -0.1420636 2.1784995 0.0259074 -0.2610773 -0.0037918 0.9649627
7.375748 -0.9038706 -0.1490377 2.2700853 0.0223434 -0.2674101 -0.0029062 0.9633194
7.687027 -0.9887699 -0.1579026 2.4041128 0.0242354 -0.2834330 -0.0000171 0.9586858
7.894618 -1.0499227 -0.1639355 2.4934802 0.0201331 -0.2927904 -0.0033580 0.9559588
8.206229 -1.1432257 -0.1722927 2.6252122 0.0268884 -0.3016431 -0.0032741 0.9530361
8.413979 -1.2069427 -0.1787357 2.7135310 0.0257107 -0.3071545 -0.0034485 0.9513060
8.621720 -1.2722614 -0.1844044 2.8015528 0.0218713 -0.3122136 -0.0044767 0.9497496
8.725744 -1.3049927 -0.1870722 2.8444703 0.0223150 -0.3145552 -0.0048478 0.9489645
8.933548 -1.3703012 -0.1927653 2.9299548 0.0242552 -0.3207669 -0.0035642 0.9468409
9.141108 -1.4385687 -0.1978613 3.0154464 0.0244371 -0.3272758 -0.0036529 0.9446058
9.348782 -1.5071263 -0.2043132 3.0996456 0.0241506 -0.3350334 -0.0029847 0.9418920
9.556318 -1.5788321 -0.2099707 3.1847258 0.0246058 -0.3434023 -0.0015269 0.9388648
9.764859 -1.6508825 -0.2157871 3.2675834 0.0251757 -0.3519898 0.0003931 0.9356651
9.971133 -1.7243373 -0.2224094 3.3490801 0.0241478 -0.3607157 0.0009689 0.9323627
10.178630 -1.8008769 -0.2289328 3.4302466 0.0237254 -0.3695424 0.0021828 0.9289084
10.386180 -1.8798048 -0.2349121 3.5112495 0.0246643 -0.3781442 0.0023035 0.9254152
10.593630 -1.9610376 -0.2417032 3.5917397 0.0240032 -0.3851449 0.0021857 0.9225413
10.801110 -2.0434356 -0.2484113 3.6704597 0.0257825 -0.3917258 0.0029517 0.9197160
11.008770 -2.1283548 -0.2554608 3.7492266 0.0272182 -0.3980212 0.0036258 0.9169652
11.216240 -2.2148387 -0.2623296 3.8276591 0.0259698 -0.4042094 0.0040241 0.9142889
11.423780 -2.3033915 -0.2694415 3.9057741 0.0260273 -0.4103184 0.0049637 0.9115573
11.631420 -2.3931317 -0.2767466 3.9828272 0.0252654 -0.4152051 0.0061737 0.9093559
11.839050 -2.4836249 -0.2839923 4.0592861 0.0262174 -0.4199506 0.0093952 0.9071195
12.046270 -2.5758624 -0.2916251 4.1361527 0.0250780 -0.4266106 0.0140288 0.9039788
12.253600 -2.6696010 -0.2997762 4.2109299 0.0228178 -0.4365339 0.0174890 0.8992283
12.460990 -2.7670498 -0.3075289 4.2844315 0.0217593 -0.4466711 0.0168351 0.8942751
12.668390 -2.8662543 -0.3156796 4.3549285 0.0230790 -0.4571988 0.0179223 0.8888844
12.875730 -2.9684129 -0.3240230 4.4248261 0.0221259 -0.4678038 0.0196791 0.8833362
13.083110 -3.0726128 -0.3325154 4.4924240 0.0214538 -0.4786406 0.0200180 0.8775204
13.290730 -3.1795897 -0.3412500 4.5588117 0.0223664 -0.4893211 0.0201692 0.8715835
13.498010 -3.2879243 -0.3503686 4.6219988 0.0232206 -0.4991747 0.0199808 0.8659597
13.705510 -3.3993464 -0.3588302 4.6840134 0.0211708 -0.5076295 0.0192057 0.8611012
13.912900 -3.5112352 -0.3675901 4.7435856 0.0216127 -0.5149342 0.0206729 0.8567078
14.120270 -3.6245472 -0.3766347 4.8016605 0.0229170 -0.5210381 0.0232938 0.8529077
14.327630 -3.7377915 -0.3866548 4.8581944 0.0223914 -0.5257975 0.0261154 0.8499138
14.538380 -3.8520365 -0.3965212 4.9144149 0.0177890 -0.5296241 0.0261788 0.8476418
14.742390 -3.9644754 -0.4051827 4.9684448 0.0157392 -0.5326377 0.0273455 0.8457550
14.950000 -4.0773273 -0.4134091 5.0209837 0.0131240 -0.5347724 0.0282146 0.8444230
15.157490 -4.1883554 -0.4203548 5.0730810 0.0115571 -0.5369760 0.0308990 0.8429522
15.365030 -4.2983484 -0.4279256 5.1228790 0.0083785 -0.5387026 0.0324278 0.8418300
15.572680 -4.4056101 -0.4362427 5.1720629 0.0077569 -0.5399513 0.0338885 0.8409780
15.780370 -4.5093994 -0.4441495 5.2186246 0.0090838 -0.5397602 0.0342044 0.8410746
15.988000 -4.6109080 -0.4519018 5.2657075 0.0111018 -0.5371623 0.0330210 0.8427592
16.195700 -4.7107086 -0.4596978 5.3128471 0.0121277 -0.5321496 0.0327590 0.8459294
16.403370 -4.8097224 -0.4679526 5.3613791 0.0119579 -0.5253385 0.0310530 0.8502424
16.611110 -4.9075370 -0.4747749 5.4110661 0.0126038 -0.5164079 0.0303034 0.8557135
16.818850 -5.0032454 -0.4819630 5.4631157 0.0154707 -0.5065424 0.0298815 0.8615582
17.026730 -5.0969758 -0.4901012 5.5167308 0.0169390 -0.4946854 0.0283695 0.8684438
17.234250 -5.1889853 -0.4979626 5.5722075 0.0160784 -0.4815874 0.0257669 0.8758717
17.338110 -5.2337618 -0.5015069 5.6010294 0.0158720 -0.4753802 0.0255093 0.8792673
17.442380 -5.2778025 -0.5051727 5.6302376 0.0162618 -0.4691616 0.0255718 0.8825922
17.649360 -5.3644633 -0.5124069 5.6901693 0.0170441 -0.4569274 0.0265188 0.8889452
17.753120 -5.4069424 -0.5159508 5.7211938 0.0171670 -0.4508573 0.0263609 0.8920415
17.857050 -5.4482145 -0.5197378 5.7515106 0.0164461 -0.4447379 0.0254575 0.8951478
17.960530 -5.4887733 -0.5230790 5.7827239 0.0150921 -0.4390903 0.0244649 0.8979830
18.064140 -5.5284081 -0.5264978 5.8137107 0.0148539 -0.4333260 0.0237122 0.9008028
18.167890 -5.5671434 -0.5299602 5.8451562 0.0157781 -0.4275627 0.0230339 0.9035544
18.271640 -5.6050816 -0.5331038 5.8764114 0.0167073 -0.4218399 0.0223456 0.9062409
18.375420 -5.6419411 -0.5363126 5.9078388 0.0167129 -0.4164384 0.0220643 0.9087425
18.479100 -5.6781502 -0.5393381 5.9397092 0.0160967 -0.4109729 0.0213904 0.9112544
18.582900 -5.7138171 -0.5423544 5.9718103 0.0149968 -0.4057556 0.0210898 0.9136152
18.790260 -5.7828803 -0.5482834 6.0358515 0.0149668 -0.3958721 0.0205934 0.9179527
18.894080 -5.8167186 -0.5511963 6.0684304 0.0147622 -0.3911938 0.0201685 0.9199688
18.997780 -5.8501420 -0.5537148 6.1009922 0.0137964 -0.3865972 0.0191229 0.9219472
19.205270 -5.9143758 -0.5587547 6.1656013 0.0126221 -0.3770832 0.0173601 0.9259307
19.412890 -5.9754333 -0.5635864 6.2296686 0.0126283 -0.3667853 0.0153735 0.9300929
19.620500 -6.0340657 -0.5680593 6.2940731 0.0101195 -0.3539652 0.0128694 0.9351153
19.828250 -6.0896235 -0.5724076 6.3582478 0.0107567 -0.3394453 0.0109307 0.9405008
20.035950 -6.1410303 -0.5757058 6.4240637 0.0116800 -0.3246392 0.0108587 0.9457034
20.243550 -6.1910477 -0.5793819 6.4908381 0.0096303 -0.3086316 0.0096338 0.9510841
20.451300 -6.2387938 -0.5823067 6.5595527 0.0071910 -0.2931185 0.0089598 0.9560071
20.658750 -6.2837520 -0.5851410 6.6288199 0.0052140 -0.2796660 0.0094824 0.9600363
20.970000 -6.3490381 -0.5886408 6.7354298 0.0050915 -0.2610603 0.0077275 0.9652781
21.281800 -6.4106855 -0.5923377 6.8466349 0.0052264 -0.2441757 0.0081277 0.9696829
21.592490 -6.4711623 -0.5953673 6.9618931 0.0036448 -0.2325135 0.0074517 0.9725578
21.903660 -6.5309758 -0.5981094 7.0828142 -0.0002967 -0.2219692 0.0034183 0.9750476
22.214990 -6.5907149 -0.5989286 7.2103395 -0.0035848 -0.2104725 0.0027186 0.9775894
22.526370 -6.6480594 -0.6001321 7.3435645 -0.0043227 -0.1971311 0.0040843 0.9803591
22.837890 -6.7029066 -0.6008285 7.4828839 -0.0022261 -0.1792271 0.0038808 0.9837976
23.149820 -6.7529092 -0.6015314 7.6294327 -0.0043466 -0.1506624 -0.0012310 0.9885749
23.461620 -6.7944293 -0.6015862 7.7832346 -0.0067207 -0.1177241 -0.0027166 0.9930199
23.773430 -6.8278675 -0.6005239 7.9473505 -0.0122603 -0.0836506 -0.0059152 0.9964021
24.085120 -6.8506432 -0.5984775 8.1185045 -0.0108562 -0.0507334 -0.0071535 0.9986276
24.396610 -6.8635740 -0.5964558 8.2986584 -0.0134145 -0.0201618 -0.0073826 0.9996794
24.708120 -6.8661342 -0.5921509 8.4879065 -0.0138481 0.0107903 -0.0099589 0.9997963
25.019370 -6.8562965 -0.5895708 8.6813231 -0.0111215 0.0400824 -0.0119902 0.9990625
25.226870 -6.8429532 -0.5887000 8.8112221 -0.0088726 0.0591943 -0.0121433 0.9981332
25.537870 -6.8137369 -0.5886244 9.0141487 -0.0008060 0.0866008 -0.0141670 0.9961420
25.848990 -6.7728682 -0.5928115 9.2188892 0.0018112 0.1133675 -0.0159275 0.9934238
26.160240 -6.7200007 -0.5972642 9.4228325 0.0065758 0.1391568 -0.0159482 0.9901201
26.471490 -6.6538572 -0.6039932 9.6312075 0.0073382 0.1658338 -0.0196204 0.9859312
26.782860 -6.5757222 -0.6120612 9.8456287 0.0129904 0.1935078 -0.0197896 0.9808131
27.094360 -6.4847155 -0.6239242 10.0530386 0.0170765 0.2278182 -0.0234846 0.9732707
27.405990 -6.3755403 -0.6371399 10.2571716 0.0196848 0.2689416 -0.0289929 0.9625188
27.717500 -6.2480130 -0.6533363 10.4548998 0.0235632 0.3090627 -0.0303203 0.9502661
28.028750 -6.1049480 -0.6721439 10.6397572 0.0289157 0.3457650 -0.0309816 0.9373637
28.236530 -5.9984188 -0.6863263 10.7620544 0.0303549 0.3676826 -0.0307657 0.9289464
28.547500 -5.8312578 -0.7089423 10.9306841 0.0358602 0.3965857 -0.0300891 0.9168034
28.754980 -5.7121339 -0.7255032 11.0391741 0.0374196 0.4151038 -0.0304895 0.9084927
28.962310 -5.5891275 -0.7426369 11.1422625 0.0356864 0.4346760 -0.0321073 0.8993066
29.169630 -5.4657021 -0.7596191 11.2370777 0.0333930 0.4541577 -0.0341111 0.8896416
29.376900 -5.3386250 -0.7766792 11.3270702 0.0339254 0.4732424 -0.0371781 0.8794933
29.584410 -5.2095356 -0.7948481 11.4089651 0.0310819 0.4938273 -0.0382319 0.8681629
29.791760 -5.0755010 -0.8117762 11.4865236 0.0281223 0.5150338 -0.0380717 0.8558620
29.999280 -4.9398055 -0.8282567 11.5555315 0.0270941 0.5354027 -0.0379024 0.8433109
30.206740 -4.8029852 -0.8437980 11.6163664 0.0280680 0.5544762 -0.0371825 0.8308946
30.414180 -4.6670384 -0.8589374 11.6704206 0.0291038 0.5731448 -0.0351295 0.8181833
30.621900 -4.5308852 -0.8752328 11.7169790 0.0302969 0.5904066 -0.0369920 0.8056884
30.829180 -4.3966436 -0.8918021 11.7568655 0.0352509 0.6059700 -0.0439109 0.7934920
31.036690 -4.2649398 -0.9095749 11.7908697 0.0342382 0.6218531 -0.0480912 0.7809057
31.244130 -4.1325340 -0.9279174 11.8191891 0.0315396 0.6371201 -0.0505719 0.7684567
31.451710 -4.0038681 -0.9457630 11.8418217 0.0299845 0.6516773 -0.0508997 0.7561924
31.659170 -3.8751948 -0.9625366 11.8592253 0.0297417 0.6656264 -0.0540241 0.7437327
31.866620 -3.7470603 -0.9795617 11.8718348 0.0289383 0.6788164 -0.0543808 0.7317196
32.075790 -3.6213708 -0.9958671 11.8806944 0.0264439 0.6900476 -0.0512302 0.7214642
32.281410 -3.4978750 -1.0118104 11.8839102 0.0259316 0.6981177 -0.0497630 0.7137807
32.592540 -3.3181095 -1.0351532 11.8872452 0.0281185 0.7054746 -0.0536203 0.7061443
32.799930 -3.2025912 -1.0511403 11.8871841 0.0315330 0.7085130 -0.0582118 0.7025855
33.007250 -3.0869808 -1.0667294 11.8863688 0.0260045 0.7111160 -0.0511310 0.7007306
33.214750 -2.9737628 -1.0808966 11.8853130 0.0254101 0.7115521 -0.0506870 0.7003418
33.422000 -2.8625016 -1.0951977 11.8846655 0.0267800 0.7105880 -0.0532055 0.7010826
33.629370 -2.7520051 -1.1096375 11.8845720 0.0264905 0.7084998 -0.0548140 0.7030802
33.836860 -2.6431432 -1.1237490 11.8854923 0.0261151 0.7053694 -0.0569059 0.7060692
34.044850 -2.5355210 -1.1377091 11.8877068 0.0253123 0.7008302 -0.0558560 0.7106873
34.251630 -2.4276791 -1.1513920 11.8908587 0.0268870 0.6956055 -0.0545676 0.7158439
34.459140 -2.3218684 -1.1650240 11.8962030 0.0258845 0.6907544 -0.0543524 0.7205791
34.770400 -2.1629720 -1.1852920 11.9064207 0.0241106 0.6833281 -0.0535213 0.7277478
35.081760 -2.0082326 -1.2043563 11.9193354 0.0259737 0.6757919 -0.0554163 0.7345473
35.393080 -1.8532372 -1.2237711 11.9354916 0.0242471 0.6682093 -0.0555752 0.7414983
35.600660 -1.7519721 -1.2367949 11.9484959 0.0235211 0.6635870 -0.0543026 0.7457548
35.911880 -1.6019956 -1.2552974 11.9692068 0.0263813 0.6548111 -0.0534253 0.7534403
36.119380 -1.5028868 -1.2678313 11.9855814 0.0279092 0.6474906 -0.0541424 0.7596352
36.326820 -1.4039583 -1.2804103 12.0035133 0.0257410 0.6424941 -0.0540464 0.7639487
36.534410 -1.3044034 -1.2927852 12.0221653 0.0257830 0.6398513 -0.0553884 0.7660664
36.742000 -1.2038901 -1.3048282 12.0419216 0.0267818 0.6376926 -0.0552743 0.7678383
36.949590 -1.1027094 -1.3180208 12.0614939 0.0280286 0.6350864 -0.0541483 0.7700309
37.157030 -1.0009898 -1.3304520 12.0824976 0.0278323 0.6322988 -0.0533966 0.7723809
37.364510 -0.8984485 -1.3430642 12.1049490 0.0268661 0.6295251 -0.0510308 0.7748369
37.572000 -0.7957169 -1.3551495 12.1280499 0.0296191 0.6246752 -0.0509382 0.7786584
37.779750 -0.6941006 -1.3676929 12.1530008 0.0292753 0.6194097 -0.0502325 0.7829120
37.987180 -0.5929673 -1.3800005 12.1791382 0.0307649 0.6122829 -0.0488042 0.7885311
38.194630 -0.4928913 -1.3922632 12.2071409 0.0326342 0.6033514 -0.0467757 0.7954333
38.402010 -0.3929498 -1.4050443 12.2375984 0.0312071 0.5943305 -0.0454287 0.8023301
38.609730 -0.2962453 -1.4173226 12.2702980 0.0313579 0.5855426 -0.0477914 0.8086239
38.817070 -0.1981826 -1.4297007 12.3056526 0.0296270 0.5766943 -0.0491262 0.8149433
39.128410 -0.0529890 -1.4475777 12.3613043 0.0274431 0.5660166 -0.0485502 0.8225053
39.335930 0.0433779 -1.4590847 12.4002161 0.0260305 0.5589895 -0.0490135 0.8273154
39.647300 0.1829829 -1.4757510 12.4608154 0.0263799 0.5481128 -0.0502732 0.8344753
39.958670 0.3196363 -1.4929020 12.5243149 0.0238339 0.5365859 -0.0475826 0.8421659
40.166160 0.4100056 -1.5027875 12.5692987 0.0216052 0.5286019 -0.0478944 0.8472422
40.373770 0.4980273 -1.5126455 12.6150827 0.0201715 0.5207512 -0.0477681 0.8521323
40.581350 0.5834417 -1.5219743 12.6627340 0.0193985 0.5130435 -0.0480916 0.8567948
40.788800 0.6705222 -1.5318041 12.7117167 0.0198366 0.5045306 -0.0477377 0.8618448
41.100140 0.7967796 -1.5453372 12.7874241 0.0172112 0.4936772 -0.0457925 0.8682682
41.411540 0.9236817 -1.5578599 12.8670397 0.0130966 0.4878069 -0.0442109 0.8717329
41.619170 1.0082459 -1.5655677 12.9203281 0.0107146 0.4856123 -0.0430506 0.8730478
41.826800 1.0919862 -1.5731903 12.9739075 0.0120385 0.4839204 -0.0436693 0.8739389
42.034430 1.1769485 -1.5805572 13.0282450 0.0123596 0.4820825 -0.0426789 0.8749984
42.241880 1.2611456 -1.5876961 13.0830622 0.0108934 0.4810460 -0.0401404 0.8757082
42.449700 1.3465900 -1.5946670 13.1384773 0.0080692 0.4797405 -0.0382247 0.8765402
42.657050 1.4314575 -1.6010853 13.1947079 0.0074285 0.4793925 -0.0379729 0.8767472
42.864650 1.5167522 -1.6071309 13.2507143 0.0062068 0.4789658 -0.0376991 0.8770018
43.176100 1.6451201 -1.6160496 13.3349819 0.0032757 0.4779674 -0.0354927 0.8776541
43.383520 1.7296500 -1.6212803 13.3908958 0.0019645 0.4768654 -0.0343800 0.8783015
43.694790 1.8562570 -1.6290903 13.4757595 -0.0002822 0.4738585 -0.0330923 0.8799790
44.005890 1.9824748 -1.6352329 13.5621080 -0.0030634 0.4688945 -0.0300630 0.8827371
44.213300 2.0657606 -1.6390769 13.6209183 -0.0029443 0.4626423 -0.0278708 0.8861020
44.421790 2.1477184 -1.6426352 13.6806583 -0.0034921 0.4560638 -0.0288211 0.8894734
44.628020 2.2293396 -1.6458144 13.7421036 -0.0060782 0.4488981 -0.0266739 0.8931640
44.835670 2.3096123 -1.6484228 13.8048029 -0.0056094 0.4400652 -0.0248670 0.8976039
45.148480 2.4297166 -1.6521375 13.9039097 -0.0055668 0.4241497 -0.0228074 0.9052877
45.458050 2.5475984 -1.6550561 14.0087109 -0.0084438 0.4078877 -0.0214799 0.9127403
45.769260 2.6625996 -1.6569433 14.1183167 -0.0139798 0.3916935 -0.0178382 0.9198166
46.080690 2.7756529 -1.6568371 14.2341509 -0.0134543 0.3736353 -0.0119321 0.9274014
46.391460 2.8855777 -1.6556996 14.3556461 -0.0165887 0.3540387 -0.0084621 0.9350454
46.598920 2.9566207 -1.6538825 14.4403448 -0.0175759 0.3409973 -0.0063479 0.9398785
46.806400 3.0260072 -1.6520934 14.5274296 -0.0186987 0.3284126 -0.0067453 0.9443251
47.013900 3.0929365 -1.6499304 14.6171150 -0.0202394 0.3184947 -0.0090807 0.9476650
47.429220 3.2242231 -1.6460445 14.8031340 -0.0239140 0.3005988 -0.0128806 0.9533638
47.636820 3.2875209 -1.6432347 14.8980637 -0.0262425 0.2930466 -0.0160417 0.9556033
47.844470 3.3498807 -1.6398666 14.9965115 -0.0291046 0.2877298 -0.0197195 0.9570662
48.052150 3.4118280 -1.6365995 15.0934076 -0.0247707 0.2849296 -0.0238552 0.9579313
48.259930 3.4752135 -1.6335027 15.1923103 -0.0231408 0.2833434 -0.0265084 0.9583727
48.467570 3.5376554 -1.6326520 15.2921238 -0.0245943 0.2829332 -0.0259597 0.9584727
48.675200 3.6023350 -1.6303499 15.3927603 -0.0232640 0.2818702 -0.0250230 0.9588440
48.882650 3.6661229 -1.6288290 15.4933205 -0.0219644 0.2802340 -0.0238833 0.9593831
49.090150 3.7304573 -1.6268015 15.5955200 -0.0223295 0.2765256 -0.0220963 0.9604930
49.297550 3.7922621 -1.6252968 15.6985302 -0.0219967 0.2692869 -0.0210726 0.9625781
49.504900 3.8524442 -1.6232612 15.8029079 -0.0228364 0.2581074 -0.0202795 0.9656334
49.712270 3.9095826 -1.6210213 15.9080696 -0.0224659 0.2454671 -0.0205199 0.9689273
49.919640 3.9642513 -1.6187804 16.0151958 -0.0248092 0.2327360 -0.0202187 0.9720132
50.127010 4.0157108 -1.6161349 16.1223373 -0.0247391 0.2192674 -0.0194105 0.9751580
50.334510 4.0627337 -1.6137941 16.2310677 -0.0257456 0.2060576 -0.0213590 0.9779679
50.542010 4.1070557 -1.6108203 16.3405933 -0.0257055 0.1938902 -0.0250208 0.9803672
50.749770 4.1488299 -1.6075653 16.4511719 -0.0267283 0.1859433 -0.0287893 0.9817749
50.957390 4.1908588 -1.6042752 16.5619202 -0.0257777 0.1806411 -0.0275903 0.9828240
51.165140 4.2310863 -1.6016023 16.6727486 -0.0253458 0.1759715 -0.0262960 0.9837175
51.372640 4.2703695 -1.5989611 16.7830334 -0.0234833 0.1706365 -0.0250608 0.9847353
51.580140 4.3079662 -1.5965796 16.8939571 -0.0224137 0.1646646 -0.0260768 0.9857501
51.787640 4.3437276 -1.5938801 17.0050087 -0.0252327 0.1574747 -0.0265490 0.9868435
51.995010 4.3777018 -1.5912743 17.1164551 -0.0257367 0.1515488 -0.0268537 0.9877497
52.202390 4.4117756 -1.5887330 17.2255764 -0.0228541 0.1471003 -0.0243574 0.9885575
52.410020 4.4443445 -1.5861882 17.3353939 -0.0231757 0.1462307 -0.0242407 0.9886819
52.617770 4.4764657 -1.5837729 17.4427605 -0.0247462 0.1541057 -0.0287737 0.9873253
52.825640 4.5098200 -1.5812926 17.5460587 -0.0253156 0.1660853 -0.0309133 0.9853016
53.033270 4.5450606 -1.5797138 17.6442032 -0.0256863 0.1748272 -0.0286122 0.9838480
53.240640 4.5804992 -1.5779659 17.7393017 -0.0237928 0.1791517 -0.0271690 0.9831584
53.448020 4.6149940 -1.5764420 17.8339252 -0.0221399 0.1777172 -0.0254491 0.9835033
53.655390 4.6481290 -1.5751107 17.9255886 -0.0209817 0.1694123 -0.0221085 0.9850739
53.862640 4.6779871 -1.5738988 18.0179501 -0.0205575 0.1565457 -0.0193311 0.9872675
54.069890 4.7052803 -1.5722234 18.1117706 -0.0202140 0.1381365 -0.0153347 0.9900882
54.277140 4.7287126 -1.5704060 18.2078552 -0.0188063 0.1155500 -0.0135024 0.9930318
54.484400 4.7468314 -1.5688531 18.3044415 -0.0176475 0.0896917 -0.0128980 0.9957297
54.691640 4.7583504 -1.5673149 18.4000950 -0.0157776 0.0613961 -0.0140049 0.9978905
54.899020 4.7649236 -1.5660713 18.4971886 -0.0163247 0.0309026 -0.0137661 0.9992943
55.106520 4.7651262 -1.5644621 18.5971622 -0.0149034 0.0000686 -0.0144396 0.9997846
55.314140 4.7595243 -1.5630189 18.6959305 -0.0129423 -0.0273224 -0.0160579 0.9994139
55.522020 4.7493954 -1.5610394 18.7964897 -0.0145603 -0.0464531 -0.0195820 0.9986224
55.730050 4.7366590 -1.5590103 18.8980713 -0.0168483 -0.0547153 -0.0244501 0.9980604
55.938270 4.7250757 -1.5573075 18.9998207 -0.0110908 -0.0566872 -0.0266062 0.9979758
56.146400 4.7120390 -1.5560185 19.1060505 -0.0104945 -0.0539953 -0.0276742 0.9981024
56.354520 4.7012820 -1.5547756 19.2128582 -0.0098130 -0.0514042 -0.0261357 0.9982877
56.562530 4.6898055 -1.5538068 19.3215199 -0.0049590 -0.0490245 -0.0242529 0.9984908
56.770390 4.6783648 -1.5534492 19.4337254 -0.0045659 -0.0471907 -0.0238035 0.9985918
56.978150 4.6665645 -1.5529797 19.5486965 -0.0062080 -0.0466957 -0.0256727 0.9985599
57.185780 4.6541700 -1.5521195 19.6655598 -0.0059045 -0.0466500 -0.0280710 0.9984993
57.393270 4.6418166 -1.5513908 19.7839813 -0.0044114 -0.0473990 -0.0289458 0.9984468
57.600640 4.6288753 -1.5517657 19.9034824 -0.0019799 -0.0493001 -0.0276650 0.9983988
57.808020 4.6152925 -1.5525420 20.0254803 -0.0031934 -0.0551638 -0.0225959 0.9982165
58.015420 4.6000223 -1.5530756 20.1475506 -0.0026874 -0.0650064 -0.0182638 0.9977141
58.326530 4.5726328 -1.5553778 20.3267479 -0.0018680 -0.0794300 -0.0157531 0.9967142
58.534020 4.5517521 -1.5567108 20.4451733 -0.0024322 -0.0888221 -0.0145769 0.9959379
58.741650 4.5278807 -1.5580074 20.5625896 -0.0007227 -0.0974545 -0.0156065 0.9951174
59.052900 4.4889288 -1.5602968 20.7385101 0.0001921 -0.1089301 -0.0151093 0.9939346
59.260530 4.4612293 -1.5625199 20.8540955 0.0010568 -0.1147192 -0.0125192 0.9933185
59.468030 4.4332533 -1.5642207 20.9695435 0.0056060 -0.1206552 -0.0078252 0.9926478
59.675530 4.4027810 -1.5666959 21.0848961 0.0038979 -0.1259493 -0.0055434 0.9920135
59.987020 4.3560820 -1.5698345 21.2579670 0.0039986 -0.1318047 -0.0060524 0.9912491
60.194660 4.3236027 -1.5719434 21.3736553 0.0009216 -0.1339989 -0.0044446 0.9909711
60.402270 4.2911143 -1.5733224 21.4897308 -0.0005240 -0.1348055 -0.0006770 0.9908717
60.609930 4.2589111 -1.5746477 21.6054764 -0.0012250 -0.1358571 0.0037804 0.9907205
60.817540 4.2259274 -1.5756058 21.7218513 -0.0013482 -0.1369453 0.0067550 0.9905547
61.025270 4.1924310 -1.5771827 21.8379498 -0.0028530 -0.1382203 0.0065607 0.9903757
61.232720 4.1581488 -1.5782105 21.9540901 -0.0049795 -0.1391584 0.0044105 0.9902478
61.440150 4.1235766 -1.5791111 22.0710144 -0.0067505 -0.1392595 0.0020182 0.9902309
61.647800 4.0902958 -1.5793186 22.1865234 -0.0082280 -0.1378272 0.0011457 0.9904215
61.751640 4.0735865 -1.5789894 22.2440586 -0.0093810 -0.1368991 0.0014070 0.9905396
61.855290 4.0572190 -1.5786335 22.3018875 -0.0102246 -0.1362686 0.0005349 0.9906190
61.959050 4.0406623 -1.5787694 22.3591232 -0.0115902 -0.1354872 -0.0003839 0.9907112
62.062800 4.0244360 -1.5784104 22.4167385 -0.0121964 -0.1347654 -0.0016696 0.9908011
62.270350 3.9924440 -1.5773990 22.5303383 -0.0117327 -0.1332859 -0.0015425 0.9910070
62.477810 3.9615588 -1.5766284 22.6429615 -0.0143429 -0.1321720 -0.0003749 0.9911230
62.685330 3.9312639 -1.5754859 22.7551479 -0.0170246 -0.1311407 0.0010737 0.9912170
62.892780 3.9015660 -1.5737858 22.8668938 -0.0173751 -0.1303128 0.0036221 0.9913141
63.100390 3.8719039 -1.5719397 22.9765244 -0.0182446 -0.1298981 0.0074798 0.9913313
63.307710 3.8425641 -1.5699902 23.0849705 -0.0179845 -0.1297556 0.0085879 0.9913457
63.515270 3.8132029 -1.5685263 23.1929989 -0.0206672 -0.1301389 0.0086185 0.9912429
63.722540 3.7844038 -1.5665965 23.2997036 -0.0208521 -0.1305330 0.0085713 0.9911876
63.929910 3.7558775 -1.5646408 23.4050369 -0.0209489 -0.1308297 0.0090252 0.9911424
64.241030 3.7132006 -1.5613244 23.5616913 -0.0224087 -0.1318492 0.0097357 0.9909686
64.448610 3.6851869 -1.5586386 23.6636200 -0.0225755 -0.1321195 0.0080559 0.9909440
64.759950 3.6431365 -1.5548955 23.8146706 -0.0253156 -0.1318791 0.0063349 0.9909223
65.071210 3.6017442 -1.5499077 23.9640465 -0.0305255 -0.1328879 0.0060976 0.9906421
65.382430 3.5598779 -1.5434301 24.1115265 -0.0343341 -0.1356011 0.0076012 0.9901392
65.589790 3.5319886 -1.5385560 24.2100277 -0.0353657 -0.1374413 0.0078259 0.9898474
65.797310 3.5054407 -1.5338614 24.3057060 -0.0363151 -0.1383944 0.0095354 0.9896653
66.004800 3.4782434 -1.5290303 24.4001923 -0.0364454 -0.1375683 0.0097257 0.9897738
66.212160 3.4526458 -1.5241956 24.4931488 -0.0373704 -0.1370978 0.0130453 0.9897664
66.419700 3.4268909 -1.5195371 24.5825386 -0.0371853 -0.1365990 0.0133574 0.9898381
66.627050 3.4023590 -1.5153702 24.6691780 -0.0353523 -0.1357775 0.0143801 0.9900040
66.834590 3.3782134 -1.5113932 24.7537231 -0.0345079 -0.1348018 0.0135819 0.9901784
67.042030 3.3550477 -1.5071108 24.8371429 -0.0335936 -0.1338439 0.0155154 0.9903113
67.249580 3.3328342 -1.5030819 24.9199982 -0.0329365 -0.1312747 0.0154358 0.9906785
67.561050 3.3006105 -1.4977281 25.0445175 -0.0324624 -0.1199855 0.0148382 0.9921338
67.769210 3.2816696 -1.4934131 25.1282768 -0.0372149 -0.1070213 0.0117007 0.9934911
67.976670 3.2653995 -1.4887588 25.2128315 -0.0397370 -0.0891711 0.0109803 0.9951628
68.288670 3.2483978 -1.4809244 25.3392124 -0.0430668 -0.0542024 0.0075309 0.9975724
68.496670 3.2434769 -1.4753869 25.4236946 -0.0419790 -0.0274127 0.0080901 0.9987096
68.704540 3.2429309 -1.4698007 25.5083580 -0.0403194 -0.0006055 0.0084662 0.9991508
68.912190 3.2468247 -1.4641776 25.5942669 -0.0409278 0.0262334 0.0095378 0.9987721
69.119820 3.2554801 -1.4577770 25.6799660 -0.0416752 0.0518663 0.0117010 0.9977155
69.327420 3.2685838 -1.4524744 25.7658119 -0.0420011 0.0772039 0.0128140 0.9960478
69.535030 3.2860446 -1.4467661 25.8521175 -0.0412249 0.1020859 0.0136591 0.9938272
69.742460 3.3078580 -1.4406159 25.9386101 -0.0393429 0.1243380 0.0146621 0.9913512
69.950110 3.3328989 -1.4348269 26.0258293 -0.0386948 0.1441511 0.0151275 0.9886832
70.157430 3.3614635 -1.4289477 26.1132240 -0.0378890 0.1625320 0.0145401 0.9858683
70.364970 3.3939018 -1.4228590 26.2001610 -0.0371558 0.1809965 0.0151201 0.9826653
70.572360 3.4300456 -1.4168539 26.2873783 -0.0377893 0.1995790 0.0163184 0.9790168
70.779670 3.4695134 -1.4111934 26.3738098 -0.0386136 0.2174716 0.0154976 0.9751794
70.987040 3.5121188 -1.4056067 26.4583111 -0.0362397 0.2348218 0.0153687 0.9712411
71.194400 3.5580797 -1.3997989 26.5420818 -0.0348181 0.2529187 0.0118866 0.9667878
71.401990 3.6080284 -1.3948742 26.6241798 -0.0366594 0.2735870 0.0107336 0.9610885
71.609450 3.6621695 -1.3891954 26.7043533 -0.0384851 0.2961957 0.0105753 0.9542930
71.817050 3.7206621 -1.3833998 26.7820854 -0.0386839 0.3219520 0.0108494 0.9459032
72.024670 3.7835426 -1.3774755 26.8561172 -0.0379596 0.3476584 0.0121047 0.9367744
72.232060 3.8496113 -1.3718536 26.9257736 -0.0379146 0.3723956 0.0146348 0.9271838
72.439440 3.9185553 -1.3663423 26.9917221 -0.0370649 0.3944753 0.0153785 0.9180299
72.646700 3.9904814 -1.3602089 27.0552559 -0.0367107 0.4129015 0.0171513 0.9098739
72.854050 4.0650749 -1.3542848 27.1165199 -0.0381500 0.4302744 0.0176187 0.9017195
73.061450 4.1436386 -1.3479286 27.1760750 -0.0365712 0.4474789 0.0170432 0.8933839
73.268930 4.2258959 -1.3411080 27.2338219 -0.0411522 0.4652521 0.0186170 0.8840251
73.476410 4.3108368 -1.3338729 27.2880096 -0.0426095 0.4849080 0.0185284 0.8733301
73.683940 4.3985825 -1.3266891 27.3379402 -0.0409864 0.5056822 0.0193235 0.8615290
73.995310 4.5376024 -1.3155508 27.4052982 -0.0385800 0.5374749 0.0237739 0.8420612
74.306540 4.6841202 -1.3048544 27.4628181 -0.0382058 0.5693460 0.0240993 0.8208560
74.617850 4.8382411 -1.2939206 27.5122280 -0.0381381 0.6014431 0.0211609 0.7977242
74.928950 4.9994364 -1.2829733 27.5494499 -0.0382850 0.6335788 0.0215273 0.7724304
75.240090 5.1676707 -1.2713244 27.5734215 -0.0365034 0.6637808 0.0242073 0.7466435
75.551070 5.3384881 -1.2602918 27.5851784 -0.0343739 0.6917990 0.0243844 0.7208592
75.758450 5.4566703 -1.2517649 27.5860481 -0.0360378 0.7094375 0.0257651 0.7033746
75.965810 5.5752773 -1.2443686 27.5811691 -0.0369994 0.7262314 0.0253976 0.6859839
76.173160 5.6946497 -1.2365627 27.5703049 -0.0367140 0.7434638 0.0238138 0.6673429
76.380600 5.8161616 -1.2284023 27.5529633 -0.0353900 0.7597817 0.0241928 0.6487635
76.588100 5.9380999 -1.2206399 27.5288506 -0.0335604 0.7745023 0.0263072 0.6311321
76.795320 6.0593910 -1.2128582 27.4990788 -0.0318671 0.7873063 0.0249988 0.6152303
77.002800 6.1820173 -1.2048533 27.4655380 -0.0321542 0.8002720 0.0234104 0.5983166
77.210160 6.3018379 -1.1979533 27.4269905 -0.0314239 0.8128971 0.0195376 0.5812308
77.417440 6.4229612 -1.1916423 27.3821545 -0.0333463 0.8248704 0.0194769 0.5640014
77.624880 6.5427394 -1.1848865 27.3322144 -0.0341103 0.8355435 0.0195611 0.5480154
77.832140 6.6616716 -1.1784959 27.2781410 -0.0323585 0.8430896 0.0212444 0.5363782
77.935700 6.7210045 -1.1751909 27.2494736 -0.0301030 0.8455804 0.0214549 0.5325667
78.039350 6.7803688 -1.1721296 27.2202263 -0.0277994 0.8474076 0.0231336 0.5297096
78.142930 6.8398438 -1.1687514 27.1904774 -0.0260357 0.8487176 0.0249169 0.5276169
78.246670 6.8998613 -1.1654456 27.1603966 -0.0245486 0.8495599 0.0271052 0.5262230
78.350300 6.9602184 -1.1616973 27.1303482 -0.0238999 0.8501032 0.0283701 0.5253080
78.454020 7.0209517 -1.1579406 27.1004562 -0.0243736 0.8505440 0.0290632 0.5245342
78.557850 7.0815916 -1.1545326 27.0699825 -0.0249826 0.8506708 0.0301210 0.5242401
78.765630 7.2039170 -1.1458318 27.0091953 -0.0275678 0.8512616 0.0323584 0.5230169
78.868800 7.2650852 -1.1416838 26.9786587 -0.0277627 0.8516022 0.0325806 0.5224380
79.081780 7.3870502 -1.1324291 26.9173985 -0.0256642 0.8521246 0.0311550 0.5217801
79.283570 7.5116463 -1.1225194 26.8545742 -0.0249263 0.8528897 0.0306005 0.5205972
79.387330 7.5734568 -1.1187886 26.8232307 -0.0251248 0.8532397 0.0317339 0.5199459
79.594920 7.6992831 -1.1096350 26.7589741 -0.0269614 0.8538432 0.0332918 0.5187645
79.698570 7.7622266 -1.1049144 26.7264061 -0.0271277 0.8540843 0.0339778 0.5183141
79.906130 7.8871636 -1.0956478 26.6612053 -0.0272398 0.8545902 0.0342918 0.5174529
80.113430 8.0143013 -1.0860505 26.5951729 -0.0242022 0.8550270 0.0339214 0.5169066
80.321020 8.1430035 -1.0764923 26.5283566 -0.0250402 0.8548482 0.0352122 0.5170760
80.528440 8.2726498 -1.0665830 26.4616127 -0.0251527 0.8548301 0.0326770 0.5172668
80.735850 8.4046059 -1.0575541 26.3938293 -0.0228013 0.8546998 0.0303750 0.5177314
80.943530 8.5393925 -1.0484178 26.3245621 -0.0239874 0.8548546 0.0334644 0.5172315
81.150830 8.6753464 -1.0381839 26.2543907 -0.0244806 0.8549832 0.0324759 0.5170588
81.254550 8.7435694 -1.0335175 26.2189922 -0.0250641 0.8550414 0.0322270 0.5169501
81.462060 8.8809643 -1.0238702 26.1478138 -0.0255220 0.8551545 0.0324769 0.5167250
81.565860 8.9503374 -1.0189646 26.1114273 -0.0246608 0.8551931 0.0323347 0.5167118
81.669620 9.0199909 -1.0136298 26.0749817 -0.0246705 0.8553166 0.0318812 0.5165350
81.773370 9.0900249 -1.0092205 26.0381069 -0.0241644 0.8553807 0.0323347 0.5164247
81.980680 9.2308502 -0.9988874 25.9647484 -0.0250975 0.8555378 0.0330174 0.5160766
82.084440 9.3014126 -0.9938575 25.9281693 -0.0257814 0.8556126 0.0320435 0.5159803
82.291790 9.4437027 -0.9841192 25.8542480 -0.0292378 0.8558478 0.0284195 0.5156181
82.395640 9.5156183 -0.9790087 25.8174801 -0.0313089 0.8559440 0.0278989 0.5153652
82.603060 9.6593981 -0.9684747 25.7419510 -0.0291854 0.8560048 0.0276924 0.5153999
82.810450 9.8030415 -0.9591136 25.6660919 -0.0261173 0.8558667 0.0303169 0.5156462
83.018010 9.9483242 -0.9495749 25.5902042 -0.0269462 0.8557881 0.0313751 0.5156707
83.225460 10.0930452 -0.9396448 25.5148296 -0.0279684 0.8557028 0.0309091 0.5157859
83.432930 10.2363071 -0.9298450 25.4398384 -0.0248310 0.8558273 0.0311367 0.5157261
83.640430 10.3794575 -0.9207980 25.3651295 -0.0221050 0.8552803 0.0310327 0.5167630
83.847930 10.5231686 -0.9105661 25.2912960 -0.0282064 0.8545884 0.0332310 0.5174733
84.055580 10.6664534 -0.9004908 25.2186871 -0.0288391 0.8536638 0.0307938 0.5191128
84.262850 10.8087101 -0.8902783 25.1460476 -0.0279579 0.8524935 0.0285264 0.5212095
84.470300 10.9506712 -0.8817790 25.0752220 -0.0290238 0.8521239 0.0284566 0.5217593
84.677950 11.0915966 -0.8728012 25.0038624 -0.0291666 0.8517623 0.0295787 0.5222791
84.885450 11.2322931 -0.8630732 24.9328976 -0.0286689 0.8523358 0.0278734 0.5214641
84.989500 11.3021526 -0.8586287 24.8973713 -0.0275273 0.8528223 0.0273496 0.5207575
85.093050 11.3714218 -0.8544384 24.8617592 -0.0260877 0.8533717 0.0277407 0.5199103
85.300390 11.5099649 -0.8457197 24.7905941 -0.0258078 0.8548777 0.0294344 0.5173507
85.507850 11.6462183 -0.8367530 24.7199554 -0.0266314 0.8566509 0.0307011 0.5142932
85.715200 11.7819004 -0.8272205 24.6463089 -0.0238539 0.8580591 0.0299422 0.5121220
86.026320 11.9818354 -0.8147061 24.5368977 -0.0247503 0.8603296 0.0292375 0.5082968
86.130110 12.0482006 -0.8108585 24.5011864 -0.0264879 0.8611131 0.0289817 0.5068951
86.337580 12.1774292 -0.8028423 24.4285698 -0.0284676 0.8623266 0.0287833 0.5047317
86.545010 12.3036852 -0.7944489 24.3585739 -0.0297757 0.8633897 0.0297354 0.5027798
86.752310 12.4250364 -0.7870806 24.2904053 -0.0311372 0.8643063 0.0285594 0.5011879
86.959810 12.5434771 -0.7794248 24.2239838 -0.0335001 0.8647848 0.0266419 0.5003151
87.167190 12.6572008 -0.7724070 24.1597061 -0.0351225 0.8641795 0.0261093 0.5012769
87.374560 12.7669430 -0.7658446 24.0990791 -0.0356198 0.8620391 0.0252761 0.5049564
87.581810 12.8749619 -0.7588680 24.0419235 -0.0361510 0.8574905 0.0249781 0.5126200
87.789170 12.9816399 -0.7512906 23.9877777 -0.0361665 0.8498492 0.0238686 0.5252415
87.996680 13.0886278 -0.7445809 23.9377193 -0.0376699 0.8403065 0.0210850 0.5403901
88.204050 13.1944418 -0.7381625 23.8951874 -0.0372661 0.8305747 0.0175419 0.5553820
88.411430 13.3025150 -0.7319025 23.8554115 -0.0382126 0.8193130 0.0157633 0.5718544
88.618820 13.4116421 -0.7256000 23.8200111 -0.0396277 0.8073331 0.0162980 0.5885382
88.826180 13.5214472 -0.7189384 23.7905216 -0.0437438 0.7950441 0.0173638 0.6047230
89.033680 13.6337700 -0.7113898 23.7642784 -0.0480664 0.7823933 0.0150317 0.6207449
89.241050 13.7460823 -0.7043812 23.7435265 -0.0507430 0.7692854 0.0129253 0.6367558
89.448550 13.8595419 -0.6969845 23.7269669 -0.0496570 0.7543775 0.0130023 0.6544308
89.655800 13.9738340 -0.6892523 23.7156029 -0.0437698 0.7372784 0.0126947 0.6740502
89.863200 14.0893745 -0.6822138 23.7106819 -0.0416390 0.7184006 0.0132332 0.6942562
90.070690 14.2065115 -0.6750128 23.7121677 -0.0422312 0.6981183 0.0131758 0.7146145
90.278050 14.3242245 -0.6681410 23.7212543 -0.0458679 0.6760583 0.0122406 0.7353173
90.485550 14.4423409 -0.6598550 23.7383423 -0.0488114 0.6536680 0.0085667 0.7551571
90.693070 14.5613403 -0.6517888 23.7625618 -0.0496239 0.6316507 0.0047900 0.7736484
90.900550 14.6803856 -0.6438365 23.7932453 -0.0502494 0.6090862 0.0015608 0.7915091
91.108060 14.7997437 -0.6351840 23.8312378 -0.0527697 0.5860207 0.0023220 0.8085726
91.315450 14.9172516 -0.6263585 23.8761826 -0.0528874 0.5621669 0.0011718 0.8253303
91.522930 15.0316505 -0.6173635 23.9280434 -0.0510469 0.5394340 0.0010827 0.8404784
91.730300 15.1472292 -0.6079524 23.9879608 -0.0554800 0.5174079 0.0021861 0.8539358
91.937810 15.2617235 -0.5973654 24.0536366 -0.0575433 0.4959356 0.0047074 0.8664378
92.145310 15.3733587 -0.5859280 24.1257553 -0.0582070 0.4758918 0.0045698 0.8775637
92.352950 15.4843836 -0.5738409 24.2040138 -0.0602459 0.4586768 0.0013348 0.8865575
92.560560 15.5948935 -0.5610216 24.2879639 -0.0616074 0.4445551 -0.0014980 0.8936291
92.768320 15.7037773 -0.5488222 24.3739204 -0.0626472 0.4324904 -0.0027116 0.8994554
92.975930 15.8112621 -0.5360889 24.4637508 -0.0601772 0.4216816 -0.0030541 0.9047397
93.079680 15.8641958 -0.5299292 24.5097599 -0.0589195 0.4170094 -0.0034332 0.9069839
93.287430 15.9688683 -0.5179656 24.6023636 -0.0595533 0.4105839 -0.0034380 0.9098694
93.495180 16.0717850 -0.5063639 24.6948662 -0.0613069 0.4068306 -0.0027199 0.9114400
93.702820 16.1742764 -0.4937475 24.7885838 -0.0620815 0.4042526 -0.0027936 0.9125338
93.910430 16.2772141 -0.4804013 24.8835888 -0.0610936 0.4016180 -0.0040139 0.9137584
94.118060 16.3789330 -0.4685888 24.9775391 -0.0582012 0.4002072 -0.0028398 0.9145703
94.325690 16.4790535 -0.4569359 25.0707779 -0.0580377 0.4006467 -0.0019609 0.9143905
94.533310 16.5778961 -0.4454715 25.1611576 -0.0601861 0.4035543 -0.0024038 0.9129708
94.741060 16.6742725 -0.4348702 25.2486229 -0.0621841 0.4093971 -0.0035563 0.9102277
94.948810 16.7690163 -0.4246919 25.3312645 -0.0609024 0.4172274 -0.0060069 0.9067392
95.156550 16.8631668 -0.4153113 25.4095135 -0.0587054 0.4283991 -0.0061659 0.9016595
95.364430 16.9568577 -0.4065354 25.4823532 -0.0554025 0.4407467 -0.0049669 0.8959064
95.572310 17.0489864 -0.3985267 25.5495224 -0.0525468 0.4538979 -0.0028137 0.8894985
95.780180 17.1390381 -0.3922243 25.6106720 -0.0438836 0.4679985 -0.0009265 0.8826385
95.988060 17.2249947 -0.3881582 25.6663857 -0.0333230 0.4829735 -0.0082738 0.8749616
96.196060 17.3100796 -0.3855001 25.7166443 -0.0282280 0.5011207 -0.0113678 0.8648421
96.404190 17.3950195 -0.3840692 25.7615108 -0.0308617 0.5236762 -0.0126398 0.8512644
96.612440 17.4817009 -0.3825195 25.7994118 -0.0318846 0.5504997 -0.0088271 0.8341795
96.820810 17.5672092 -0.3815345 25.8280716 -0.0246760 0.5823345 -0.0072127 0.8125427
97.029060 17.6542549 -0.3816241 25.8499928 -0.0157346 0.6150641 -0.0101787 0.7882543
97.237310 17.7447071 -0.3818512 25.8657017 -0.0119280 0.6477590 -0.0110910 0.7616712
97.445440 17.8370991 -0.3832881 25.8742390 -0.0153654 0.6791451 -0.0076510 0.7338033
97.653560 17.9287529 -0.3842290 25.8737335 -0.0142877 0.7107568 -0.0037111 0.7032830
97.861590 18.0191021 -0.3852840 25.8657856 -0.0127248 0.7406642 -0.0043209 0.6717410
98.069330 18.1084938 -0.3867140 25.8505058 -0.0057812 0.7663606 -0.0027583 0.6423787
98.276830 18.1972351 -0.3879610 25.8295727 -0.0042828 0.7862177 -0.0019619 0.6179317
98.484190 18.2858105 -0.3892144 25.8035622 -0.0042811 0.8005891 0.0002400 0.5991985
98.691560 18.3740730 -0.3905376 25.7741375 -0.0027449 0.8114120 0.0018327 0.5844654
98.899080 18.4631386 -0.3912536 25.7412643 -0.0016293 0.8219553 0.0036816 0.5695379
99.106560 18.5506535 -0.3924958 25.7044907 0.0001612 0.8327355 0.0052704 0.5536458
99.314190 18.6381893 -0.3929835 25.6643982 -0.0014005 0.8461920 0.0041059 0.5328605
99.522160 18.7219048 -0.3944866 25.6187897 0.0003675 0.8611173 0.0024639 0.5084002
99.730070 18.8022575 -0.3954325 25.5679436 -0.0004141 0.8784350 0.0021264 0.4778571
99.938070 18.8785057 -0.3971326 25.5097160 0.0013354 0.8969367 0.0066004 0.4421078
100.146100 18.9496174 -0.3981523 25.4458523 0.0035448 0.9147903 0.0067239 0.4038576
100.354100 19.0144196 -0.3988793 25.3765717 0.0058014 0.9310849 0.0077416 0.3646741
100.562100 19.0722122 -0.3995109 25.3029404 0.0077576 0.9457468 0.0105146 0.3246417
100.770000 19.1219101 -0.4003318 25.2272148 0.0097371 0.9577419 0.0117030 0.2872260
100.977600 19.1659889 -0.4009489 25.1491432 0.0129099 0.9669823 0.0097052 0.2543311
101.184900 19.2056828 -0.4019983 25.0676003 0.0157680 0.9740698 0.0089487 0.2255199
101.392300 19.2412300 -0.4022283 24.9831696 0.0170720 0.9801563 0.0105517 0.1972075
101.599800 19.2721119 -0.4019478 24.8964806 0.0192245 0.9854043 0.0126033 0.1686711
101.807200 19.2972050 -0.4020789 24.8077621 0.0208249 0.9900724 0.0140539 0.1382945
102.014700 19.3167000 -0.4022981 24.7178249 0.0229162 0.9940768 0.0110017 0.1056645
102.222200 19.3300056 -0.4010742 24.6254406 0.0254467 0.9969726 0.0131224 0.0722906
102.429800 19.3380470 -0.4004128 24.5313358 0.0252377 0.9987982 0.0172600 0.0383058
102.637400 19.3394489 -0.3987734 24.4363976 0.0252256 0.9995522 0.0154567 0.0044833
102.845000 19.3340244 -0.3971724 24.3391266 0.0264907 0.9991402 0.0147112 -0.0282956
103.052400 19.3222618 -0.3954490 24.2397556 0.0287034 0.9978268 0.0138018 -0.0576821
103.259900 19.3053684 -0.3938713 24.1388931 0.0300569 0.9960383 0.0130404 -0.0826691
103.467300 19.2844334 -0.3922757 24.0355186 0.0292844 0.9942763 0.0113453 -0.1021191
103.778400 19.2461796 -0.3898047 23.8766499 0.0274733 0.9917305 0.0104100 -0.1249304
103.985900 19.2161427 -0.3884676 23.7678623 0.0271824 0.9901736 0.0119581 -0.1366538
104.296900 19.1669998 -0.3854330 23.6000175 0.0296594 0.9889746 0.0111832 -0.1446526
104.504300 19.1326771 -0.3833699 23.4858322 0.0300580 0.9886912 0.0079715 -0.1467058
104.815400 19.0787239 -0.3805791 23.3075829 0.0321069 0.9882310 0.0119135 -0.1490861
105.126600 19.0223770 -0.3771625 23.1255341 0.0321484 0.9878702 0.0108023 -0.1515329
105.437900 18.9630184 -0.3739895 22.9371376 0.0324171 0.9874990 0.0104430 -0.1539018
105.645400 18.9222298 -0.3717030 22.8083305 0.0330593 0.9872013 0.0102040 -0.1556806
105.956700 18.8596115 -0.3691975 22.6153393 0.0338654 0.9867790 0.0110234 -0.1581101
106.267900 18.7946930 -0.3655694 22.4155388 0.0324209 0.9863806 0.0131546 -0.1607148
106.579200 18.7287216 -0.3621650 22.2169533 0.0322002 0.9860258 0.0114264 -0.1630515
106.890600 18.6610146 -0.3589802 22.0171814 0.0324112 0.9862540 0.0128290 -0.1615179
107.201800 18.5975647 -0.3561447 21.8168259 0.0280312 0.9872267 0.0103431 -0.1564954
107.512900 18.5364132 -0.3549484 21.6159248 0.0222565 0.9886725 0.0055326 -0.1483267
107.824300 18.4812450 -0.3548061 21.4144344 0.0155178 0.9903499 0.0074410 -0.1375172
108.135300 18.4311485 -0.3542108 21.2118073 0.0170029 0.9927351 0.0111882 -0.1185860
108.446400 18.3893051 -0.3538209 21.0080681 0.0155059 0.9952407 0.0068790 -0.0959589
108.654000 18.3673439 -0.3545420 20.8730564 0.0150195 0.9964532 0.0068652 -0.0825126
108.861500 18.3482780 -0.3546229 20.7367573 0.0161784 0.9974782 0.0083869 -0.0685944
109.069200 18.3333817 -0.3548711 20.5998096 0.0149379 0.9983364 0.0088229 -0.0549854
109.276700 18.3224182 -0.3545444 20.4622116 0.0110586 0.9989876 0.0114659 -0.0420728
109.484300 18.3152981 -0.3542473 20.3252983 0.0096620 0.9994497 0.0118573 -0.0294327
109.588000 18.3131046 -0.3540045 20.2563648 0.0090659 0.9996259 0.0115344 -0.0230809
109.795400 18.3101177 -0.3530882 20.1171436 0.0090285 0.9998208 0.0132007 -0.0101261
110.003000 18.3111153 -0.3518055 19.9789677 0.0084357 0.9998509 0.0148657 0.0024578
110.210600 18.3151398 -0.3505322 19.8401051 0.0101109 0.9997475 0.0137422 0.0146275
110.418100 18.3224907 -0.3494879 19.7022095 0.0106204 0.9995198 0.0116568 0.0266736
110.729500 18.3400078 -0.3489747 19.4959946 0.0090722 0.9989807 0.0104753 0.0429592
110.937100 18.3553963 -0.3485843 19.3590927 0.0082359 0.9985682 0.0085603 0.0521575
111.144800 18.3716354 -0.3490965 19.2237549 0.0078453 0.9980412 0.0088030 0.0614382
111.352300 18.3919525 -0.3488708 19.0882416 0.0056651 0.9974973 0.0109481 0.0696211
111.560000 18.4136372 -0.3488041 18.9536400 0.0052563 0.9968859 0.0105302 0.0779744
111.767500 18.4379501 -0.3488364 18.8205757 0.0032535 0.9962881 0.0112247 0.0852848
111.974900 18.4634552 -0.3483177 18.6883011 0.0021017 0.9956439 0.0124968 0.0923724
112.182300 18.4904728 -0.3476230 18.5576706 0.0014588 0.9949518 0.0137995 0.0993901
112.389900 18.5188961 -0.3472908 18.4298153 0.0014136 0.9942642 0.0115405 0.1063178
112.597300 18.5486889 -0.3475379 18.3050213 0.0012192 0.9935376 0.0087254 0.1131611
112.804900 18.5793953 -0.3480715 18.1838608 0.0018321 0.9927047 0.0066009 0.1203766
113.012500 18.6102276 -0.3500562 18.0680923 0.0031928 0.9917471 0.0021762 0.1281511
113.323800 18.6562462 -0.3549570 17.9061775 0.0016823 0.9903805 -0.0127049 0.1377758
113.635300 18.7001839 -0.3631257 17.7613525 0.0019275 0.9894144 -0.0231405 0.1432481
113.946800 18.7429581 -0.3735614 17.6234436 0.0051931 0.9892664 -0.0269996 0.1435134
114.258700 18.7815037 -0.3837029 17.4868164 0.0094216 0.9908010 -0.0242790 0.1327970
114.571200 18.8122692 -0.3909176 17.3511906 0.0139891 0.9944611 -0.0197010 0.1022910
114.883900 18.8278465 -0.3971397 17.2172699 0.0171976 0.9984719 -0.0095787 0.0516377
115.196500 18.8269596 -0.4014819 17.0854149 0.0203434 0.9997309 -0.0023298 -0.0109031
115.404800 18.8169212 -0.4035161 16.9983330 0.0206910 0.9982325 0.0003719 -0.0557089
115.613100 18.7993946 -0.4040126 16.9118099 0.0195329 0.9946496 0.0037477 -0.1013731
115.821100 18.7729473 -0.4044166 16.8255882 0.0210032 0.9889194 0.0095235 -0.1466509
116.029400 18.7392807 -0.4037667 16.7408524 0.0177681 0.9810826 0.0119218 -0.1924035
116.238300 18.6964264 -0.4021388 16.6579189 0.0195872 0.9713854 0.0117794 -0.2364066
116.444900 18.6450500 -0.3999964 16.5779762 0.0233412 0.9605664 0.0124807 -0.2767881
116.652400 18.5867977 -0.3979097 16.4995995 0.0259311 0.9497232 0.0119205 -0.3117874
116.859700 18.5215836 -0.3951952 16.4226398 0.0295362 0.9397005 0.0084360 -0.3406160
117.067000 18.4507084 -0.3927005 16.3467999 0.0337069 0.9315859 0.0053926 -0.3619150
117.274300 18.3742599 -0.3900197 16.2690620 0.0352330 0.9251873 0.0044910 -0.3778450
117.481600 18.2921638 -0.3873880 16.1897469 0.0355318 0.9195560 0.0038348 -0.3913304
117.689000 18.2051220 -0.3845480 16.1091728 0.0366954 0.9150322 0.0027282 -0.4016990
117.896100 18.1130886 -0.3813226 16.0255127 0.0394610 0.9138626 0.0017782 -0.4040976
118.103200 18.0174313 -0.3778825 15.9367514 0.0395056 0.9157875 0.0034070 -0.3997011
118.310600 17.9211521 -0.3746401 15.8439770 0.0358953 0.9169288 0.0043164 -0.3974096
118.518000 17.8219299 -0.3714172 15.7493286 0.0349742 0.9174601 0.0046368 -0.3962604
118.829100 17.6688328 -0.3668060 15.6015577 0.0344956 0.9184366 0.0039070 -0.3940419
119.140500 17.5102291 -0.3621105 15.4477787 0.0331882 0.9195358 0.0018981 -0.3915979
119.451600 17.3492298 -0.3595221 15.2889681 0.0305005 0.9209115 -0.0009767 -0.3885753
119.762700 17.1848240 -0.3592989 15.1252232 0.0297408 0.9223833 0.0006836 -0.3851286
120.177500 16.9666519 -0.3556707 14.9000311 0.0308119 0.9260466 0.0044487 -0.3761229
120.488500 16.8065376 -0.3532487 14.7289534 0.0312335 0.9302659 0.0028782 -0.3655428
120.799500 16.6500282 -0.3514990 14.5518932 0.0340525 0.9372189 -0.0001769 -0.3470750
121.110500 16.5011730 -0.3502395 14.3656349 0.0334027 0.9454650 -0.0014226 -0.3240034
121.421600 16.3603210 -0.3497212 14.1704178 0.0300799 0.9522979 0.0011006 -0.3036817
121.629100 16.2713070 -0.3489991 14.0369816 0.0289533 0.9562236 0.0022755 -0.2911924
121.836600 16.1838531 -0.3482932 13.9002075 0.0288992 0.9598779 0.0008999 -0.2789237
122.044100 16.1003151 -0.3485357 13.7606096 0.0282729 0.9633552 -0.0008673 -0.2667334
122.355300 15.9794254 -0.3499220 13.5458956 0.0303042 0.9676591 -0.0018706 -0.2504278
122.563000 15.9011469 -0.3505382 13.3992434 0.0320620 0.9694688 -0.0012247 -0.2431063
122.770700 15.8254757 -0.3508133 13.2501965 0.0312413 0.9703662 -0.0003236 -0.2396105
122.978500 15.7478333 -0.3514515 13.1006498 0.0300132 0.9707793 -0.0004344 -0.2380895
123.186200 15.6690931 -0.3513231 12.9489021 0.0295630 0.9712951 -0.0016172 -0.2360280
123.393800 15.5918827 -0.3521405 12.7961693 0.0315823 0.9720132 -0.0007164 -0.2327928
123.601500 15.5149403 -0.3524001 12.6421862 0.0354715 0.9725803 -0.0019545 -0.2298383
123.809100 15.4376640 -0.3532284 12.4863501 0.0358688 0.9729760 -0.0051147 -0.2280461
124.016700 15.3598604 -0.3538498 12.3268585 0.0363593 0.9731346 -0.0013419 -0.2273440
124.224400 15.2801476 -0.3531967 12.1668367 0.0411249 0.9729692 0.0002364 -0.2272433
124.328100 15.2398853 -0.3527484 12.0862131 0.0433871 0.9728395 -0.0013341 -0.2273742
124.535600 15.1595459 -0.3523864 11.9237537 0.0448460 0.9725764 -0.0031857 -0.2281968
124.743100 15.0788422 -0.3523168 11.7591190 0.0417881 0.9722245 -0.0012750 -0.2302858
124.950600 14.9969120 -0.3513047 11.5928345 0.0360732 0.9713644 0.0011766 -0.2348374
125.158200 14.9124146 -0.3507527 11.4257431 0.0308257 0.9699239 0.0021890 -0.2414386
125.365700 14.8238535 -0.3500142 11.2604094 0.0283800 0.9681197 0.0009737 -0.2488734
125.573100 14.7313824 -0.3497882 11.0950069 0.0315582 0.9658671 0.0034098 -0.2570859
125.780600 14.6345558 -0.3483353 10.9316549 0.0369135 0.9634562 0.0011776 -0.2653078
125.988000 14.5345211 -0.3470004 10.7687111 0.0381749 0.9614043 -0.0024278 -0.2724677
126.091700 14.4832745 -0.3467380 10.6867228 0.0395424 0.9603114 -0.0006255 -0.2761123
126.195500 14.4312124 -0.3458467 10.6048336 0.0400296 0.9592787 0.0015769 -0.2796060
126.403000 14.3257446 -0.3433542 10.4415312 0.0456615 0.9574400 0.0030645 -0.2849814
126.506600 14.2721748 -0.3421997 10.3606529 0.0462261 0.9570748 0.0010273 -0.2861291
126.610300 14.2183819 -0.3410845 10.2793884 0.0472637 0.9566540 -0.0013725 -0.2873627
126.817800 14.1127186 -0.3392093 10.1159611 0.0433680 0.9561889 0.0001554 -0.2895202
127.025200 14.0048466 -0.3375132 9.9512329 0.0407225 0.9558461 0.0017406 -0.2910274
127.232700 13.8963966 -0.3351101 9.7886038 0.0411317 0.9557425 0.0038325 -0.2912898
127.440100 13.7862940 -0.3327405 9.6239357 0.0400938 0.9558468 0.0036740 -0.2910941
127.543900 13.7313271 -0.3309681 9.5412512 0.0390079 0.9559010 0.0038543 -0.2910614
127.751200 13.6215687 -0.3284768 9.3747568 0.0381394 0.9554809 0.0050614 -0.2925336
127.958600 13.5084763 -0.3248290 9.2077713 0.0394976 0.9549474 0.0056913 -0.2940799
128.062200 13.4526510 -0.3238360 9.1242743 0.0392885 0.9546524 0.0051831 -0.2950735
128.269700 13.3393269 -0.3205759 8.9543705 0.0375476 0.9542850 0.0059017 -0.2964718
128.373300 13.2826672 -0.3185487 8.8695898 0.0362399 0.9541965 0.0071591 -0.2968912
128.580700 13.1674080 -0.3137675 8.7003031 0.0377397 0.9542965 0.0062503 -0.2964032
128.684500 13.1097002 -0.3126818 8.6147156 0.0382631 0.9543354 0.0054721 -0.2962262
128.788200 13.0508900 -0.3108288 8.5280037 0.0379131 0.9543983 0.0053191 -0.2960712
128.891800 12.9920063 -0.3086898 8.4409962 0.0369796 0.9544883 0.0054073 -0.2958975
128.995500 12.9331980 -0.3072787 8.3539534 0.0366130 0.9545324 0.0061881 -0.2957854
129.099100 12.8745022 -0.3057556 8.2664967 0.0363613 0.9545179 0.0064181 -0.2958585
129.202800 12.8173161 -0.3042034 8.1798468 0.0362626 0.9544913 0.0062379 -0.2959603
129.410300 12.6982460 -0.3015895 8.0050802 0.0365269 0.9545184 0.0055077 -0.2958546
129.514100 12.6392956 -0.2991890 7.9175892 0.0366306 0.9544860 0.0051366 -0.2959533
129.617800 12.5783100 -0.2984153 7.8295317 0.0379477 0.9545727 0.0056332 -0.2954984
129.825300 12.4577808 -0.2949249 7.6521053 0.0393535 0.9544518 0.0058847 -0.2956999
129.929100 12.3976870 -0.2929085 7.5632582 0.0402182 0.9542878 0.0054712 -0.2961205
130.032700 12.3364468 -0.2910991 7.4747868 0.0415188 0.9542207 0.0040384 -0.2961802
130.136500 12.2753658 -0.2896144 7.3860188 0.0423856 0.9541233 0.0026961 -0.2963863
130.240200 12.2140656 -0.2880234 7.2963762 0.0427100 0.9539216 0.0027961 -0.2969877
130.343800 12.1535187 -0.2865882 7.2070966 0.0413579 0.9536951 0.0035140 -0.2978973
130.447600 12.0919933 -0.2848867 7.1171827 0.0398082 0.9533247 0.0042862 -0.2992806
130.551300 12.0305023 -0.2831385 7.0273681 0.0384609 0.9529833 0.0057344 -0.3005176
130.655000 11.9680939 -0.2815564 6.9377117 0.0392446 0.9524833 0.0068499 -0.3019744
130.758700 11.9052477 -0.2794749 6.8477654 0.0387605 0.9521897 0.0065250 -0.3029684
130.862500 11.8420010 -0.2775818 6.7580776 0.0386377 0.9518408 0.0053135 -0.3041021
130.966100 11.7786884 -0.2758746 6.6684132 0.0380204 0.9516206 0.0049618 -0.3048736
131.070000 11.7155571 -0.2746033 6.5782690 0.0376015 0.9513751 0.0048081 -0.3056934
131.173700 11.6504145 -0.2724303 6.4879837 0.0381514 0.9512516 0.0051075 -0.3060045
131.381100 11.5220547 -0.2686404 6.3086042 0.0409706 0.9509163 0.0065989 -0.3066530
131.484800 11.4579687 -0.2656256 6.2186942 0.0421836 0.9507284 0.0056723 -0.3070893
131.692200 11.3300629 -0.2621592 6.0402317 0.0443305 0.9504359 0.0064741 -0.3076759
131.899600 11.2019777 -0.2568018 5.8621120 0.0456021 0.9504157 0.0059409 -0.3075632
132.107000 11.0735512 -0.2527688 5.6833763 0.0446343 0.9506787 0.0057261 -0.3068958
132.314400 10.9457502 -0.2489797 5.5041771 0.0435656 0.9511853 0.0063150 -0.3054646
132.521700 10.8188334 -0.2439945 5.3246279 0.0427906 0.9517311 0.0075818 -0.3038412
132.729100 10.6932478 -0.2393825 5.1448174 0.0401970 0.9524211 0.0057873 -0.3020674
132.936500 10.5686874 -0.2361541 4.9645538 0.0362086 0.9532747 0.0053032 -0.2998804
133.143700 10.4461651 -0.2332285 4.7841797 0.0351537 0.9540311 0.0080472 -0.2975301
133.351100 10.3239422 -0.2293400 4.6045732 0.0363507 0.9548370 0.0084154 -0.2947779
133.558600 10.2023211 -0.2260007 4.4242516 0.0392988 0.9557663 0.0086557 -0.2913614
133.766000 10.0827045 -0.2210473 4.2429943 0.0408874 0.9570991 0.0073403 -0.2867675
133.973300 9.9653435 -0.2178439 4.0595698 0.0404899 0.9590725 0.0057384 -0.2801921
134.180800 9.8515549 -0.2141734 3.8731859 0.0368976 0.9610546 0.0062111 -0.2738139
134.388200 9.7393379 -0.2116239 3.6856751 0.0352005 0.9630458 0.0076945 -0.2669165
134.595600 9.6282797 -0.2080847 3.4976170 0.0348961 0.9648745 0.0074712 -0.2602761
134.699300 9.5753784 -0.2063040 3.4039381 0.0344589 0.9656954 0.0061169 -0.2573082
134.906900 9.4703264 -0.2033354 3.2164938 0.0351734 0.9668690 0.0063626 -0.2527581
135.114300 9.3665991 -0.2002672 3.0287666 0.0375852 0.9675816 0.0070599 -0.2496465
135.322000 9.2630787 -0.1985239 2.8395960 0.0382683 0.9681757 0.0045482 -0.2472865
135.529500 9.1602097 -0.1965828 2.6479011 0.0364787 0.9689134 0.0051856 -0.2446413
135.633100 9.1102247 -0.1955762 2.5521917 0.0359731 0.9692086 0.0058658 -0.2435288
135.840600 9.0101089 -0.1933748 2.3610861 0.0355981 0.9698622 0.0063571 -0.2409559
136.047800 8.9092865 -0.1916514 2.1690004 0.0375507 0.9704876 0.0057086 -0.2381411
136.255200 8.8098736 -0.1895261 1.9762607 0.0391534 0.9710639 0.0047979 -0.2355397
136.462700 8.7124386 -0.1878610 1.7830398 0.0359511 0.9715789 0.0048450 -0.2339199
136.670200 8.6156673 -0.1860674 1.5888677 0.0330323 0.9719096 0.0083666 -0.2328746
136.877700 8.5184507 -0.1831110 1.3945749 0.0322043 0.9721673 0.0085194 -0.2319077
137.085100 8.4216938 -0.1800455 1.2006161 0.0330356 0.9723362 0.0080358 -0.2310982
137.292500 8.3256378 -0.1782043 1.0076609 0.0325704 0.9725699 0.0061138 -0.2302378
137.500000 8.2305632 -0.1767764 0.8130491 0.0313357 0.9727771 0.0064449 -0.2295238
137.707400 8.1350460 -0.1748818 0.6184981 0.0312119 0.9731689 0.0061693 -0.2278816
137.914700 8.0406990 -0.1729764 0.4238663 0.0320861 0.9734899 0.0063187 -0.2263802
138.122100 7.9463558 -0.1715303 0.2294333 0.0332585 0.9737494 0.0044473 -0.2251361
138.225900 7.8987160 -0.1710256 0.1313770 0.0343695 0.9737470 0.0038447 -0.2249908
138.433400 7.8022184 -0.1696828 -0.0654385 0.0342012 0.9734818 0.0036703 -0.2261638
138.641000 7.7076640 -0.1688002 -0.2596438 0.0320636 0.9725410 0.0054168 -0.2304489
138.848500 7.6096354 -0.1679027 -0.4532037 0.0305644 0.9711488 0.0085275 -0.2363538
138.952200 7.5603542 -0.1660551 -0.5494840 0.0300511 0.9702225 0.0096791 -0.2401490
139.159700 7.4580064 -0.1635280 -0.7410684 0.0282592 0.9680115 0.0098666 -0.2491141
139.263600 7.4057288 -0.1617944 -0.8358188 0.0267229 0.9668135 0.0090834 -0.2539194
139.367400 7.3527102 -0.1608419 -0.9297791 0.0256598 0.9654698 0.0094223 -0.2590767
139.471100 7.2986178 -0.1596109 -1.0232406 0.0246002 0.9641194 0.0099528 -0.2641393
139.574900 7.2432499 -0.1582560 -1.1161063 0.0249803 0.9627194 0.0097359 -0.2691701
139.782200 7.1300793 -0.1552115 -1.3001871 0.0262545 0.9596742 0.0097720 -0.2797154
139.989700 7.0122581 -0.1531866 -1.4815526 0.0275315 0.9564148 0.0096171 -0.2905518
140.093500 6.9515252 -0.1509094 -1.5712082 0.0283491 0.9545943 0.0090800 -0.2964182
140.300900 6.8258486 -0.1477218 -1.7483673 0.0321752 0.9507790 0.0095083 -0.3080480
140.404600 6.7624574 -0.1457795 -1.8356767 0.0339506 0.9487537 0.0097919 -0.3140350
140.612000 6.6308990 -0.1409318 -2.0076456 0.0356081 0.9452240 0.0079354 -0.3243774
140.715600 6.5642495 -0.1390619 -2.0926681 0.0358277 0.9436664 0.0068693 -0.3288813
140.923100 6.4290986 -0.1353129 -2.2614036 0.0381333 0.9411146 0.0047132 -0.3358973
141.130500 6.2930355 -0.1316388 -2.4262815 0.0416093 0.9388204 0.0046372 -0.3418530
141.338000 6.1537867 -0.1277751 -2.5908947 0.0418028 0.9365677 0.0034194 -0.3479680
141.649100 5.9418592 -0.1213647 -2.8356199 0.0405513 0.9338372 0.0051443 -0.3553551
141.856600 5.7971263 -0.1164922 -2.9975681 0.0399341 0.9325177 0.0060716 -0.3588580
141.960200 5.7244625 -0.1142922 -3.0782070 0.0385659 0.9318519 0.0055437 -0.3607408
142.167700 5.5792551 -0.1091324 -3.2382913 0.0382167 0.9300090 0.0086461 -0.3654422
142.271500 5.5049500 -0.1068054 -3.3173635 0.0389434 0.9286223 0.0081083 -0.3688879
142.479100 5.3547587 -0.1009251 -3.4742746 0.0386940 0.9254929 0.0064453 -0.3767281
142.582700 5.2786770 -0.0981592 -3.5524321 0.0391716 0.9239769 0.0054502 -0.3803979
142.686500 5.2017298 -0.0956223 -3.6301198 0.0392059 0.9230286 0.0056331 -0.3826870
142.790100 5.1242628 -0.0929010 -3.7066989 0.0398907 0.9223639 0.0057156 -0.3842145
142.893700 5.0478711 -0.0903316 -3.7836356 0.0392401 0.9217952 0.0069588 -0.3856235
142.997500 4.9700704 -0.0874255 -3.8605776 0.0393357 0.9214346 0.0076138 -0.3864621
143.101100 4.8927894 -0.0846625 -3.9372559 0.0391410 0.9214606 0.0079680 -0.3864129
143.308500 4.7391415 -0.0789570 -4.0910501 0.0387632 0.9220873 0.0091967 -0.3849259
143.515900 4.5854182 -0.0734580 -4.2447019 0.0363147 0.9229961 0.0080678 -0.3830070
143.723300 4.4347801 -0.0685311 -4.3968840 0.0354924 0.9234040 0.0039730 -0.3821643
143.930600 4.2801204 -0.0641632 -4.5514450 0.0394278 0.9236704 0.0044695 -0.3811278
144.138000 4.1272931 -0.0596766 -4.7068214 0.0403156 0.9236025 0.0050992 -0.3811916
144.345400 3.9724538 -0.0553424 -4.8630581 0.0386310 0.9234363 0.0039296 -0.3817821
144.449100 3.8938975 -0.0531699 -4.9416418 0.0379543 0.9233403 0.0045292 -0.3820754
144.656500 3.7408619 -0.0483361 -5.0964193 0.0372487 0.9228525 0.0063622 -0.3832953
144.864000 3.5854948 -0.0439688 -5.2518682 0.0368836 0.9221681 0.0069361 -0.3849643
145.071600 3.4272332 -0.0389951 -5.4078951 0.0362612 0.9210415 0.0061506 -0.3877240
145.279100 3.2707653 -0.0331838 -5.5614147 0.0364361 0.9200090 0.0074536 -0.3901286
145.486600 3.1107345 -0.0273861 -5.7160778 0.0357012 0.9191605 0.0087958 -0.3921632
145.694000 2.9517784 -0.0223275 -5.8693805 0.0366311 0.9183096 0.0089972 -0.3940618
145.901400 2.7906811 -0.0162669 -6.0225363 0.0369784 0.9178059 0.0072759 -0.3952368
146.108800 2.6288860 -0.0112410 -6.1761937 0.0373019 0.9175769 0.0090189 -0.3957017
146.316100 2.4676504 -0.0052154 -6.3303051 0.0345027 0.9174280 0.0106059 -0.3962612
146.419900 2.3869095 -0.0020725 -6.4071789 0.0346294 0.9172839 0.0114510 -0.3965601
146.523500 2.3047385 0.0012291 -6.4841547 0.0367870 0.9172301 0.0113900 -0.3964919
146.627200 2.2246542 0.0044752 -6.5608940 0.0370110 0.9173268 0.0081048 -0.3963281
146.834600 2.0622530 0.0092962 -6.7146749 0.0341739 0.9176864 0.0051778 -0.3957993
147.042000 1.8996959 0.0142646 -6.8700647 0.0348983 0.9178789 0.0084585 -0.3952327
147.249400 1.7380710 0.0195913 -7.0233769 0.0366377 0.9179233 0.0070525 -0.3949997
147.456900 1.5749424 0.0244994 -7.1782742 0.0388926 0.9178664 0.0062293 -0.3949302
147.664300 1.4137366 0.0288101 -7.3310499 0.0394905 0.9181275 0.0051579 -0.3942789
147.871800 1.2517662 0.0336355 -7.4863291 0.0384613 0.9184681 0.0068429 -0.3935610
148.079200 1.0933692 0.0391584 -7.6399369 0.0358996 0.9187709 0.0080424 -0.3930732
148.286700 0.9345922 0.0442999 -7.7940302 0.0363440 0.9189273 0.0087313 -0.3926520
148.494100 0.7759597 0.0497178 -7.9473877 0.0352710 0.9193376 0.0071214 -0.3918209
148.597900 0.6974247 0.0526036 -8.0242758 0.0345241 0.9194455 0.0063893 -0.3916467
148.805400 0.5400550 0.0562467 -8.1770601 0.0334872 0.9197805 0.0071371 -0.3909367
148.909000 0.4609554 0.0586197 -8.2544899 0.0332781 0.9198921 0.0079123 -0.3906769
149.012800 0.3825536 0.0605787 -8.3316402 0.0329097 0.9200346 0.0084935 -0.3903601
149.116400 0.3032207 0.0633706 -8.4086704 0.0342554 0.9200559 0.0083003 -0.3901985
149.220100 0.2236924 0.0671680 -8.4860506 0.0305351 0.9203631 0.0090601 -0.3897656
149.323900 0.1451778 0.0686540 -8.5623169 0.0301589 0.9203781 0.0082284 -0.3897780
149.531200 -0.0116720 0.0731552 -8.7177820 0.0261917 0.9205929 0.0107095 -0.3894972
149.738600 -0.1701474 0.0777594 -8.8721752 0.0270797 0.9208999 0.0106722 -0.3887109
149.946100 -0.3260307 0.0826255 -9.0267906 0.0263124 0.9208712 0.0108132 -0.3888277
150.153500 -0.4825649 0.0871025 -9.1803722 0.0253442 0.9210758 0.0107759 -0.3884081
150.257200 -0.5606928 0.0893548 -9.2566814 0.0257493 0.9211907 0.0097092 -0.3881371
150.464700 -0.7152243 0.0934680 -9.4089603 0.0272656 0.9213745 0.0089422 -0.3876154
150.568400 -0.7924781 0.0956739 -9.4858990 0.0267496 0.9215547 0.0099688 -0.3871976
150.672100 -0.8708205 0.0980031 -9.5628881 0.0271757 0.9217087 0.0095885 -0.3868108
150.879500 -1.0251613 0.1019786 -9.7176285 0.0243025 0.9220363 0.0091953 -0.3862304
151.086900 -1.1799388 0.1054900 -9.8731174 0.0208996 0.9221190 0.0094245 -0.3862266
151.294200 -1.3350506 0.1089278 -10.0284691 0.0194921 0.9222735 0.0097943 -0.3859220
151.501800 -1.4891586 0.1118991 -10.1824722 0.0187446 0.9225256 0.0077037 -0.3854035
151.709100 -1.6431303 0.1133672 -10.3364201 0.0186387 0.9226101 0.0066268 -0.3852264
151.916600 -1.7970829 0.1147747 -10.4909706 0.0160469 0.9227103 0.0046617 -0.3851318
152.124100 -1.9490232 0.1145081 -10.6442127 0.0105072 0.9226463 0.0037929 -0.3854854
152.331500 -2.0990562 0.1131344 -10.7949781 0.0080591 0.9226648 0.0062941 -0.3854674
152.538900 -2.2484779 0.1127678 -10.9457855 0.0084822 0.9232364 0.0076995 -0.3840615
152.746200 -2.3942599 0.1117560 -11.0942898 0.0087320 0.9241534 0.0009865 -0.3819205
152.953500 -2.5394392 0.1097655 -11.2404881 0.0160439 0.9252638 -0.0006383 -0.3789844
153.160900 -2.6822276 0.1087790 -11.3876495 0.0177847 0.9268155 0.0010525 -0.3750942
153.368200 -2.8184457 0.1067867 -11.5333309 0.0148792 0.9279401 0.0023764 -0.3724246
153.679400 -3.0175242 0.1028062 -11.7478428 0.0167171 0.9295400 -0.0043000 -0.3683169
153.886700 -3.1436439 0.0989488 -11.8864613 0.0113226 0.9303705 -0.0024053 -0.3664379
154.198000 -3.3237448 0.0933342 -12.0882111 0.0013945 0.9311327 0.0038553 -0.3646575
154.405500 -3.4363875 0.0894611 -12.2150106 -0.0063059 0.9315105 0.0040267 -0.3636374
154.716900 -3.5918279 0.0852298 -12.3912201 -0.0209251 0.9294323 0.0115960 -0.3682165
155.028600 -3.7369628 0.0806232 -12.5469322 -0.0345271 0.9229600 0.0153542 -0.3830365
155.236600 -3.8286176 0.0775879 -12.6381302 -0.0424240 0.9160123 0.0167163 -0.3985502
155.548900 -3.9587474 0.0725695 -12.7532368 -0.0528880 0.8988392 0.0200772 -0.4346122
155.861400 -4.0861416 0.0658168 -12.8430729 -0.0527233 0.8732327 0.0196886 -0.4840427
156.173700 -4.2110281 0.0578793 -12.9054613 0.0493646 -0.8412505 -0.0163507 0.5381388
156.486100 -4.3363142 0.0497662 -12.9484844 0.0390665 -0.8008509 -0.0185923 0.5972989
156.694500 -4.4197969 0.0476670 -12.9646187 0.0326610 -0.7650440 -0.0235423 0.6427183
156.902800 -4.5021000 0.0446547 -12.9685745 0.0248571 -0.7252228 -0.0246977 0.6876220
157.110900 -4.5822644 0.0414129 -12.9620943 0.0226132 -0.6835307 -0.0262347 0.7290995
157.318900 -4.6602869 0.0401394 -12.9478865 0.0227965 -0.6401191 -0.0263847 0.7674840
157.526600 -4.7354321 0.0377359 -12.9234514 0.0228285 -0.5951495 -0.0251507 0.8028969
157.734500 -4.8083296 0.0346866 -12.8920336 0.0261888 -0.5480757 -0.0252327 0.8356377
157.942100 -4.8766098 0.0316579 -12.8508282 0.0269371 -0.5001547 -0.0248981 0.8651588
158.149700 -4.9429255 0.0288301 -12.8008671 0.0242545 -0.4500724 -0.0255630 0.8922966
158.357400 -5.0048380 0.0251965 -12.7418060 0.0213296 -0.4003223 -0.0269158 0.9157306
158.564900 -5.0623188 0.0224712 -12.6746674 0.0226836 -0.3507121 -0.0272480 0.9358119
158.772400 -5.1144891 0.0182533 -12.5987453 0.0233779 -0.3023731 -0.0252085 0.9525694
158.979700 -5.1602330 0.0147959 -12.5141563 0.0233836 -0.2554906 -0.0217911 0.9662830
159.187100 -5.2000170 0.0096478 -12.4221172 0.0219113 -0.2102869 -0.0179644 0.9772291
159.394500 -5.2345848 0.0043906 -12.3241816 0.0216089 -0.1696646 -0.0161194 0.9851331
159.601700 -5.2626114 -0.0007536 -12.2204819 0.0232917 -0.1364463 -0.0129335 0.9902892
159.808900 -5.2858253 -0.0075327 -12.1117363 0.0257749 -0.1094646 -0.0096247 0.9936098
160.016100 -5.3071795 -0.0141711 -11.9968491 0.0269130 -0.0888487 -0.0074977 0.9956533
160.223400 -5.3244376 -0.0217677 -11.8779192 0.0253637 -0.0750912 -0.0044642 0.9968441
160.430500 -5.3403101 -0.0288925 -11.7554121 0.0231340 -0.0678054 -0.0009849 0.9974298
160.637900 -5.3574853 -0.0356869 -11.6288061 0.0202768 -0.0640166 0.0010043 0.9977423
160.845200 -5.3741822 -0.0419260 -11.4985619 0.0207367 -0.0629068 0.0005352 0.9978038
161.052600 -5.3904610 -0.0488539 -11.3645897 0.0194176 -0.0615824 0.0028731 0.9979089
161.260100 -5.4085255 -0.0553421 -11.2273531 0.0182805 -0.0601607 0.0023571 0.9980185
161.467500 -5.4246936 -0.0613547 -11.0870466 0.0174953 -0.0590966 0.0044084 0.9980892
161.675000 -5.4410534 -0.0674739 -10.9432087 0.0148591 -0.0574306 0.0066495 0.9982167
161.882500 -5.4563408 -0.0733785 -10.7992468 0.0130296 -0.0562752 0.0090487 0.9982893
162.089900 -5.4718804 -0.0795168 -10.6571903 0.0124029 -0.0550433 0.0122713 0.9983315
162.297200 -5.4859948 -0.0848932 -10.5172377 0.0082549 -0.0540520 0.0144706 0.9983991
162.504600 -5.5008922 -0.0899104 -10.3806410 0.0061601 -0.0542115 0.0153934 0.9983918
162.712100 -5.5165153 -0.0946572 -10.2466621 0.0078404 -0.0559232 0.0162999 0.9982712
163.023300 -5.5411100 -0.1016905 -10.0515242 0.0089992 -0.0593679 0.0117491 0.9981264
163.334500 -5.5655146 -0.1087407 -9.8615913 0.0028644 -0.0641542 0.0109309 0.9978760
163.542000 -5.5832200 -0.1113746 -9.7389164 0.0039684 -0.0686885 0.0071334 0.9976047
163.853300 -5.6108713 -0.1161698 -9.5611258 -0.0023579 -0.0784452 0.0079461 0.9968840
164.060600 -5.6329975 -0.1178322 -9.4452400 0.0031850 -0.0878002 0.0089476 0.9960929
164.268100 -5.6558666 -0.1197178 -9.3285084 0.0045474 -0.0991531 0.0104589 0.9950068
164.475600 -5.6823306 -0.1229687 -9.2120981 0.0011671 -0.1102988 0.0110286 0.9938366
164.683000 -5.7126250 -0.1258789 -9.0934563 0.0015377 -0.1215309 0.0105962 0.9925299
164.890500 -5.7449427 -0.1279750 -8.9766083 0.0065696 -0.1323855 0.0110104 0.9911154
