11.200410 0.0000000 0.0000000 0.0000000 0.0000000 0.0000000 0.0000000 1.0000000
11.407910 -0.0000632 -0.0010071 0.0548220 -0.0000065 0.0055454 -0.0006328 0.9999844
11.511590 0.0001331 -0.0014881 0.0824577 0.0003755 0.0082510 -0.0007287 0.9999656
11.615240 0.0005807 -0.0019785 0.1099268 0.0006812 0.0109515 -0.0008826 0.9999394
11.719000 0.0011087 -0.0025101 0.1373464 0.0003882 0.0135193 -0.0009841 0.9999080
11.822840 0.0017149 -0.0031335 0.1645031 0.0000564 0.0162333 -0.0007114 0.9998680
11.926520 0.0026876 -0.0036703 0.1918399 0.0001424 0.0187870 -0.0009478 0.9998230
12.030270 0.0035350 -0.0041827 0.2190400 0.0006101 0.0214859 -0.0008262 0.9997686
12.134000 0.0047436 -0.0047648 0.2461267 0.0010053 0.0240863 -0.0007236 0.9997091
12.237750 0.0058939 -0.0053555 0.2735024 0.0015960 0.0267955 -0.0007618 0.9996394
12.341490 0.0073200 -0.0058244 0.3006259 0.0018118 0.0293403 -0.0004726 0.9995677
12.549130 0.0104220 -0.0071187 0.3545085 0.0023661 0.0346244 0.0004291 0.9993975
12.756670 0.0141219 -0.0082368 0.4081185 0.0021602 0.0395377 0.0014468 0.9992147
12.964740 0.0185262 -0.0094951 0.4618335 0.0018883 0.0444853 0.0007969 0.9990079
13.171540 0.0232282 -0.0108320 0.5153904 0.0023793 0.0494950 -0.0001144 0.9987715
13.378990 0.0287208 -0.0119784 0.5689345 0.0026348 0.0542731 -0.0003921 0.9985226
13.587410 0.0343256 -0.0132741 0.6221055 0.0020582 0.0595357 0.0006771 0.9982238
13.794620 0.0408268 -0.0145054 0.6751728 0.0040039 0.0644084 0.0039363 0.9979078
14.001180 0.0477239 -0.0160322 0.7276446 0.0063961 0.0698099 0.0025040 0.9975367
14.208470 0.0551335 -0.0177718 0.7800562 0.0076211 0.0754519 0.0011750 0.9971196
14.415900 0.0630526 -0.0194596 0.8331851 0.0079828 0.0810779 -0.0010033 0.9966753
14.623410 0.0719507 -0.0211446 0.8869079 0.0076897 0.0863268 0.0007095 0.9962369
14.830770 0.0813265 -0.0228586 0.9398141 0.0073474 0.0917869 0.0004104 0.9957515
15.141960 0.0965871 -0.0253304 1.0196459 0.0091401 0.0994885 0.0032170 0.9949915
15.349270 0.1071816 -0.0272947 1.0721486 0.0083435 0.1049141 0.0028328 0.9944423
15.556650 0.1183361 -0.0288565 1.1252154 0.0078661 0.1101978 0.0025943 0.9938751
15.763990 0.1300111 -0.0305825 1.1772325 0.0080442 0.1151996 0.0023884 0.9933069
15.971490 0.1422886 -0.0324379 1.2298604 0.0089003 0.1199533 0.0022952 0.9927370
16.178640 0.1549554 -0.0341319 1.2814896 0.0092541 0.1249259 0.0023206 0.9921202
16.385990 0.1680923 -0.0359884 1.3327031 0.0079138 0.1297956 0.0031178 0.9915043
16.593270 0.1815543 -0.0376439 1.3838602 0.0075002 0.1354056 0.0020434 0.9907598
16.800800 0.1958870 -0.0396484 1.4352790 0.0099602 0.1416405 0.0010993 0.9898674
17.111910 0.2183282 -0.0428909 1.5107703 0.0131765 0.1514527 0.0009871 0.9883762
17.423000 0.2420674 -0.0465983 1.5867505 0.0119923 0.1610264 0.0009371 0.9868768
17.734050 0.2671267 -0.0488062 1.6577979 0.0114895 0.1695566 0.0036878 0.9854466
18.045020 0.2936708 -0.0520781 1.7321154 0.0111039 0.1769227 0.0053959 0.9841473
18.356020 0.3210728 -0.0552511 1.8052125 0.0121486 0.1803855 0.0072856 0.9834940
18.563450 0.3394518 -0.0573513 1.8537071 0.0120946 0.1858203 0.0055504 0.9824936
18.770650 0.3588810 -0.0594569 1.9032582 0.0109242 0.1913794 0.0044236 0.9814454
18.978010 0.3781867 -0.0614629 1.9501786 0.0112407 0.1970169 0.0032134 0.9803304
19.081750 0.3878394 -0.0623393 1.9738832 0.0122756 0.1997424 0.0032987 0.9797660
19.289850 0.4081260 -0.0646577 2.0201867 0.0131205 0.2049106 0.0046455 0.9786817
19.395900 0.4181204 -0.0657218 2.0437298 0.0133136 0.2079768 0.0038391 0.9780356
19.600280 0.4392277 -0.0678343 2.0909290 0.0135254 0.2135353 0.0043012 0.9768323
19.704040 0.4500398 -0.0689554 2.1144426 0.0140189 0.2161854 0.0048143 0.9762398
19.807670 0.4608017 -0.0700483 2.1377323 0.0149939 0.2190441 0.0053787 0.9755849
20.015090 0.4825200 -0.0725135 2.1835296 0.0155694 0.2247663 0.0058221 0.9742709
20.118770 0.4938088 -0.0737579 2.2065818 0.0150652 0.2275705 0.0064339 0.9736238
20.222440 0.5050569 -0.0748545 2.2295229 0.0144440 0.2304808 0.0069060 0.9729452
20.429620 0.5281094 -0.0768886 2.2754345 0.0148809 0.2361029 0.0071976 0.9715875
20.637080 0.5515347 -0.0791754 2.3207488 0.0150168 0.2414771 0.0057306 0.9702734
20.844400 0.5755911 -0.0813807 2.3661942 0.0151609 0.2457485 0.0051821 0.9692012
20.948020 0.5877887 -0.0825222 2.3882401 0.0152836 0.2474471 0.0049716 0.9687681
21.051630 0.6002085 -0.0835193 2.4101839 0.0145805 0.2489233 0.0052659 0.9683991
21.155420 0.6125830 -0.0846914 2.4324796 0.0138711 0.2506952 0.0063816 0.9679456
21.259010 0.6244386 -0.0857314 2.4545140 0.0142809 0.2529467 0.0067408 0.9673513
21.362650 0.6368258 -0.0868575 2.4766779 0.0152865 0.2548420 0.0067989 0.9668379
21.466400 0.6494456 -0.0879052 2.4987690 0.0160109 0.2565108 0.0068509 0.9663845
21.673630 0.6751448 -0.0903690 2.5424948 0.0156557 0.2598916 0.0063602 0.9654899
21.777360 0.6878656 -0.0916025 2.5647159 0.0162951 0.2623163 0.0064590 0.9648227
21.984800 0.7143430 -0.0936534 2.6114330 0.0189411 0.2667637 0.0075515 0.9635462
22.192260 0.7410120 -0.0967258 2.6543741 0.0180880 0.2705921 0.0075447 0.9624946
22.399670 0.7678602 -0.0991893 2.6989172 0.0174015 0.2752514 0.0070050 0.9611893
22.607010 0.7950916 -0.1017530 2.7422073 0.0185208 0.2793805 0.0050554 0.9599885
22.814400 0.8227060 -0.1043806 2.7859979 0.0181121 0.2840935 0.0034432 0.9586193
23.021920 0.8508122 -0.1068101 2.8291214 0.0170479 0.2889724 0.0058011 0.9571680
23.125490 0.8647661 -0.1077438 2.8498313 0.0171533 0.2914148 0.0079607 0.9564099
23.229270 0.8791539 -0.1088462 2.8714051 0.0176871 0.2940632 0.0091159 0.9555788
23.334280 0.8934718 -0.1100732 2.8925607 0.0187813 0.2968262 0.0099314 0.9546952
23.437800 0.9079526 -0.1112066 2.9137444 0.0201893 0.2998003 0.0097750 0.9537382
23.540530 0.9222052 -0.1125896 2.9336305 0.0211126 0.3025663 0.0095158 0.9528469
23.748050 0.9522036 -0.1151510 2.9759636 0.0217607 0.3084177 0.0076653 0.9509712
23.955450 0.9822019 -0.1183013 3.0167394 0.0182463 0.3144146 0.0060207 0.9490913
24.162740 1.0138090 -0.1205860 3.0592299 0.0162886 0.3203747 0.0064797 0.9471287
24.266500 1.0303723 -0.1222400 3.0806344 0.0162557 0.3231623 0.0060744 0.9461845
24.474000 1.0624619 -0.1243913 3.1221378 0.0195883 0.3285050 0.0061948 0.9442788
24.681300 1.0951312 -0.1270302 3.1630821 0.0216497 0.3319043 0.0068300 0.9430398
24.888700 1.1280519 -0.1297121 3.2041368 0.0212214 0.3353255 0.0068247 0.9418386
25.095910 1.1610672 -0.1324119 3.2447391 0.0198547 0.3397650 0.0064127 0.9402789
25.303290 1.1947286 -0.1351413 3.2850876 0.0214147 0.3449032 0.0066833 0.9383702
25.510620 1.2293859 -0.1380451 3.3260553 0.0241060 0.3498765 0.0076837 0.9364541
25.718000 1.2646194 -0.1410983 3.3660553 0.0245268 0.3546785 0.0066315 0.9346430
25.925390 1.2997087 -0.1441098 3.4056001 0.0216635 0.3601974 0.0056897 0.9326072
26.132760 1.3356119 -0.1466096 3.4446597 0.0201507 0.3647540 0.0070768 0.9308590
26.340700 1.3717330 -0.1493231 3.4838307 0.0231346 0.3696461 0.0082981 0.9288475
26.547640 1.4084117 -0.1520523 3.5222273 0.0258035 0.3741810 0.0089201 0.9269537
26.755050 1.4454728 -0.1551547 3.5605533 0.0243710 0.3790464 0.0083027 0.9250194
26.962380 1.4830290 -0.1579265 3.5987465 0.0219327 0.3840570 0.0076417 0.9230172
27.169720 1.5209942 -0.1607870 3.6362545 0.0199218 0.3886535 0.0086681 0.9211278
27.377040 1.5595157 -0.1632800 3.6735880 0.0237015 0.3928674 0.0091705 0.9192439
27.584380 1.5982940 -0.1660844 3.7107129 0.0264285 0.3970179 0.0093179 0.9173830
27.791760 1.6371065 -0.1689195 3.7470765 0.0260357 0.4014114 0.0093839 0.9154796
27.999120 1.6770328 -0.1717362 3.7841337 0.0244438 0.4058878 0.0099440 0.9135419
28.206380 1.7163373 -0.1741503 3.8197680 0.0257936 0.4095030 0.0115503 0.9118709
28.413920 1.7561214 -0.1770975 3.8543682 0.0269171 0.4123832 0.0120565 0.9105329
28.621110 1.7962011 -0.1802945 3.8896730 0.0269804 0.4175808 0.0095704 0.9081887
28.828390 1.8371865 -0.1833303 3.9246893 0.0272395 0.4229304 0.0096027 0.9057018
29.035630 1.8782877 -0.1862556 3.9591551 0.0271955 0.4283489 0.0100317 0.9031484
29.244000 1.9198588 -0.1892912 3.9932890 0.0276684 0.4332072 0.0101168 0.9008127
29.450410 1.9616846 -0.1923266 4.0266147 0.0279378 0.4378497 0.0105376 0.8985522
29.657770 2.0039406 -0.1954768 4.0597262 0.0278539 0.4418766 0.0106986 0.8965795
29.865170 2.0465665 -0.1985272 4.0920219 0.0258680 0.4453717 0.0102562 0.8949133
30.072510 2.0890915 -0.2016260 4.1244068 0.0244729 0.4490821 0.0089427 0.8931105
30.279890 2.1317787 -0.2045227 4.1562591 0.0271424 0.4519006 0.0086593 0.8916132
30.487140 2.1746256 -0.2073009 4.1879373 0.0279134 0.4548650 0.0090283 0.8900771
30.694520 2.2174869 -0.2103215 4.2181358 0.0258344 0.4569733 0.0076494 0.8890722
30.901890 2.2606525 -0.2132846 4.2490306 0.0251771 0.4591514 0.0072866 0.8879713
31.110380 2.3044770 -0.2165157 4.2803240 0.0281752 0.4604771 0.0061586 0.8872030
31.316670 2.3481343 -0.2195860 4.3112001 0.0302240 0.4613080 0.0068725 0.8866985
31.524030 2.3920679 -0.2231180 4.3420472 0.0288285 0.4622430 0.0074078 0.8862536
31.731370 2.4360476 -0.2261467 4.3727913 0.0278894 0.4634709 0.0070654 0.8856449
31.938890 2.4799185 -0.2292336 4.4033952 0.0268017 0.4652426 0.0066247 0.8847526
32.147180 2.5242977 -0.2323561 4.4342575 0.0261936 0.4670644 0.0062391 0.8838132
32.353540 2.5689707 -0.2356257 4.4647455 0.0261964 0.4683799 0.0059940 0.8831184
32.560960 2.6132903 -0.2387776 4.4947891 0.0249652 0.4698259 0.0054239 0.8823894
32.664520 2.6356730 -0.2402377 4.5100765 0.0254118 0.4702764 0.0046716 0.8821409
32.768200 2.6575725 -0.2417947 4.5249591 0.0256138 0.4708201 0.0043253 0.8818467
32.975540 2.7012515 -0.2449626 4.5541592 0.0256704 0.4714705 0.0051890 0.8814929
33.182750 2.7450125 -0.2481314 4.5837927 0.0248607 0.4720819 0.0047589 0.8811913
33.286510 2.7665253 -0.2496497 4.5982933 0.0247354 0.4726086 0.0044734 0.8809139
33.493750 2.8101926 -0.2527841 4.6276579 0.0247125 0.4732926 0.0039829 0.8805496
33.701160 2.8537028 -0.2558756 4.6566467 0.0232483 0.4738997 0.0035261 0.8802648
33.908540 2.8968568 -0.2586584 4.6854925 0.0235994 0.4747714 0.0017559 0.8797909
34.116110 2.9400854 -0.2619172 4.7141190 0.0250312 0.4753119 0.0011567 0.8794605
34.323360 2.9828234 -0.2651888 4.7425752 0.0246036 0.4754322 0.0017211 0.8794066
34.427090 3.0044641 -0.2666925 4.7567959 0.0246243 0.4750580 0.0018851 0.8796079
34.530670 3.0257702 -0.2683128 4.7709489 0.0249396 0.4749038 0.0019207 0.8796822
34.738030 3.0684576 -0.2713625 4.7992301 0.0251380 0.4744788 0.0016771 0.8799064
34.841660 3.0897317 -0.2728784 4.8135653 0.0251828 0.4743788 0.0016837 0.8799589
34.945380 3.1108966 -0.2746011 4.8274660 0.0255862 0.4739793 0.0023662 0.8801610
35.152770 3.1534009 -0.2777310 4.8557425 0.0275177 0.4735418 0.0031524 0.8803357
35.360010 3.1956778 -0.2809936 4.8840203 0.0269328 0.4714495 0.0056551 0.8814635
35.567350 3.2374210 -0.2839195 4.9123564 0.0265665 0.4697145 0.0042349 0.8824084
35.774720 3.2795868 -0.2872890 4.9408069 0.0258878 0.4694379 0.0016898 0.8825843
35.982010 3.3219581 -0.2904884 4.9696579 0.0264731 0.4696557 0.0008638 0.8824522
36.189400 3.3641078 -0.2937076 4.9982367 0.0276087 0.4697845 -0.0002884 0.8823493
36.396760 3.4063296 -0.2971539 5.0269909 0.0278494 0.4706131 -0.0016769 0.8818985
36.604120 3.4486561 -0.3005553 5.0558085 0.0275055 0.4715900 -0.0028671 0.8813842
36.811410 3.4906702 -0.3040981 5.0841818 0.0271556 0.4723468 -0.0037259 0.8809865
37.018820 3.5329199 -0.3076806 5.1124835 0.0268771 0.4727327 -0.0037681 0.8807878
37.226030 3.5751510 -0.3112657 5.1417522 0.0269360 0.4737951 -0.0044256 0.8802119
37.433410 3.6167591 -0.3147054 5.1674428 0.0272922 0.4726069 -0.0045411 0.8808389
37.640670 3.6591606 -0.3182975 5.1963243 0.0277481 0.4725481 -0.0035423 0.8808608
37.847910 3.7015762 -0.3217712 5.2248774 0.0281939 0.4716656 -0.0021256 0.8813241
38.055300 3.7439752 -0.3253190 5.2533464 0.0300322 0.4710008 -0.0035367 0.8816143
38.262640 3.7864063 -0.3290316 5.2820458 0.0302183 0.4703940 -0.0044508 0.8819278
38.470020 3.8278527 -0.3327335 5.3106246 0.0287326 0.4702853 -0.0032138 0.8820407
38.677420 3.8699286 -0.3360931 5.3386068 0.0271678 0.4691885 -0.0034927 0.8826731
38.884800 3.9118028 -0.3395770 5.3669915 0.0298575 0.4683651 -0.0034212 0.8830237
39.092370 3.9531608 -0.3433478 5.3953505 0.0319466 0.4678066 -0.0035270 0.8832462
39.299560 3.9949784 -0.3470716 5.4238520 0.0308898 0.4674527 -0.0019874 0.8834760
39.506950 4.0364780 -0.3507601 5.4522791 0.0302650 0.4679147 -0.0022611 0.8832524
39.714260 4.0777922 -0.3544033 5.4805379 0.0315648 0.4698895 -0.0036206 0.8821533
39.921700 4.1194801 -0.3583104 5.5088716 0.0321138 0.4718458 -0.0036306 0.8810886
40.129050 4.1613927 -0.3621154 5.5367956 0.0323737 0.4730386 -0.0035699 0.8804395
40.232830 4.1822739 -0.3641154 5.5509763 0.0327238 0.4737557 -0.0040375 0.8800389
40.440190 4.2246604 -0.3682532 5.5793304 0.0335640 0.4749556 -0.0041711 0.8793595
40.647510 4.2670493 -0.3722083 5.6077414 0.0325350 0.4758084 -0.0048310 0.8789337
40.854890 4.3083525 -0.3760972 5.6347938 0.0308831 0.4759454 -0.0055382 0.8789150
40.958640 4.3290405 -0.3780931 5.6482182 0.0304063 0.4757488 -0.0060020 0.8790350
41.166080 4.3702121 -0.3818434 5.6756144 0.0319304 0.4759406 -0.0068198 0.8788711
41.373420 4.4115200 -0.3858765 5.7025237 0.0326293 0.4753793 -0.0061711 0.8791540
41.580760 4.4528265 -0.3900062 5.7299614 0.0311166 0.4756211 -0.0063767 0.8790766
41.788040 4.4940462 -0.3938330 5.7570734 0.0316851 0.4754740 -0.0060998 0.8791378
41.995260 4.5351911 -0.3977312 5.7842689 0.0323091 0.4754288 -0.0058782 0.8791411
42.202750 4.5764222 -0.4016097 5.8112745 0.0317287 0.4752085 -0.0070855 0.8792724
42.410050 4.6179962 -0.4054422 5.8387737 0.0302438 0.4752665 -0.0082779 0.8792830
42.617450 4.6599526 -0.4094561 5.8664484 0.0314442 0.4750240 -0.0087731 0.8793671
42.824880 4.7020111 -0.4133381 5.8940878 0.0310820 0.4742730 -0.0070239 0.8798009
43.032260 4.7438030 -0.4171939 5.9220772 0.0301520 0.4744215 -0.0066567 0.8797561
43.239670 4.7860880 -0.4211063 5.9502134 0.0302335 0.4741351 -0.0069430 0.8799055
43.447050 4.8282814 -0.4249484 5.9784899 0.0295640 0.4741105 -0.0067473 0.8799430
43.654390 4.8707476 -0.4287226 6.0067792 0.0297925 0.4737707 -0.0055163 0.8801269
43.965610 4.9335217 -0.4344413 6.0485382 0.0288235 0.4744126 -0.0077728 0.8797963
44.276520 4.9967647 -0.4400133 6.0904117 0.0294420 0.4749094 -0.0065571 0.8795176
44.587680 5.0603752 -0.4453993 6.1326423 0.0285607 0.4758379 -0.0048437 0.8790558
44.795220 5.1022625 -0.4488536 6.1602831 0.0282449 0.4766086 -0.0064842 0.8786378
45.106160 5.1662331 -0.4539614 6.2031012 0.0273761 0.4769855 -0.0039102 0.8784760
45.417270 5.2293630 -0.4586442 6.2443404 0.0242123 0.4763932 -0.0033108 0.8788927
45.728490 5.2942166 -0.4633162 6.2870855 0.0263693 0.4762321 -0.0031602 0.8789185
45.935800 5.3363752 -0.4666838 6.3153563 0.0281457 0.4768795 -0.0060736 0.8784969
46.246810 5.4001741 -0.4716559 6.3576794 0.0279276 0.4769785 -0.0017715 0.8784693
46.454160 5.4425139 -0.4748578 6.3852034 0.0279719 0.4762275 0.0032700 0.8788710
46.661570 5.4848471 -0.4780305 6.4127817 0.0306813 0.4757553 0.0051125 0.8790275
46.868770 5.5274820 -0.4813642 6.4412479 0.0316239 0.4756587 0.0057229 0.8790426
47.180050 5.5913725 -0.4860709 6.4848914 0.0287868 0.4763552 0.0064094 0.8787582
47.387230 5.6307917 -0.4882896 6.5061817 0.0290165 0.4740504 0.0052153 0.8800040
47.594460 5.6732817 -0.4913984 6.5351005 0.0300283 0.4745856 0.0033936 0.8796905
47.801800 5.7154083 -0.4939915 6.5624313 0.0323584 0.4742005 0.0034853 0.8798151
48.112910 5.7790241 -0.4983430 6.6038289 0.0342450 0.4749969 0.0043181 0.8793103
48.320270 5.8210797 -0.5013838 6.6298532 0.0330099 0.4751406 0.0038721 0.8792819
48.527860 5.8619862 -0.5040776 6.6519728 0.0311950 0.4737266 0.0013225 0.8801183
48.734900 5.9037647 -0.5083635 6.6765957 0.0291471 0.4732881 0.0011497 0.8804246
49.046010 5.9642296 -0.5113097 6.7166824 0.0296123 0.4733085 0.0026545 0.8803949
49.256850 6.0044618 -0.5139452 6.7436156 0.0284297 0.4739189 0.0006307 0.8801092
49.460670 6.0444531 -0.5170843 6.7696419 0.0284945 0.4737866 -0.0001471 0.8801786
49.668030 6.0846772 -0.5205160 6.7956882 0.0281645 0.4732479 0.0004901 0.8804788
49.875460 6.1250381 -0.5235415 6.8224249 0.0281258 0.4734811 0.0004339 0.8803547
50.082810 6.1655502 -0.5268256 6.8489981 0.0280725 0.4734427 0.0000566 0.8803772
50.290170 6.2053514 -0.5299838 6.8757639 0.0264439 0.4738941 0.0009290 0.8801842
50.497510 6.2454934 -0.5332122 6.9021564 0.0262157 0.4738080 0.0012766 0.8802369
50.705020 6.2852421 -0.5360781 6.9283829 0.0265314 0.4737678 0.0008820 0.8802496
50.912410 6.3256488 -0.5391321 6.9549890 0.0271652 0.4729850 0.0009172 0.8806511
51.119850 6.3659997 -0.5422850 6.9815984 0.0271295 0.4719196 0.0018400 0.8812222
51.327060 6.4065204 -0.5453081 7.0087318 0.0271153 0.4709819 0.0016094 0.8817246
51.534280 6.4470482 -0.5482707 7.0359874 0.0270479 0.4699794 0.0015303 0.8822615
51.741650 6.4874344 -0.5513778 7.0636992 0.0275637 0.4691446 0.0012296 0.8826903
51.948890 6.5280151 -0.5544288 7.0911641 0.0269303 0.4683689 0.0010059 0.8831220
52.156390 6.5686893 -0.5574195 7.1187906 0.0273422 0.4680511 0.0017159 0.8832766
52.364160 6.6091890 -0.5605238 7.1462269 0.0280993 0.4678569 0.0019974 0.8833552
52.571230 6.6502094 -0.5637474 7.1745715 0.0287965 0.4683903 0.0027673 0.8830479
52.778540 6.6914396 -0.5671037 7.2023301 0.0288020 0.4684613 0.0029745 0.8830094
52.985930 6.7330084 -0.5702052 7.2303891 0.0286800 0.4686721 0.0042711 0.8828962
53.193580 6.7747235 -0.5732152 7.2586794 0.0283020 0.4691182 0.0037531 0.8826738
53.400540 6.8161020 -0.5764245 7.2866020 0.0292019 0.4698629 0.0030849 0.8822508
53.608900 6.8579922 -0.5795664 7.3148637 0.0314958 0.4709066 0.0046835 0.8816082
53.815430 6.8998632 -0.5828897 7.3430147 0.0314298 0.4722766 0.0052168 0.8808745
54.022790 6.9419322 -0.5860383 7.3705778 0.0316679 0.4743327 0.0069944 0.8797481
54.230180 6.9840994 -0.5893701 7.3983998 0.0321313 0.4770491 0.0075322 0.8782568
54.437570 7.0264301 -0.5929104 7.4257002 0.0309406 0.4800237 0.0060722 0.8766887
54.645030 7.0688629 -0.5961902 7.4530149 0.0309767 0.4839675 0.0048811 0.8745239
54.852520 7.1117783 -0.5996456 7.4801893 0.0319036 0.4889707 0.0057223 0.8716978
55.060240 7.1551085 -0.6031599 7.5070934 0.0337067 0.4941604 0.0074191 0.8686854
55.371070 7.2208118 -0.6084110 7.5460320 0.0344637 0.5013918 0.0099285 0.8644767
55.578680 7.2639871 -0.6117033 7.5703115 0.0357226 0.5047235 0.0118375 0.8624604
55.889530 7.3310657 -0.6165398 7.6086164 0.0354339 0.5101100 0.0147878 0.8592517
56.096890 7.3752451 -0.6196668 7.6332941 0.0357142 0.5146714 0.0130740 0.8565436
56.304280 7.4196920 -0.6228185 7.6571598 0.0353394 0.5192783 0.0126613 0.8537803
56.511680 7.4627538 -0.6257615 7.6790972 0.0365308 0.5224670 0.0153376 0.8517385
56.719050 7.5059328 -0.6289438 7.7006216 0.0374137 0.5248095 0.0174184 0.8502187
56.926400 7.5499415 -0.6319283 7.7228608 0.0384814 0.5284616 0.0173385 0.8479074
57.030140 7.5717707 -0.6334478 7.7336855 0.0385595 0.5309974 0.0167228 0.8463305
57.237620 7.6147561 -0.6371032 7.7541161 0.0362340 0.5366325 0.0150229 0.8429039
57.444970 7.6590042 -0.6402180 7.7749357 0.0356787 0.5421987 0.0153285 0.8393525
57.652330 7.7024474 -0.6433548 7.7943764 0.0366357 0.5471528 0.0154995 0.8360869
57.859700 7.7462955 -0.6464626 7.8134565 0.0379234 0.5518458 0.0158323 0.8329329
58.067030 7.7904348 -0.6497915 7.8319664 0.0383167 0.5565056 0.0155775 0.8298136
58.274430 7.8351536 -0.6529336 7.8502922 0.0383239 0.5613839 0.0162787 0.8265073
58.481720 7.8796740 -0.6559122 7.8676281 0.0388257 0.5660936 0.0177101 0.8232357
58.689030 7.9242687 -0.6590523 7.8846569 0.0377847 0.5709733 0.0167749 0.8199271
58.896460 7.9692416 -0.6620358 7.9013796 0.0380501 0.5763558 0.0143059 0.8161872
59.207400 8.0373125 -0.6668012 7.9248657 0.0390117 0.5832897 0.0152057 0.8111843
59.414720 8.0828495 -0.6698376 7.9400196 0.0383278 0.5880544 0.0181215 0.8077095
59.622060 8.1285963 -0.6726849 7.9545832 0.0397247 0.5926560 0.0177495 0.8042797
59.829350 8.1744995 -0.6756889 7.9687314 0.0401797 0.5972356 0.0167569 0.8008836
60.140460 8.2437296 -0.6802080 7.9889054 0.0401046 0.6036308 0.0175789 0.7960606
60.347790 8.2900915 -0.6831627 8.0017662 0.0427962 0.6079016 0.0181571 0.7926503
60.658950 8.3596888 -0.6877244 8.0200920 0.0424838 0.6153580 0.0191312 0.7868695
60.969890 8.4295998 -0.6923989 8.0370789 0.0416269 0.6229799 0.0188067 0.7809030
61.280940 8.4989538 -0.6967105 8.0523911 0.0429671 0.6300676 0.0179957 0.7751418
61.591940 8.5693264 -0.7012830 8.0665064 0.0443259 0.6368794 0.0179388 0.7694791
61.902920 8.6401062 -0.7060742 8.0793133 0.0458425 0.6436374 0.0190448 0.7637190
62.214800 8.7113943 -0.7104746 8.0911970 0.0465743 0.6506146 0.0198564 0.7577184
62.525060 8.7819729 -0.7151145 8.1016426 0.0478804 0.6578066 0.0166682 0.7514787
62.836180 8.8519564 -0.7199215 8.1108217 0.0469078 0.6645548 0.0176583 0.7455567
63.147170 8.9226475 -0.7241364 8.1192636 0.0492859 0.6699130 0.0197379 0.7405389
63.458500 8.9917402 -0.7287427 8.1269054 0.0517704 0.6737612 0.0182962 0.7369063
63.769520 9.0618353 -0.7335068 8.1334906 0.0493320 0.6798908 0.0170492 0.7314535
64.080680 9.1317091 -0.7384233 8.1381302 0.0527962 0.6854024 0.0177127 0.7260320
64.391850 9.2024927 -0.7437509 8.1416683 0.0531169 0.6911604 0.0163468 0.7205614
64.702950 9.2738628 -0.7489709 8.1440392 0.0507093 0.6971848 0.0155568 0.7149265
65.014450 9.3428288 -0.7539043 8.1450090 0.0527661 0.7023371 0.0148012 0.7097318
65.221430 9.3902302 -0.7572001 8.1454487 0.0533862 0.7055765 0.0148202 0.7064644
65.532560 9.4590158 -0.7622127 8.1463099 0.0535518 0.7103361 0.0137256 0.7016883
65.843690 9.5282717 -0.7672449 8.1459484 0.0566746 0.7158103 0.0141220 0.6958478
66.154900 9.5975475 -0.7727113 8.1433821 0.0598661 0.7208362 0.0153578 0.6903444
66.466100 9.6670275 -0.7783960 8.1401663 0.0583097 0.7258613 0.0133574 0.6852349
66.777170 9.7357407 -0.7835425 8.1359177 0.0568418 0.7311788 0.0137357 0.6796748
67.088290 9.8047533 -0.7891934 8.1297302 0.0595507 0.7360317 0.0118055 0.6742194
67.399470 9.8728170 -0.7938443 8.1255341 0.0579196 0.7416022 0.0102980 0.6682554
67.710430 9.9411964 -0.7998968 8.1167059 0.0564646 0.7465394 0.0107244 0.6628542
68.021530 10.0090475 -0.8047155 8.1087646 0.0598717 0.7511978 0.0095618 0.6572868
68.332860 10.0773220 -0.8104160 8.0990496 0.0584591 0.7561814 0.0079863 0.6516966
68.643670 10.1450920 -0.8160200 8.0892324 0.0576301 0.7610472 0.0096359 0.6460597
68.954810 10.2114544 -0.8212650 8.0781374 0.0602847 0.7652243 0.0109986 0.6408405
69.266000 10.2780457 -0.8264901 8.0661678 0.0583974 0.7698525 0.0091368 0.6354789
69.680650 10.3654852 -0.8336728 8.0487127 0.0570562 0.7758898 0.0085872 0.6282244
70.095460 10.4523096 -0.8401284 8.0300875 0.0563447 0.7798544 0.0103028 0.6233347
70.406510 10.5136890 -0.8441720 8.0183620 0.0560506 0.7825308 0.0095014 0.6200110
70.717540 10.5782814 -0.8503693 8.0047398 0.0557659 0.7847719 0.0116573 0.6171607
71.028690 10.6429577 -0.8548194 7.9888477 0.0552976 0.7864466 0.0122774 0.6150554
71.339700 10.7075768 -0.8602598 7.9750223 0.0538615 0.7882851 0.0136142 0.6127970
71.650660 10.7708731 -0.8638477 7.9590349 0.0539377 0.7896237 0.0123793 0.6110907
71.961910 10.8361979 -0.8687384 7.9424429 0.0533009 0.7909334 0.0129375 0.6094391
72.272780 10.9012823 -0.8729676 7.9257288 0.0510844 0.7921732 0.0162167 0.6079383
72.583790 10.9660292 -0.8773583 7.9098721 0.0513146 0.7936223 0.0150407 0.6060563
72.791310 11.0094299 -0.8787652 7.8986292 0.0508658 0.7943521 0.0146490 0.6051470
73.102420 11.0756207 -0.8826917 7.8797789 0.0483471 0.7944545 0.0150906 0.6052083
73.413410 11.1416817 -0.8864454 7.8617296 0.0486638 0.7939315 0.0140762 0.6058931
73.620830 11.1848869 -0.8890558 7.8496518 0.0477134 0.7931932 0.0140950 0.6069343
73.932000 11.2503147 -0.8927954 7.8318424 0.0474635 0.7919793 0.0185610 0.6084173
74.139310 11.2929916 -0.8946604 7.8204269 0.0454934 0.7913373 0.0227491 0.6092603
74.450320 11.3581076 -0.8972793 7.8029795 0.0485852 0.7905300 0.0214214 0.6101171
74.761700 11.4229965 -0.8998310 7.7862411 0.0465071 0.7908424 0.0208954 0.6098925
75.072540 11.4862394 -0.9025504 7.7694955 0.0464329 0.7921672 0.0213631 0.6081600
75.383900 11.5341663 -0.9069025 7.7591314 0.0441043 0.7939368 0.0193275 0.6060904
75.694920 11.5636368 -0.9077860 7.7504754 0.0412516 0.7959009 0.0218610 0.6036242
76.006020 11.5714340 -0.9079565 7.7481809 0.0408690 0.7999014 0.0238732 0.5982621
76.420840 11.5721416 -0.9079573 7.7473998 0.0391235 0.8005895 0.0222504 0.5975205
76.628210 11.5721855 -0.9080865 7.7472525 0.0400535 0.8001161 0.0228308 0.5980709
76.835540 11.5792999 -0.9088110 7.7450886 0.0338374 0.8005163 0.0242955 0.5978615
77.146670 11.5841198 -0.9090352 7.7431936 0.0357520 0.7991073 0.0254462 0.5995848
77.457680 11.5847311 -0.9090093 7.7427597 0.0355001 0.7975721 0.0238959 0.6017038
78.391030 11.5861025 -0.9090955 7.7408457 0.0334972 0.7926742 0.0276824 0.6080948
78.598320 11.5870237 -0.9091747 7.7400255 0.0335197 0.7910756 0.0273042 0.6101886
79.428170 11.5902348 -0.9093940 7.7380505 0.0289652 0.7874853 0.0266846 0.6150738
79.635540 11.5903988 -0.9094077 7.7379894 0.0303354 0.7869687 0.0264075 0.6156806
81.502090 11.5918312 -0.9094617 7.7375140 0.0328165 0.7836868 0.0294595 0.6195888
82.642720 11.5927839 -0.9094974 7.7371764 0.0324703 0.7847255 0.0301560 0.6182573
82.850080 11.5929422 -0.9094972 7.7371249 0.0321245 0.7849436 0.0290655 0.6180507
83.679430 11.5934601 -0.9095039 7.7369647 0.0316504 0.7840791 0.0290804 0.6191708
83.990300 11.5936289 -0.9095167 7.7369776 0.0345739 0.7851788 0.0297893 0.6175852
84.301640 11.5938511 -0.9095079 7.7368765 0.0299678 0.7844872 0.0284837 0.6187652
84.508790 11.5939817 -0.9095108 7.7368441 0.0265596 0.7848536 0.0277658 0.6184888
84.819940 11.5941772 -0.9095126 7.7367964 0.0288003 0.7852392 0.0264032 0.6179587
85.131120 11.5943680 -0.9095164 7.7367458 0.0317210 0.7853136 0.0271921 0.6176867
85.441940 11.5945663 -0.9095202 7.7366977 0.0329576 0.7855265 0.0302355 0.6172097
85.752960 11.5947599 -0.9095243 7.7366490 0.0313566 0.7851506 0.0282493 0.6178650
86.063910 11.5949574 -0.9095278 7.7366028 0.0319044 0.7841227 0.0304981 0.6190343
86.375060 11.5951481 -0.9095319 7.7365561 0.0348481 0.7823568 0.0296978 0.6211453
86.686060 11.5953436 -0.9095353 7.7365108 0.0343619 0.7810324 0.0289918 0.6228700
86.997130 11.5955372 -0.9095386 7.7364659 0.0304159 0.7802588 0.0257677 0.6241851
87.308050 11.5957279 -0.9095414 7.7364206 0.0295634 0.7797143 0.0280014 0.6248100
87.619200 11.5959234 -0.9095444 7.7363763 0.0305491 0.7795640 0.0273907 0.6249771
87.930380 11.5961170 -0.9095481 7.7363329 0.0286637 0.7795747 0.0262018 0.6251041
88.241430 11.5963097 -0.9095512 7.7362885 0.0279494 0.7801831 0.0239584 0.6244671
88.656170 11.5965672 -0.9095566 7.7362299 0.0275853 0.7809874 0.0236186 0.6234901
88.967190 11.5967588 -0.9095608 7.7361851 0.0279222 0.7815892 0.0261066 0.6226212
89.278170 11.5969486 -0.9095639 7.7361393 0.0297453 0.7819642 0.0256004 0.6220866
89.589170 11.5971413 -0.9095677 7.7360945 0.0312697 0.7820238 0.0253427 0.6219475
90.003760 11.5973978 -0.9095726 7.7360344 0.0312692 0.7816806 0.0263407 0.6223374
90.418690 11.5976591 -0.9095774 7.7359753 0.0316767 0.7817475 0.0270438 0.6222026
90.729490 11.5978508 -0.9095816 7.7359285 0.0299449 0.7816774 0.0263970 0.6224042
91.144190 11.5981140 -0.9095865 7.7358694 0.0291106 0.7823129 0.0253640 0.6216879
91.455430 11.5983095 -0.9095896 7.7358222 0.0271907 0.7834156 0.0231916 0.6204699
91.870080 11.5985689 -0.9095942 7.7357578 0.0269190 0.7838013 0.0247171 0.6199355
92.284930 11.5988312 -0.9095997 7.7356973 0.0238646 0.7830915 0.0230816 0.6210197
92.595810 11.5990276 -0.9096029 7.7356496 0.0245389 0.7820541 0.0224442 0.6223227
93.010550 11.5992908 -0.9096100 7.7355909 0.0261620 0.7811876 0.0240042 0.6232859
93.425460 11.5995531 -0.9096145 7.7355328 0.0262455 0.7806672 0.0243238 0.6239216
93.841370 11.5998135 -0.9096182 7.7354741 0.0267136 0.7816093 0.0253844 0.6226788
94.151190 11.6000071 -0.9096208 7.7354307 0.0262145 0.7830606 0.0266733 0.6208199
94.565950 11.6002674 -0.9096249 7.7353697 0.0244853 0.7859505 0.0239619 0.6173395
94.877160 11.6004581 -0.9096285 7.7353230 0.0210985 0.7894028 0.0214553 0.6131375
95.188200 11.6006470 -0.9096309 7.7352734 0.0233593 0.7924641 0.0232890 0.6090259
95.602930 11.6008949 -0.9096341 7.7352076 0.0221724 0.7950541 0.0258460 0.6055819
95.913860 11.6010742 -0.9096364 7.7351565 0.0227501 0.7989123 0.0259267 0.6004577
96.328590 11.6013031 -0.9096394 7.7350903 0.0222061 0.8049871 0.0264682 0.5922855
96.743170 11.6015244 -0.9096415 7.7350192 0.0246389 0.8095618 0.0281545 0.5858411
97.054260 11.6016846 -0.9096432 7.7349668 0.0245810 0.8126255 0.0254349 0.5817119
97.261510 11.6017904 -0.9096442 7.7349315 0.0223045 0.8141488 0.0274883 0.5795762
97.572430 11.6019478 -0.9096446 7.7348771 0.0233742 0.8154879 0.0265414 0.5776926
97.779790 11.6020470 -0.9096453 7.7348413 0.0249710 0.8156090 0.0257723 0.5774895
97.987260 11.6021461 -0.9096464 7.7348080 0.0255422 0.8149047 0.0273764 0.5783843
98.298330 11.6022930 -0.9096482 7.7347574 0.0258693 0.8137275 0.0263799 0.5800711
98.609600 11.6024361 -0.9096494 7.7347107 0.0242566 0.8124319 0.0269649 0.5819269
98.817080 11.6025286 -0.9096506 7.7346783 0.0228265 0.8121665 0.0265240 0.5823753
99.128300 11.6026630 -0.9096514 7.7346339 0.0231768 0.8121293 0.0269777 0.5823926
99.439670 11.6027908 -0.9096519 7.7345915 0.0213500 0.8127629 0.0270884 0.5815728
99.751600 11.6029177 -0.9096527 7.7345486 0.0235516 0.8130448 0.0257333 0.5811551
100.061900 11.6030407 -0.9096528 7.7345076 0.0226177 0.8128529 0.0277551 0.5813677
100.373300 11.6031609 -0.9096538 7.7344675 0.0235167 0.8125623 0.0276943 0.5817410
100.684300 11.6032743 -0.9096546 7.7344294 0.0251186 0.8113889 0.0256028 0.5834051
100.996200 11.6033840 -0.9096560 7.7343931 0.0230405 0.8105707 0.0257761 0.5846194
101.307100 11.6034899 -0.9096574 7.7343583 0.0204970 0.8099478 0.0284250 0.5854540
101.618100 11.6035910 -0.9096571 7.7343245 0.0215619 0.8096450 0.0283046 0.5858403
101.929100 11.6036825 -0.9096580 7.7342954 0.0223644 0.8093449 0.0270435 0.5862843
102.240200 11.6037703 -0.9096586 7.7342682 0.0218125 0.8090097 0.0272128 0.5867597
102.551300 11.6038532 -0.9096591 7.7342405 0.0235894 0.8088257 0.0263469 0.5869842
102.862400 11.6039305 -0.9096600 7.7342167 0.0250558 0.8083539 0.0271765 0.5875352
103.173800 11.6040020 -0.9096607 7.7341928 0.0243981 0.8077937 0.0286188 0.5882645
103.484900 11.6040678 -0.9096611 7.7341719 0.0232009 0.8078644 0.0285142 0.5882208
103.796100 11.6041231 -0.9096618 7.7341552 0.0224978 0.8079364 0.0288320 0.5881337
104.107200 11.6041660 -0.9096621 7.7341423 0.0218729 0.8079469 0.0285784 0.5881554
104.418400 11.6041946 -0.9096626 7.7341328 0.0220856 0.8080171 0.0278917 0.5880839
104.937400 11.6042175 -0.9096628 7.7341242 0.0222427 0.8080130 0.0262219 0.5881605
105.456400 11.6042194 -0.9096631 7.7341247 0.0251653 0.8079934 0.0225172 0.5882231
