0.000000 0.0000000 0.0000000 0.0000000 0.0000000 0.0000000 0.0000000 1.0000000
0.100000 0.0024491 -0.0098672 0.0196258 0.0093561 -0.0121520 -0.0006028 0.9998822
0.200000 0.0010672 -0.0163779 0.0407909 0.0175107 -0.0239383 -0.0018788 0.9995583
0.300000 -0.0023468 -0.0218541 0.0604157 0.0236083 -0.0350595 -0.0021836 0.9991040
0.400000 -0.0058332 -0.0245620 0.0805305 0.0290096 -0.0463167 -0.0030513 0.9985008
0.600000 -0.0135575 -0.0277042 0.1178526 0.0354631 -0.0664990 -0.0041284 0.9971475
0.900000 -0.0245586 -0.0289295 0.1665638 0.0362296 -0.0912213 -0.0070492 0.9951465
1.100000 -0.0331588 -0.0302641 0.1925008 0.0306722 -0.1020570 -0.0126437 0.9942252
1.600000 -0.0430335 -0.0297580 0.2460452 -0.0000065 -0.1131891 -0.0229167 0.9933091
3.399999 -0.0505304 -0.0281558 0.3158533 -0.2113538 0.0882645 0.0037254 0.9734090
3.799999 -0.0487061 -0.0265559 0.3433809 -0.2404995 0.1624728 0.0324117 0.9564058
3.999998 -0.0475838 -0.0257483 0.3601409 -0.2478149 0.2005222 0.0472800 0.9466484
4.099998 -0.0466152 -0.0248066 0.3691903 -0.2494124 0.2186057 0.0528250 0.9419207
4.499998 -0.0424693 -0.0275109 0.4103522 -0.2319811 0.2853481 0.0719346 0.9271389
4.599998 -0.0408070 -0.0290805 0.4219898 -0.2264349 0.3014245 0.0764578 0.9230518
4.699998 -0.0392497 -0.0305261 0.4335012 -0.2204704 0.3167437 0.0799059 0.9190654
4.899998 -0.0354224 -0.0347138 0.4585990 -0.2103232 0.3458896 0.0880073 0.9101534
5.099998 -0.0313471 -0.0396173 0.4853224 -0.2010419 0.3716748 0.0960101 0.9012336
5.199997 -0.0291666 -0.0427655 0.4994887 -0.1973307 0.3833749 0.1001265 0.8966933
5.399997 -0.0243784 -0.0480489 0.5266137 -0.1899050 0.4020991 0.1074710 0.8892145
5.599997 -0.0203961 -0.0533752 0.5536166 -0.1842415 0.4169837 0.1135554 0.8827711
5.799997 -0.0160191 -0.0585041 0.5795986 -0.1799247 0.4257679 0.1188173 0.8787669
6.099997 -0.0106905 -0.0662483 0.6171943 -0.1715184 0.4276413 0.1197283 0.8794143
6.199996 -0.0086137 -0.0685738 0.6294496 -0.1688157 0.4251871 0.1180539 0.8813515
6.499996 -0.0034281 -0.0760541 0.6651186 -0.1630933 0.4092568 0.1116111 0.8907595
6.699996 -0.0000808 -0.0805186 0.6880279 -0.1608584 0.3919771 0.1052797 0.8996637
6.899996 0.0035420 -0.0851125 0.7102803 -0.1597874 0.3688821 0.0969546 0.9104910
7.099996 0.0058743 -0.0898663 0.7325037 -0.1600384 0.3421533 0.0879689 0.9217268
7.499995 0.0118266 -0.0985561 0.7732700 -0.1598198 0.2725204 0.0673375 0.9463910
7.699995 0.0158441 -0.1023093 0.7922450 -0.1589834 0.2297237 0.0556625 0.9585682
7.999995 0.0203237 -0.1090937 0.8208477 -0.1584917 0.1597849 0.0348400 0.9737224
8.199995 0.0228682 -0.1120675 0.8387967 -0.1561354 0.1084175 0.0162316 0.9816333
8.499996 0.0259780 -0.1178136 0.8649639 -0.1503890 0.0293074 -0.0081124 0.9881591
8.699997 0.0271838 -0.1212486 0.8813696 -0.1455648 -0.0226834 -0.0215774 0.9888533
8.899998 0.0311397 -0.1249351 0.8960553 -0.1407588 -0.0733101 -0.0312765 0.9868305
9.600000 0.0433183 -0.1348319 0.9454768 -0.1305857 -0.2188689 -0.0488274 0.9657431
9.800001 0.0453637 -0.1383528 0.9586962 -0.1325677 -0.2456606 -0.0520727 0.9588353
10.200003 0.0512020 -0.1425303 0.9799708 -0.1369721 -0.2764543 -0.0614207 0.9492308
10.400003 0.0541687 -0.1447880 0.9915087 -0.1429947 -0.2813557 -0.0645461 0.9466918
11.000006 0.0600049 -0.1508748 1.0204850 -0.1671985 -0.2639742 -0.0717234 0.9472160
11.300007 0.0633627 -0.1531373 1.0362208 -0.1800929 -0.2442789 -0.0727422 0.9500542
11.600008 0.0670987 -0.1588223 1.0571769 -0.1944313 -0.2221190 -0.0739888 0.9525677
11.900009 0.0724227 -0.1644756 1.0822082 -0.2068822 -0.2012174 -0.0737917 0.9546026
12.200010 0.0790205 -0.1703790 1.1116149 -0.2164979 -0.1849484 -0.0740868 0.9557374
12.700012 0.0918438 -0.1837137 1.1706231 -0.2308780 -0.1679101 -0.0764409 0.9553315
13.000013 0.1026346 -0.1918646 1.2102605 -0.2376073 -0.1642951 -0.0782540 0.9541625
13.200014 0.1116458 -0.1984837 1.2399218 -0.2432791 -0.1648897 -0.0797288 0.9525072
13.400015 0.1198304 -0.2061579 1.2703844 -0.2494016 -0.1667292 -0.0822884 0.9503835
13.700016 0.1337133 -0.2199463 1.3188963 -0.2617458 -0.1719466 -0.0895347 0.9454666
13.900017 0.1435966 -0.2296620 1.3531709 -0.2712584 -0.1777009 -0.0945370 0.9412248
14.300018 0.1700343 -0.2514495 1.4260644 -0.2939117 -0.1952932 -0.1127359 0.9288526
14.500019 0.1870796 -0.2628686 1.4637482 -0.3057393 -0.2056323 -0.1233417 0.9214259
14.700020 0.2046801 -0.2750595 1.5002115 -0.3188826 -0.2164840 -0.1337535 0.9129943
14.900021 0.2228906 -0.2869195 1.5338473 -0.3320008 -0.2269862 -0.1450014 0.9040062
15.100021 0.2408754 -0.2990247 1.5647259 -0.3455960 -0.2365237 -0.1563192 0.8945302
15.300022 0.2588024 -0.3102609 1.5929108 -0.3582386 -0.2453670 -0.1665704 0.8852765
15.800024 0.3042918 -0.3379342 1.6519314 -0.3887137 -0.2601578 -0.1864563 0.8639755
16.200026 0.3365194 -0.3586669 1.6897442 -0.3966761 -0.2713391 -0.1945534 0.8550860
16.400026 0.3503315 -0.3675723 1.7055937 -0.3971871 -0.2747854 -0.1969073 0.8532074
16.800028 0.3745608 -0.3841412 1.7333567 -0.3979560 -0.2759812 -0.1978225 0.8522509
17.300030 0.3966281 -0.4003684 1.7587777 -0.3965256 -0.2677840 -0.1939615 0.8564100
17.800032 0.4103961 -0.4111304 1.7758762 -0.3939749 -0.2535107 -0.1870169 0.8634471
19.400038 0.4339360 -0.4265886 1.7994770 -0.1894058 -0.3529944 -0.1783908 0.8987197
19.700039 0.4433183 -0.4340538 1.8102186 -0.1557217 -0.3709569 -0.1779064 0.8980485
20.000040 0.4545653 -0.4421518 1.8240176 -0.1334127 -0.3840337 -0.1787953 0.8959640
20.200041 0.4603947 -0.4473440 1.8310190 -0.1262360 -0.3884921 -0.1803742 0.8947645
21.700047 0.4794067 -0.4627182 1.8581073 -0.2036847 -0.2894481 -0.1766485 0.9184376
22.000048 0.4895308 -0.4708002 1.8724701 -0.2292099 -0.2290119 -0.1686711 0.9308955
22.300049 0.5040185 -0.4818049 1.8939726 -0.2518094 -0.1537720 -0.1556927 0.9427120
22.500050 0.5151542 -0.4927241 1.9121455 -0.2655821 -0.0984183 -0.1462815 0.9478300
23.100052 0.5644416 -0.5326369 1.9864585 -0.2894111 0.0642054 -0.1147944 0.9481251
23.600054 0.5951207 -0.5569131 2.0849414 -0.2824275 0.1626303 -0.0981243 0.9402966
23.800055 0.6000747 -0.5654086 2.1329184 -0.2788743 0.1849018 -0.0958140 0.9374754
24.000055 0.6044709 -0.5741022 2.1825371 -0.2727605 0.1945109 -0.0965785 0.9372512
24.800058 0.6284404 -0.6102858 2.3552063 -0.2181145 0.1267522 -0.1365766 0.9579701
25.100060 0.6424273 -0.6243832 2.4077106 -0.1956416 0.0764147 -0.1594737 0.9646001
25.300060 0.6521876 -0.6333448 2.4395723 -0.1817799 0.0416851 -0.1758735 0.9665852
26.300064 0.6962686 -0.6694817 2.5653148 -0.1622511 -0.0619267 -0.2531527 0.9517108
26.500065 0.7033075 -0.6753848 2.5838029 -0.1710001 -0.0618892 -0.2657721 0.9467280
28.400072 0.7389184 -0.7008715 2.6729972 -0.2941336 0.0547897 -0.2993623 0.9060164
28.600073 0.7402047 -0.7028307 2.6791215 -0.3002648 0.0619248 -0.2955260 0.9048043
28.800074 0.7439443 -0.7051170 2.6862190 -0.3048470 0.0647950 -0.2925977 0.9040224
30.200079 0.7325289 -0.7018057 2.6866660 -0.3053703 0.0168758 -0.3031420 0.9025348
30.500080 0.7185909 -0.6938401 2.6627946 -0.3002930 -0.0028065 -0.3062137 0.9033545
31.600084 0.6565381 -0.6547827 2.5574474 -0.2838034 -0.0359516 -0.3065331 0.9078550
32.000084 0.6289020 -0.6380091 2.5118842 -0.2842066 -0.0107268 -0.2935782 0.9126464
32.300079 0.6060911 -0.6250913 2.4764631 -0.2879447 0.0266982 -0.2768269 0.9163743
32.700073 0.5747706 -0.6056593 2.4249427 -0.2929315 0.0966595 -0.2456047 0.9189812
33.000069 0.5513650 -0.5910209 2.3856525 -0.2953538 0.1600496 -0.2166537 0.9166304
33.400063 0.5183765 -0.5693512 2.3330431 -0.2922791 0.2545732 -0.1747146 0.9051189
33.700058 0.4930441 -0.5549150 2.2916799 -0.2866209 0.3279385 -0.1400222 0.8892123
34.000053 0.4700540 -0.5400622 2.2490966 -0.2775628 0.3997786 -0.1010892 0.8677078
34.300049 0.4488208 -0.5243654 2.2034564 -0.2575218 0.4690323 -0.0607624 0.8426145
34.600044 0.4280691 -0.5097018 2.1550031 -0.2359299 0.5286077 -0.0265437 0.8149886
34.900040 0.4057510 -0.4934435 2.1029594 -0.2154834 0.5769908 -0.0005133 0.7878123
35.200035 0.3812077 -0.4762734 2.0481436 -0.1996242 0.6126900 0.0163275 0.7645225
35.500031 0.3535769 -0.4565942 1.9896469 -0.1883890 0.6340116 0.0253303 0.7495980
35.700027 0.3328977 -0.4422415 1.9512540 -0.1842263 0.6406378 0.0269895 0.7449265
36.000023 0.2962941 -0.4179010 1.8936889 -0.1835703 0.6361536 0.0243377 0.7490115
36.200020 0.2663295 -0.3984795 1.8586648 -0.1840084 0.6251788 0.0201891 0.7582116
36.500015 0.2106557 -0.3772874 1.8061912 -0.1902264 0.5961770 0.0094551 0.7799343
36.900009 0.1310129 -0.3620436 1.7326140 -0.2014171 0.5457532 -0.0131538 0.8132722
37.300003 0.0475847 -0.3629390 1.6529598 -0.2149225 0.4898288 -0.0366557 0.8441164
37.699997 -0.0239445 -0.4159527 1.5760589 -0.2250300 0.4441164 -0.0585669 0.8652699
38.199989 -0.1205068 -0.4432628 1.5047413 -0.2265349 0.4239859 -0.0767138 0.8735176
38.599983 -0.2076859 -0.3574556 1.5383081 -0.2221681 0.4384833 -0.0809859 0.8670727
38.999977 -0.3189764 -0.2947603 1.5529314 -0.2116949 0.4708862 -0.0805479 0.8526216
39.399971 -0.4279507 -0.2513722 1.5332768 -0.2009627 0.5055597 -0.0769946 0.8355209
39.799965 -0.5223605 -0.1971051 1.4980210 -0.1879016 0.5344437 -0.0702177 0.8210557
40.199959 -0.6006966 -0.1326351 1.4753553 -0.1793617 0.5513512 -0.0663215 0.8120608
40.599953 -0.6682698 -0.0673953 1.4666978 -0.1703976 0.5537587 -0.0610323 0.8127674
40.899948 -0.7188690 -0.0335842 1.4620408 -0.1660241 0.5477135 -0.0583370 0.8179502
41.199944 -0.7682761 -0.0134809 1.4551604 -0.1593561 0.5354291 -0.0529973 0.8277153
41.599937 -0.8270458 0.0061393 1.4470989 -0.1483652 0.5120592 -0.0459420 0.8447914
41.899933 -0.8647206 0.0180006 1.4419923 -0.1357614 0.4903063 -0.0383971 0.8600548
42.299927 -0.9161574 0.0332074 1.4353491 -0.1140290 0.4583413 -0.0254915 0.8810623
42.499924 -0.9416940 0.0412660 1.4309943 -0.1021960 0.4411497 -0.0180564 0.8914129
42.799919 -0.9820622 0.0537766 1.4246520 -0.0848018 0.4184834 -0.0056955 0.9042388
42.999916 -1.0107626 0.0627418 1.4200939 -0.0745646 0.4058807 0.0026741 0.9108753
43.599907 -1.1023116 0.0906166 1.4083463 -0.0596856 0.3922823 0.0287873 0.9174549
43.899902 -1.1524271 0.1062693 1.4029921 -0.0653007 0.4040921 0.0400454 0.9115052
44.099899 -1.1851950 0.1186100 1.3987427 -0.0739171 0.4194190 0.0470281 0.9035554
44.299896 -1.2188210 0.1291927 1.3943582 -0.0876359 0.4401992 0.0549085 0.8919247
44.599892 -1.2728301 0.1459062 1.3906296 -0.1137535 0.4812376 0.0650779 0.8667384
44.899887 -1.3270681 0.1641782 1.3858203 -0.1415160 0.5280188 0.0757842 0.8339221
45.199883 -1.3844706 0.1844116 1.3821310 -0.1672281 0.5779089 0.0853758 0.7942085
45.499878 -1.4456459 0.2043714 1.3807552 -0.1877855 0.6285604 0.0962026 0.7485944
45.699875 -1.4862233 0.2170641 1.3791149 -0.1962872 0.6600478 0.1041766 0.7176040
45.899872 -1.5265234 0.2289187 1.3811502 -0.2014442 0.6902627 0.1139850 0.6855399
46.099869 -1.5658762 0.2392876 1.3816829 -0.1846320 0.7212269 0.1376893 0.6532874
46.299866 -1.6033704 0.2502147 1.3845781 -0.1680360 0.7492716 0.1548716 0.6215872
46.499863 -1.6414813 0.2592173 1.3878244 -0.1515294 0.7734386 0.1664295 0.5925647
46.699860 -1.6781883 0.2692544 1.3919532 -0.1346422 0.7955599 0.1721841 0.5650740
47.099854 -1.7490623 0.2855861 1.4018791 -0.1027885 0.8350724 0.1687548 0.5134301
47.299850 -1.7835449 0.2927155 1.4074960 -0.0866973 0.8538051 0.1583994 0.4882725
47.499847 -1.8168972 0.2989231 1.4125738 -0.0702347 0.8723217 0.1431110 0.4622134
47.699844 -1.8500471 0.3046895 1.4166079 -0.0529647 0.8904776 0.1213919 0.4353257
47.899841 -1.8824186 0.3102154 1.4186251 -0.0348094 0.9084598 0.0928815 0.4060321
48.099838 -1.9144176 0.3140479 1.4187001 -0.0117476 0.9253177 0.0593752 0.3743310
48.299835 -1.9458590 0.3200073 1.4163663 0.0117947 0.9397281 0.0189210 0.3411950
48.399834 -1.9621643 0.3213825 1.4139612 0.0226680 0.9455742 -0.0021933 0.3246087
48.599831 -1.9898627 0.3261324 1.4083490 0.0431449 0.9545320 -0.0473202 0.2911494
48.699829 -2.0051308 0.3249478 1.4068722 0.0519458 0.9575320 -0.0685739 0.2751938
48.999825 -2.0632491 0.3395355 1.3901429 0.0826050 0.9588728 -0.1335896 0.2364174
49.099823 -2.0625916 0.3415184 1.3938639 0.0885050 0.9592655 -0.1537528 0.2198558
49.299820 -2.0612164 0.3436593 1.4039950 0.1033702 0.9584655 -0.1859290 0.1899709
50.499802 -2.0853984 0.3456605 1.4458612 0.1380226 0.9557753 -0.1534004 0.2095512
50.799797 -2.0808325 0.3501353 1.4504691 0.1270138 0.9541541 -0.0981653 0.2526281
50.899796 -2.0810497 0.3518795 1.4552243 0.1325914 0.9513545 -0.0728521 0.2683965
51.399788 -2.0715394 0.3473306 1.4370552 0.1188964 0.9321421 0.0464338 0.3388491
51.599785 -2.0774300 0.3460186 1.4439785 0.1166451 0.9214594 0.0903223 0.3593722
51.799782 -2.0713820 0.3469839 1.4500698 0.1178468 0.9119353 0.1270238 0.3719558
