1.800000 0.0000000 0.0000000 0.0000000 0.0000000 0.0000000 0.0000000 1.0000000
1.900000 0.0027372 -0.0136691 -0.0889976 -0.0031103 -0.0011479 -0.0040195 0.9999864
2.000000 0.0096817 -0.0282515 -0.1797622 -0.0059864 -0.0023273 -0.0079875 0.9999475
2.100000 0.0186851 -0.0368286 -0.2659203 -0.0072683 -0.0033049 -0.0074119 0.9999406
2.200000 0.0338572 -0.0481726 -0.3584346 -0.0103809 -0.0036523 -0.0081441 0.9999063
2.300000 0.0608880 -0.0314574 -0.4379239 -0.0121569 -0.0045722 -0.0079667 0.9998839
2.400000 0.1023442 0.0088065 -0.5030473 -0.0157041 -0.0032580 -0.0082569 0.9998373
2.500000 0.1469950 0.0641087 -0.5500744 -0.0172852 -0.0022498 -0.0079951 0.9998161
2.600000 0.1897308 0.1193497 -0.5927917 -0.0183673 -0.0005665 -0.0083085 0.9997966
2.799999 0.2700695 0.2095814 -0.7041527 -0.0215197 0.0032499 -0.0043177 0.9997538
2.899999 0.3037236 0.2501149 -0.7637082 -0.0221320 0.0056453 0.0006560 0.9997389
2.999999 0.3318722 0.2881142 -0.8251737 -0.0211565 0.0082414 0.0063842 0.9997218
3.099999 0.3598217 0.3214887 -0.8887106 -0.0202213 0.0104105 0.0126321 0.9996615
3.199999 0.3845206 0.3539407 -0.9523190 -0.0180859 0.0128595 0.0201455 0.9995508
3.399999 0.4266677 0.4102987 -1.0800537 -0.0126999 0.0186204 0.0358755 0.9991021
3.599999 0.4647264 0.4627896 -1.2042115 -0.0040264 0.0235223 0.0548290 0.9982105
3.699999 0.4818347 0.4830647 -1.2684705 0.0011077 0.0253769 0.0640817 0.9976214
3.799999 0.4971610 0.5041811 -1.3300563 0.0074234 0.0275679 0.0751821 0.9967610
3.899998 0.5127309 0.5235811 -1.3914109 0.0140918 0.0291730 0.0855958 0.9958031
3.999998 0.5279388 0.5444302 -1.4520949 0.0225786 0.0302738 0.0969467 0.9945728
4.099998 0.5410646 0.5599818 -1.5112206 0.0304611 0.0309184 0.1083460 0.9931653
4.199998 0.5538276 0.5764639 -1.5691626 0.0397539 0.0312854 0.1208463 0.9913814
4.399998 0.5795879 0.6071770 -1.6813391 0.0601192 0.0311571 0.1455667 0.9870285
4.499998 0.5903810 0.6225131 -1.7346064 0.0713668 0.0313340 0.1575321 0.9844331
4.599998 0.6002255 0.6361397 -1.7877058 0.0829183 0.0317466 0.1693803 0.9815432
4.699998 0.6123811 0.6483811 -1.8370156 0.0937786 0.0315128 0.1819752 0.9783136
4.799998 0.6192403 0.6587935 -1.8880676 0.1052308 0.0328955 0.1934512 0.9748954
4.999998 0.6394570 0.6847112 -1.9809474 0.1287515 0.0351549 0.2178591 0.9668115
5.199997 0.6556704 0.7088635 -2.0704236 0.1508910 0.0412622 0.2408727 0.9578673
5.299997 0.6647376 0.7189204 -2.1108489 0.1607071 0.0453368 0.2514281 0.9533634
5.399997 0.6712463 0.7289334 -2.1514904 0.1703513 0.0506090 0.2609938 0.9488421
5.599997 0.6848259 0.7426530 -2.2314475 0.1855682 0.0652950 0.2798082 0.9396853
5.699997 0.6953172 0.7530978 -2.2666850 0.1918374 0.0736663 0.2893201 0.9349147
5.799997 0.7028736 0.7617446 -2.3030734 0.1977098 0.0837014 0.2963519 0.9306344
5.999997 0.7216622 0.7800560 -2.3700399 0.2049936 0.1083973 0.3113535 0.9215675
6.199996 0.7275819 0.7926237 -2.4180264 0.2049344 0.1445817 0.3118554 0.9164302
6.399996 0.7364140 0.8007896 -2.4545784 0.1976654 0.1865457 0.3083679 0.9116130
6.599996 0.7461764 0.8170905 -2.4996886 0.1877134 0.2304254 0.3060332 0.9044399
6.899996 0.7570928 0.8240619 -2.5571148 0.1642954 0.3000350 0.3041662 0.8890832
7.099996 0.7601158 0.8341075 -2.5873821 0.1469320 0.3480578 0.3026181 0.8750366
7.899995 0.6906253 0.9191331 -2.7719369 0.0972133 0.5163464 0.2998820 0.7962455
8.799997 0.7476344 1.0142065 -3.2448943 0.0523619 0.5911675 0.2931652 0.7495555
8.999998 0.7560734 1.0482475 -3.3761206 0.0475869 0.5970254 0.2941605 0.7448260
9.199999 0.7695720 1.0752977 -3.5227771 0.0418689 0.6006907 0.2988030 0.7403610
9.299999 0.7770064 1.0895919 -3.5953162 0.0393974 0.6024687 0.3020317 0.7377372
9.900002 0.8340993 1.1659551 -4.0555849 0.0172270 0.6114926 0.3322352 0.7179135
10.100002 0.8478327 1.1898185 -4.1998720 0.0055125 0.6174454 0.3434363 0.7076597
10.300003 0.8645307 1.2187192 -4.3399897 -0.0094661 0.6246905 0.3540907 0.6959109
10.500004 0.8806658 1.2431214 -4.4737430 -0.0249503 0.6324451 0.3657914 0.6823396
10.700005 0.9016780 1.2644939 -4.6004219 -0.0412920 0.6406955 0.3774893 0.6673126
10.900005 0.9162793 1.2851499 -4.7269435 -0.0548614 0.6480275 0.3883853 0.6528456
11.300007 0.9590562 1.3251306 -4.9522085 -0.0749957 0.6612042 0.4037387 0.6278373
11.500008 0.9881448 1.3440599 -5.0621152 -0.0787696 0.6649126 0.4084038 0.6203974
11.600008 0.9990969 1.3529866 -5.1175103 -0.0784412 0.6659285 0.4088471 0.6190559
11.800009 1.0284061 1.3639081 -5.2224183 -0.0758406 0.6661741 0.4077425 0.6198438
13.200014 1.1010498 1.4273928 -5.8018084 0.0372171 0.5836860 0.2117752 0.7829922
13.400015 1.0993352 1.4323348 -5.8658228 0.0572793 0.5659737 0.1769736 0.8031645
13.600016 1.0960428 1.4352167 -5.9267225 0.0755308 0.5507547 0.1475255 0.8180468
13.900017 1.0952476 1.4471928 -6.0024977 0.0986279 0.5378907 0.1144638 0.8293637
14.400019 1.1022657 1.4521163 -6.1181040 0.1149516 0.5524399 0.1095171 0.8182923
14.600019 1.1017643 1.4569070 -6.1641397 0.1150889 0.5700421 0.1219438 0.8043235
14.800020 1.1125981 1.4610994 -6.2025852 0.1121627 0.5919026 0.1414028 0.7855420
15.500023 1.1381049 1.4622407 -6.3566794 0.0770748 0.6758093 0.2330785 0.6949933
16.000025 1.1503173 1.4707503 -6.4657297 0.0459219 0.7205271 0.2959254 0.6254278
16.900028 1.0459101 1.4547076 -6.6082897 -0.0150226 0.7522381 0.3508311 0.5575210
17.100029 0.9738189 1.4357249 -6.5789657 -0.0243166 0.7534388 0.3609108 0.5490739
17.400030 0.8875889 1.4181837 -6.4717684 -0.0370045 0.7547667 0.3749917 0.5369722
17.700031 0.8160046 1.4146903 -6.3314810 -0.0499014 0.7543188 0.3901842 0.5256133
18.000032 0.7298054 1.4082443 -6.1648908 -0.0631631 0.7550849 0.4056950 0.5111446
18.300034 0.6339836 1.3777092 -5.9875269 -0.0784026 0.7562968 0.4239201 0.4920974
18.600035 0.5192307 1.3206457 -5.8078136 -0.0954152 0.7575959 0.4438737 0.4689569
18.900036 0.3760351 1.2625055 -5.6213832 -0.1097848 0.7589099 0.4630463 0.4445124
19.200037 0.2364209 1.1927531 -5.4547648 -0.1248886 0.7582431 0.4843644 0.4181642
19.500038 0.0939814 1.1356049 -5.3014898 -0.1354776 0.7577888 0.5020425 0.3941514
19.800039 -0.0565472 1.0807793 -5.1738300 -0.1430735 0.7567976 0.5165797 0.3740759
20.100040 -0.1977646 1.0258626 -5.0616941 -0.1469974 0.7567034 0.5232621 0.3633021
20.400042 -0.3318390 0.9772519 -4.9653993 -0.1491596 0.7570804 0.5221195 0.3632793
20.700043 -0.4610015 0.9286840 -4.8824749 -0.1525824 0.7557851 0.5205874 0.3667372
21.000044 -0.5827585 0.8840280 -4.8141174 -0.1554423 0.7538190 0.5195988 0.3709604
21.200045 -0.6524760 0.8540410 -4.7682672 -0.1561325 0.7521992 0.5202534 0.3730354
22.100048 -0.8283790 0.7633060 -4.5186810 -0.1482912 0.7540613 0.5233608 0.3680960
22.700050 -0.8782675 0.7274101 -4.3899851 -0.1418849 0.7646858 0.5230999 0.3485553
23.300053 -0.9043534 0.7079089 -4.3114395 -0.1323567 0.7801421 0.5217445 0.3188146
23.600054 -0.9122139 0.7040935 -4.2935028 -0.1270747 0.7877324 0.5204987 0.3039915
24.400057 -0.9167892 0.6994292 -4.2816129 -0.1366505 0.8084769 0.4757348 0.3183838
25.000059 -0.9320261 0.6944470 -4.2472000 -0.1714063 0.8192549 0.3768180 0.3967990
25.400061 -0.9516569 0.6886976 -4.2056489 -0.1945847 0.8149267 0.3025386 0.4544245
25.800062 -0.9806303 0.6787291 -4.1415753 -0.2136143 0.8029464 0.2334616 0.5051154
26.200064 -1.0110004 0.6620565 -4.0727782 -0.2254047 0.7872999 0.1851177 0.5432155
26.400064 -1.0274720 0.6564993 -4.0402102 -0.2285917 0.7805041 0.1683325 0.5569769
26.600065 -1.0385404 0.6524047 -4.0292006 -0.2293880 0.7741124 0.1586089 0.5683084
26.900066 -1.0512683 0.6465610 -4.0011859 -0.2311316 0.7685140 0.1505144 0.5773298
27.100067 -1.0531372 0.6429583 -3.9927912 -0.2315603 0.7671675 0.1512172 0.5787635
27.800070 -1.0692728 0.6333035 -3.9617798 -0.2299021 0.7788538 0.1741647 0.5569547
28.100071 -1.0931082 0.6243665 -3.9105673 -0.2320022 0.7923866 0.1877100 0.5320370
28.400072 -1.1032734 0.6082380 -3.8835824 -0.2351879 0.8084713 0.2066277 0.4983632
28.800074 -1.1183561 0.6061885 -3.8591146 -0.2400982 0.8326903 0.2278494 0.4439194
29.200075 -1.1201179 0.6075710 -3.8555019 -0.2470716 0.8538519 0.2491389 0.3844769
29.600077 -1.1235181 0.6037021 -3.8449891 -0.2550259 0.8688211 0.2697500 0.3276378
29.900078 -1.1346843 0.6010489 -3.8303809 -0.2617128 0.8750014 0.2834647 0.2924494
30.300079 -1.1551282 0.5918878 -3.7983985 -0.2734759 0.8758950 0.3006902 0.2600082
30.600080 -1.1768904 0.5837395 -3.7679124 -0.2830711 0.8725693 0.3129360 0.2460989
30.900082 -1.2042406 0.5729810 -3.7302659 -0.2918981 0.8677675 0.3250715 0.2368619
31.200083 -1.2377863 0.5608478 -3.6882095 -0.3004883 0.8620803 0.3373173 0.2296547
31.400084 -1.2636042 0.5513048 -3.6573319 -0.3047685 0.8586594 0.3460710 0.2237295
31.800085 -1.3244729 0.5286711 -3.5896869 -0.3101394 0.8535859 0.3642855 0.2061569
32.100082 -1.3823950 0.5045408 -3.5344448 -0.3090862 0.8523924 0.3799700 0.1830730
32.500076 -1.5020307 0.4557036 -3.4709671 -0.3031471 0.8537134 0.3997821 0.1394618
32.900070 -1.6668754 0.3867130 -3.4401999 -0.2917044 0.8552895 0.4196693 0.0852417
33.200066 -1.8122396 0.3264399 -3.4145451 -0.2814746 0.8558444 0.4320293 0.0406588
33.400063 -1.9192522 0.2789047 -3.3906283 -0.2741356 0.8551441 0.4397961 0.0125567
33.600060 -2.0300553 0.2263658 -3.3581829 -0.2680486 0.8532442 0.4471409 -0.0137559
33.700058 -2.0861843 0.2009301 -3.3350902 -0.2652006 0.8529929 0.4487723 -0.0259860
33.900055 -2.1973939 0.1466141 -3.2813783 -0.2601907 0.8517641 0.4521111 -0.0489306
34.000053 -2.2535732 0.1192641 -3.2475848 -0.2579866 0.8514594 0.4528420 -0.0582570
34.200050 -2.3640635 0.0602884 -3.1725197 -0.2510108 0.8523784 0.4523549 -0.0762868
34.300049 -2.4178238 0.0323778 -3.1307068 -0.2483996 0.8527818 0.4516179 -0.0842737
34.500046 -2.5249400 -0.0273621 -3.0404966 -0.2438641 0.8533109 0.4508252 -0.0956416
34.600044 -2.5778699 -0.0601492 -2.9935946 -0.2427967 0.8529025 0.4512978 -0.0996865
34.800041 -2.6842399 -0.1242138 -2.8937221 -0.2416644 0.8537513 0.4494377 -0.1035023
34.900040 -2.7368438 -0.1560380 -2.8414464 -0.2424986 0.8544689 0.4474906 -0.1040651
35.100037 -2.8463092 -0.2289109 -2.7345707 -0.2452145 0.8557060 0.4445631 -0.1000042
35.300034 -2.9526227 -0.2997236 -2.6349251 -0.2491853 0.8578303 0.4401397 -0.0911644
35.400032 -3.0046425 -0.3353777 -2.5915213 -0.2517911 0.8589454 0.4378268 -0.0843905
35.800026 -3.1998868 -0.4652795 -2.4480133 -0.2477899 0.8693473 0.4240148 -0.0551987
36.000023 -3.2907515 -0.5153552 -2.3874202 -0.2409365 0.8768159 0.4145567 -0.0358664
36.200020 -3.3799894 -0.5562317 -2.3312469 -0.2302167 0.8857563 0.4028511 -0.0121286
36.500015 -3.5055392 -0.6295512 -2.2580938 -0.2098028 0.8977242 0.3864186 0.0274737
36.800011 -3.6317513 -0.7107633 -2.1973305 -0.1864439 0.9085969 0.3670744 0.0703322
37.000008 -3.7190497 -0.7764567 -2.1803703 -0.1701214 0.9141776 0.3541287 0.0996538
37.300003 -3.8627398 -0.8725487 -2.1866450 -0.1447408 0.9198030 0.3344771 0.1453875
37.599998 -4.0242181 -0.9414762 -2.1936183 -0.1222972 0.9214812 0.3173891 0.1875632
37.899994 -4.1880178 -0.9755892 -2.1653738 -0.1071757 0.9195189 0.3053322 0.2230933
38.199989 -4.3516564 -0.9829338 -2.1013296 -0.0988468 0.9153187 0.2989133 0.2511409
38.799980 -4.6520004 -0.9834061 -1.9116591 -0.1037995 0.9039508 0.3076906 0.2782537
39.099976 -4.7910299 -0.9655927 -1.7933738 -0.1106925 0.9000881 0.3179160 0.2766188
39.399971 -4.9002995 -0.9619865 -1.6559974 -0.1178342 0.8984863 0.3329877 0.2606848
39.699966 -4.9997692 -0.9787525 -1.4973621 -0.1192795 0.8985547 0.3530753 0.2317534
39.999962 -5.0796704 -0.9921519 -1.3335712 -0.1152233 0.9010065 0.3727931 0.1895684
40.299957 -5.1318316 -1.0139575 -1.1816709 -0.1027764 0.9041892 0.3929064 0.1323006
40.499954 -5.1547360 -1.0284600 -1.0932177 -0.0906318 0.9056491 0.4046765 0.0884453
40.699951 -5.1725383 -1.0417762 -1.0147238 -0.0752080 0.9058514 0.4147483 0.0419629
40.999947 -5.1876192 -1.0609690 -0.9169669 -0.0502846 0.9027498 0.4262837 -0.0282204
41.399940 -5.2024846 -1.0824945 -0.8195329 -0.0146240 0.8951356 0.4320937 -0.1086895
41.699936 -5.2056174 -1.0949285 -0.7737724 0.0092862 0.8891854 0.4313083 -0.1524346
42.099930 -5.2159915 -1.1126692 -0.6970562 0.0290440 0.8901369 0.4217850 -0.1700300
42.299927 -5.2198768 -1.1217575 -0.6528565 0.0259853 0.8954184 0.4153761 -0.1581561
42.499924 -5.2265530 -1.1324514 -0.6036276 0.0213436 0.9028914 0.4070384 -0.1365697
42.899918 -5.2368355 -1.1576526 -0.4940470 0.0102763 0.9187490 0.3866411 -0.0793939
43.199913 -5.2534261 -1.1785624 -0.4018328 0.0045546 0.9283139 0.3704899 -0.0308180
43.499908 -5.2779737 -1.1993806 -0.3051317 0.0001714 0.9335435 0.3582412 0.0126383
43.799904 -5.3058329 -1.2223706 -0.2031769 -0.0040932 0.9340385 0.3544114 0.0441346
44.099899 -5.3499064 -1.2453086 -0.0971518 -0.0137645 0.9303038 0.3612889 0.0617722
44.399895 -5.4067283 -1.2697784 0.0102900 -0.0396827 0.9226872 0.3780372 0.0645097
44.699890 -5.4894624 -1.2988888 0.1042309 -0.0673722 0.9119112 0.4013216 0.0531024
44.999886 -5.5972962 -1.3343778 0.1757882 -0.0923213 0.8997436 0.4252982 0.0325511
45.299881 -5.7132659 -1.3657556 0.2328284 -0.1127523 0.8884233 0.4448746 0.0088054
45.499878 -5.7911997 -1.3944837 0.2650804 -0.1232595 0.8816651 0.4554418 -0.0068232
45.699875 -5.8728514 -1.4209887 0.2989451 -0.1300543 0.8779562 0.4603391 -0.0191486
45.999870 -5.9962921 -1.4636488 0.3466066 -0.1308299 0.8784243 0.4586288 -0.0302320
46.299866 -6.1191297 -1.5088266 0.3946543 -0.1199770 0.8888149 0.4413488 -0.0287203
46.599861 -6.2443976 -1.5556974 0.4438941 -0.1005924 0.9054121 0.4121577 -0.0153679
46.899857 -6.3709450 -1.6071062 0.4970797 -0.0744764 0.9246040 0.3735131 0.0069756
47.199852 -6.5029879 -1.6566942 0.5598123 -0.0445910 0.9429274 0.3278463 0.0376348
47.499847 -6.6269369 -1.7110295 0.6306905 -0.0154620 0.9567886 0.2814799 0.0713132
47.799843 -6.7490721 -1.7888923 0.6833024 0.0099427 0.9648679 0.2397790 0.1069444
