20.400042 0.0000000 0.0000000 0.0000000 0.0000000 0.0000000 0.0000000 1.0000000
20.500042 -0.0216601 0.0013235 -0.0293779 -0.0105185 0.0052549 0.0056902 0.9999147
20.600042 -0.0338286 -0.0030550 -0.0573228 -0.0237959 0.0066766 0.0132730 0.9996064
20.700043 -0.0484564 -0.0093615 -0.0882906 -0.0341299 0.0095897 0.0189470 0.9991918
21.000044 -0.1148450 -0.0416115 -0.1740045 -0.0669779 0.0169165 0.0349280 0.9969994
21.100044 -0.1415894 -0.0484651 -0.2002779 -0.0752886 0.0181860 0.0389388 0.9962353
21.300045 -0.2010288 -0.0635843 -0.2499054 -0.0913049 0.0198046 0.0447173 0.9946213
21.400045 -0.2322962 -0.0706768 -0.2730045 -0.0979167 0.0199169 0.0463463 0.9939153
21.500046 -0.2635619 -0.0791526 -0.2959921 -0.1040494 0.0189704 0.0481350 0.9932255
21.700047 -0.3301979 -0.0930120 -0.3429700 -0.1100270 0.0154595 0.0483734 0.9926304
21.900047 -0.4005383 -0.1084249 -0.3876247 -0.1113559 0.0091561 0.0451142 0.9927138
22.100048 -0.4770899 -0.1216053 -0.4282513 -0.1048381 0.0009979 0.0371403 0.9937950
22.300049 -0.5504833 -0.1336950 -0.4671218 -0.0911561 -0.0129503 0.0244739 0.9954516
22.400049 -0.5963641 -0.1373761 -0.4848780 -0.0813363 -0.0181682 0.0172840 0.9963712
22.600050 -0.6656790 -0.1504190 -0.5194479 -0.0605095 -0.0382749 -0.0018378 0.9974318
22.800051 -0.7476136 -0.1625909 -0.5568188 -0.0365485 -0.0566622 -0.0199489 0.9975247
23.200052 -0.9181341 -0.1810613 -0.6082990 0.0218085 -0.0955702 -0.0587426 0.9934486
23.400053 -1.0081171 -0.1898882 -0.6271572 0.0518163 -0.1141369 -0.0781506 0.9890300
23.600054 -1.0927906 -0.2055922 -0.6438076 0.0782145 -0.1330048 -0.0969440 0.9832569
23.800055 -1.1851933 -0.2231968 -0.6619732 0.1015088 -0.1496864 -0.1118065 0.9771332
24.000055 -1.2802448 -0.2421008 -0.6752646 0.1205490 -0.1642828 -0.1245156 0.9710690
24.200056 -1.3813486 -0.2680245 -0.6797731 0.1326026 -0.1771310 -0.1242104 0.9672709
24.400057 -1.4871480 -0.2982762 -0.6804498 0.1398538 -0.1871283 -0.1237592 0.9644209
24.500057 -1.5408505 -0.3133774 -0.6794776 0.1425041 -0.1912231 -0.1240424 0.9631925
24.600058 -1.5936873 -0.3348757 -0.6693041 0.1441649 -0.1950704 -0.1241959 0.9621536
24.800058 -1.6947815 -0.3804430 -0.6306776 0.1459952 -0.2019821 -0.1251609 0.9603246
24.900059 -1.7475737 -0.4000743 -0.6035982 0.1466781 -0.2043685 -0.1253719 0.9596879
25.100060 -1.7573898 -0.4198045 -0.4940641 0.1464181 -0.2097926 -0.1259174 0.9584851
25.200060 -1.7261676 -0.4211879 -0.4349760 0.1463935 -0.2133685 -0.1266436 0.9576034
25.600061 -1.5870198 -0.4344813 -0.2090268 0.1459348 -0.2267311 -0.1285342 0.9543453
26.000063 -1.4223623 -0.4444951 -0.0057169 0.1521918 -0.2487285 -0.1302243 0.9476357
26.200064 -1.3256496 -0.4393718 0.0760025 0.1593724 -0.2626140 -0.1299136 0.9427390
26.400064 -1.2335777 -0.4368400 0.1598381 0.1680122 -0.2793137 -0.1296118 0.9364596
26.600065 -1.1466703 -0.4368479 0.2482074 0.1767263 -0.2982226 -0.1275372 0.9292822
26.800066 -1.0602793 -0.4332826 0.3359302 0.1896032 -0.3161181 -0.1267997 0.9208918
26.900066 -1.0184770 -0.4335440 0.3781412 0.1936161 -0.3249866 -0.1252423 0.9171755
27.000067 -0.9754987 -0.4347596 0.4208667 0.1961819 -0.3349999 -0.1243141 0.9131449
27.100067 -0.9346652 -0.4334885 0.4640920 0.2026093 -0.3421446 -0.1229219 0.9092727
27.200068 -0.8942868 -0.4319971 0.5077050 0.2089341 -0.3485373 -0.1212039 0.9056367
27.300068 -0.8544391 -0.4326441 0.5494405 0.2119076 -0.3541865 -0.1198176 0.9029346
27.400068 -0.8134218 -0.4328090 0.5922887 0.2157728 -0.3606804 -0.1190855 0.8995390
27.500069 -0.7731510 -0.4333715 0.6338325 0.2180779 -0.3652847 -0.1179670 0.8972697
27.600069 -0.7327734 -0.4339381 0.6762565 0.2205186 -0.3691643 -0.1184885 0.8950138
27.700069 -0.6931136 -0.4332777 0.7188067 0.2242440 -0.3718364 -0.1166098 0.8932270
27.800070 -0.6545295 -0.4330547 0.7621752 0.2280530 -0.3729076 -0.1157030 0.8919330
27.900070 -0.6169183 -0.4310988 0.8049113 0.2325539 -0.3714711 -0.1135902 0.8916419
28.000071 -0.5788991 -0.4305133 0.8474057 0.2349941 -0.3689297 -0.1130006 0.8921320
28.100071 -0.5406420 -0.4296656 0.8887510 0.2339028 -0.3659207 -0.1062677 0.8944824
28.200071 -0.5022063 -0.4282681 0.9291576 0.2332215 -0.3610102 -0.0985802 0.8975307
28.300072 -0.4614340 -0.4253245 0.9668010 0.2341858 -0.3547342 -0.0884557 0.9008309
28.400072 -0.4170952 -0.4257802 0.9985542 0.2307284 -0.3468626 -0.0795194 0.9056088
28.500072 -0.3689007 -0.4272677 1.0270513 0.2258473 -0.3383180 -0.0705696 0.9107984
28.600073 -0.3159476 -0.4305873 1.0555971 0.2188072 -0.3324825 -0.0636176 0.9151675
28.700073 -0.2629211 -0.4346988 1.0832523 0.2121463 -0.3240428 -0.0547099 0.9203244
28.800074 -0.2062913 -0.4410706 1.1115364 0.2043871 -0.3177524 -0.0487038 0.9246011
28.900074 -0.1531947 -0.4386079 1.1424145 0.2048772 -0.3069167 -0.0351426 0.9287586
29.000074 -0.1017900 -0.4365124 1.1652460 0.2039869 -0.2876987 -0.0228708 0.9354655
29.100075 -0.0505582 -0.4359628 1.1752478 0.2010952 -0.2585272 -0.0137203 0.9447413
