1.500000 0.0000000 0.0000000 0.0000000 0.0000000 0.0000000 0.0000000 1.0000000
1.800000 -0.0422069 -0.0023705 0.0176673 0.0236125 0.0207832 -0.0106948 0.9994479
1.900000 -0.0554747 -0.0025137 0.0240336 0.0314936 0.0238150 -0.0116381 0.9991524
2.200000 -0.0987325 -0.0054471 0.0429567 0.0516899 0.0223365 0.0024851 0.9984103
2.600000 -0.1602451 -0.0086958 0.0684255 0.0745823 -0.0016074 0.0554457 0.9956710
3.199999 -0.2557345 -0.0109447 0.1114649 0.0952137 -0.0633807 0.1726036 0.9783278
3.399999 -0.2857556 -0.0107395 0.1273801 0.0973073 -0.0853818 0.2128343 0.9684744
3.699999 -0.3333498 -0.0104889 0.1511869 0.0955280 -0.1127417 0.2694198 0.9516179
3.899998 -0.3634730 -0.0102418 0.1689419 0.0904058 -0.1267838 0.3008245 0.9408811
4.199998 -0.4101518 -0.0088175 0.1945361 0.0783231 -0.1370042 0.3353136 0.9287950
4.399998 -0.4391108 -0.0099586 0.2127156 0.0656811 -0.1375909 0.3518951 0.9235392
4.499998 -0.4542882 -0.0098980 0.2216302 0.0593217 -0.1360897 0.3573351 0.9221020
4.699998 -0.4838974 -0.0106023 0.2419167 0.0449417 -0.1301572 0.3652541 0.9206676
5.299997 -0.5716186 -0.0094712 0.3043943 -0.0009535 -0.0984915 0.3646921 0.9259040
5.499997 -0.6007011 -0.0099471 0.3235816 -0.0158539 -0.0855418 0.3589303 0.9293010
5.699997 -0.6298102 -0.0090986 0.3461764 -0.0289857 -0.0728098 0.3541408 0.9319028
5.899997 -0.6577070 -0.0078120 0.3672507 -0.0405500 -0.0611376 0.3503576 0.9337384
6.899996 -0.6664603 0.0323588 0.4494455 -0.0637471 -0.0337728 0.3401034 0.9376169
7.099996 -0.6302135 0.0430321 0.4448566 -0.0643370 -0.0369129 0.3418314 0.9368294
7.299995 -0.5949975 0.0544239 0.4387695 -0.0630112 -0.0404866 0.3430117 0.9363405
7.699995 -0.5221573 0.0762194 0.4241661 -0.0622684 -0.0548001 0.3488979 0.9334826
8.099995 -0.4460483 0.0969125 0.4071149 -0.0666198 -0.0747823 0.3536718 0.9299923
8.299995 -0.4064062 0.1090707 0.4009961 -0.0717017 -0.0880339 0.3561574 0.9275025
8.499996 -0.3664626 0.1226625 0.3990239 -0.0775704 -0.1023690 0.3574875 0.9250438
8.699997 -0.3269714 0.1379713 0.3996517 -0.0830814 -0.1155920 0.3598579 0.9220836
8.899998 -0.2859386 0.1528956 0.4026555 -0.0907509 -0.1306858 0.3615506 0.9186766
9.099998 -0.2447591 0.1689073 0.4074292 -0.0977444 -0.1459024 0.3627885 0.9151738
9.299999 -0.2035043 0.1856374 0.4121789 -0.1031611 -0.1600447 0.3642124 0.9116429
9.500000 -0.1632360 0.2008602 0.4187429 -0.1100173 -0.1733460 0.3658712 0.9077365
9.700001 -0.1255411 0.2162196 0.4268749 -0.1151745 -0.1853524 0.3668825 0.9043100
9.900002 -0.0894413 0.2315200 0.4367231 -0.1178852 -0.1955820 0.3670267 0.9017439
10.100002 -0.0553455 0.2464530 0.4481026 -0.1188137 -0.2039744 0.3680391 0.8993470
10.300003 -0.0240483 0.2606817 0.4610337 -0.1184270 -0.2092189 0.3687655 0.8978945
10.500004 0.0043265 0.2744067 0.4756434 -0.1164789 -0.2116239 0.3702981 0.8969545
10.700005 0.0288125 0.2866762 0.4923590 -0.1137182 -0.2112219 0.3716764 0.8968334
10.900005 0.0516585 0.2972159 0.5116725 -0.1119100 -0.2110522 0.3712226 0.8972886
11.000006 0.0608471 0.3020042 0.5224059 -0.1105151 -0.2095355 0.3713228 0.8977754
11.200006 0.0782525 0.3114214 0.5435557 -0.1078507 -0.2068779 0.3715804 0.8986088
11.300007 0.0853446 0.3155093 0.5547659 -0.1063915 -0.2046365 0.3713801 0.8993784
11.400007 0.0925544 0.3202315 0.5659183 -0.1044081 -0.2029067 0.3717652 0.8998436
11.500008 0.0991437 0.3242984 0.5775868 -0.1038430 -0.2011579 0.3718902 0.9002499
11.600008 0.1055502 0.3279982 0.5891327 -0.1032116 -0.1991882 0.3710524 0.9011057
11.700008 0.1105550 0.3318135 0.6004112 -0.1018551 -0.1961116 0.3713657 0.9018056
12.100010 0.1294679 0.3459500 0.6465776 -0.1016017 -0.1864522 0.3697610 0.9045382
12.200010 0.1329813 0.3509359 0.6575603 -0.0993214 -0.1835147 0.3704309 0.9051180
12.300011 0.1368592 0.3540746 0.6686500 -0.1005223 -0.1805768 0.3693533 0.9060162
12.500011 0.1454341 0.3608618 0.6907678 -0.1039235 -0.1763935 0.3683823 0.9068516
12.700012 0.1543417 0.3691255 0.7118784 -0.1066762 -0.1717134 0.3668791 0.9080388
12.900013 0.1649793 0.3794257 0.7305492 -0.1078225 -0.1683554 0.3654931 0.9090905
13.300014 0.1942839 0.4027427 0.7552181 -0.1127797 -0.1619423 0.3577644 0.9127212
13.500015 0.2104144 0.4147465 0.7603705 -0.1133664 -0.1563739 0.3520146 0.9158499
13.700016 0.2270969 0.4255407 0.7630709 -0.1135587 -0.1519775 0.3443159 0.9194856
13.800016 0.2355740 0.4303270 0.7641804 -0.1136026 -0.1496970 0.3402864 0.9213525
13.900017 0.2439925 0.4346497 0.7653326 -0.1141951 -0.1475736 0.3346209 0.9236939
14.300018 0.2761811 0.4518261 0.7685908 -0.1090648 -0.1396666 0.3104542 0.9339252
14.400019 0.2834443 0.4555065 0.7690092 -0.1074565 -0.1368594 0.3036872 0.9367479
14.800020 0.3150257 0.4711429 0.7714174 -0.0979111 -0.1302787 0.2743131 0.9477305
15.000021 0.3316822 0.4790785 0.7723355 -0.0937689 -0.1281555 0.2598484 0.9525032
15.600023 0.3850949 0.5037139 0.7751769 -0.0875812 -0.1293867 0.2277739 0.9610971
15.800024 0.4040852 0.5125319 0.7781664 -0.0893991 -0.1337403 0.2221132 0.9616585
16.200026 0.4395942 0.5338117 0.7882561 -0.1004274 -0.1466565 0.2227855 0.9585264
16.400026 0.4591076 0.5443065 0.7949302 -0.1099639 -0.1565383 0.2291398 0.9544101
16.800028 0.4961813 0.5653502 0.8087493 -0.1310920 -0.1772818 0.2525695 0.9421225
17.200029 0.5366874 0.5885602 0.8249421 -0.1490117 -0.1990717 0.2852443 0.9256358
17.400030 0.5562257 0.5997293 0.8338627 -0.1544657 -0.2084085 0.3036308 0.9167958
17.600031 0.5758880 0.6114441 0.8425971 -0.1565895 -0.2170213 0.3228990 0.9078093
18.400034 0.6388836 0.6459147 0.8914384 -0.1087817 -0.2296268 0.3723136 0.8926481
18.800035 0.6639916 0.6622730 0.9191167 -0.0563757 -0.2235734 0.3844901 0.8938703
20.500042 0.7733406 0.7129553 0.9943975 0.1152575 -0.2594367 0.3574544 0.8897385
20.700043 0.7851992 0.7175761 0.9997227 0.1280418 -0.2767022 0.3281324 0.8940752
21.000044 0.8020644 0.7250184 1.0066026 0.1494050 -0.3009365 0.2831893 0.8982868
21.200045 0.8127775 0.7295062 1.0114774 0.1515144 -0.3194515 0.2496524 0.9014809
21.800047 0.8396369 0.7446042 1.0251435 0.1479078 -0.3640344 0.1583685 0.9058265
22.600050 0.8723295 0.7652282 1.0454835 0.1220897 -0.3853739 0.1243856 0.9061508
23.000051 0.8956461 0.7799878 1.0598259 0.1149964 -0.3798325 0.1196543 0.9100472
23.200052 0.9084864 0.7876366 1.0671320 0.1128132 -0.3745819 0.1181784 0.9126859
23.400053 0.9223573 0.7957599 1.0753284 0.1117665 -0.3693337 0.1168222 0.9151248
23.600054 0.9284676 0.8031281 1.0865123 0.1113235 -0.3635488 0.1157662 0.9176260
23.900055 0.9011975 0.7976117 1.0916970 0.1113064 -0.3560874 0.1145285 0.9207040
25.400061 0.7474388 0.7545074 1.0998089 0.0990234 -0.3623669 0.1127771 0.9198728
26.200064 0.6562847 0.7186898 1.0922347 0.0671999 -0.3759124 0.0938979 0.9194331
26.500065 0.6208357 0.7045674 1.0859005 0.0475166 -0.3792578 0.0841482 0.9202308
28.200071 0.5382875 0.5927850 1.0859762 -0.0700772 -0.3399127 0.0341722 0.9372197
28.500072 0.5111552 0.5667922 1.0623651 -0.0811254 -0.3184261 0.0302673 0.9439849
29.100075 0.4521806 0.5677556 1.0113851 -0.0944960 -0.2689492 0.0248408 0.9581857
29.400076 0.4438476 0.5895565 0.9709855 -0.0971679 -0.2452919 0.0232793 0.9642864
30.300079 0.3598681 0.5560764 0.8794180 -0.1073516 -0.1931139 0.0203034 0.9750746
30.500080 0.3318516 0.5431342 0.8776755 -0.1122189 -0.1878217 0.0193195 0.9755802
30.700081 0.3024462 0.5318237 0.8849704 -0.1162715 -0.1839118 0.0174232 0.9758862
30.900082 0.2750214 0.5212107 0.8985472 -0.1184321 -0.1795599 0.0204541 0.9763778
31.100082 0.2538016 0.5081229 0.9197713 -0.1223639 -0.1771776 0.0211876 0.9763126
31.300083 0.2357498 0.4982704 0.9450414 -0.1151745 -0.1683848 0.0226930 0.9787065
31.400084 0.2301080 0.4921421 0.9593310 -0.1151486 -0.1677220 0.0239174 0.9787942
31.500084 0.2249063 0.4851890 0.9730732 -0.1171691 -0.1645454 0.0216942 0.9791453
31.600084 0.2192027 0.4800940 0.9882218 -0.1169807 -0.1552930 0.0208713 0.9806957
31.700085 0.2160910 0.4766505 1.0032003 -0.1157901 -0.1495067 0.0196201 0.9817614
31.900085 0.2346380 0.4847443 1.0219193 -0.1287616 -0.1878238 0.0250883 0.9734029
